    0.000000e+00    1.0000000000e+00    0.0000000000e+00
    2.000000e-02    9.9960031210e-01    3.9968790191e-04
    4.000000e-02    9.9840500505e-01    1.5949949474e-03
    6.000000e-02    9.9642521536e-01    3.5747846394e-03
    8.000000e-02    9.9367931193e-01    6.3206880726e-03
    1.000000e-01    9.9019252886e-01    9.8074711425e-03
    1.200000e-01    9.8599639568e-01    1.4003604321e-02
    1.400000e-01    9.8112802277e-01    1.8871977226e-02
    1.600000e-01    9.7562929281e-01    2.4370707187e-02
    1.800000e-01    9.6954598332e-01    3.0454016678e-02
    2.000000e-01    9.6292683952e-01    3.7073160483e-02
    2.200000e-01    9.5582263584e-01    4.4177364164e-02
    2.400000e-01    9.4828527064e-01    5.1714729360e-02
    2.600000e-01    9.4036693198e-01    5.9633068019e-02
    2.800000e-01    9.3211936105e-01    6.7880638949e-02
    3.000000e-01    9.2359321605e-01    7.6406783954e-02
    3.200000e-01    9.1483753558e-01    8.5162464419e-02
    3.400000e-01    9.0589929944e-01    9.4100700557e-02
    3.600000e-01    8.9682308043e-01    1.0317691957e-01
    3.800000e-01    8.8765078278e-01    1.1234921722e-01
    4.000000e-01    8.7842146532e-01    1.2157853468e-01
    4.200000e-01    8.6917124541e-01    1.3082875459e-01
    4.400000e-01    8.5993327423e-01    1.4006672577e-01
    4.600000e-01    8.5073776908e-01    1.4926223092e-01
    4.800000e-01    8.4161208684e-01    1.5838791316e-01
    5.000000e-01    8.3258082351e-01    1.6741917649e-01
    5.200000e-01    8.2366592948e-01    1.7633407052e-01
    5.400000e-01    8.1488683550e-01    1.8511316450e-01
    5.600000e-01    8.0626058736e-01    1.9373941264e-01
    5.800000e-01    7.9780198819e-01    2.0219801181e-01
    6.000000e-01    7.8952374599e-01    2.1047625401e-01
    6.200000e-01    7.8143662268e-01    2.1856337732e-01
    6.400000e-01    7.7354957946e-01    2.2645042054e-01
    6.600000e-01    7.6586991292e-01    2.3413008708e-01
    6.800000e-01    7.5840337743e-01    2.4159662257e-01
    7.000000e-01    7.5115429224e-01    2.4884570776e-01
    7.200000e-01    7.4412563433e-01    2.5587436567e-01
    7.400000e-01    7.3731912078e-01    2.6268087922e-01
    7.600000e-01    7.3073528567e-01    2.6926471433e-01
    7.800000e-01    7.2437355715e-01    2.7562644285e-01
    8.000000e-01    7.1823233925e-01    2.8176766075e-01
    8.200000e-01    7.1230910162e-01    2.8769089838e-01
    8.400000e-01    7.0660047781e-01    2.9339952219e-01
    8.600000e-01    7.0110237068e-01    2.9889762932e-01
    8.800000e-01    6.9581006108e-01    3.0418993892e-01
    9.000000e-01    6.9071831547e-01    3.0928168453e-01
    9.200000e-01    6.8582148760e-01    3.1417851240e-01
    9.400000e-01    6.8111361018e-01    3.1888638982e-01
    9.600000e-01    6.7658847374e-01    3.2341152626e-01
    9.800000e-01    6.7223969166e-01    3.2776030834e-01
    1.000000e+00    6.6806075172e-01    3.3193924828e-01
    1.020000e+00    6.6404505631e-01    3.3595494369e-01
    1.040000e+00    6.6018595369e-01    3.3981404631e-01
    1.060000e+00    6.5647676345e-01    3.4352323655e-01
    1.080000e+00    6.5291079882e-01    3.4708920118e-01
    1.100000e+00    6.4948138799e-01    3.5051861201e-01
    1.120000e+00    6.4618189596e-01    3.5381810404e-01
    1.140000e+00    6.4300574753e-01    3.5699425247e-01
    1.160000e+00    6.3994645117e-01    3.6005354883e-01
    1.180000e+00    6.3699762368e-01    3.6300237632e-01
    1.200000e+00    6.3415301510e-01    3.6584698490e-01
    1.220000e+00    6.3140653380e-01    3.6859346620e-01
    1.240000e+00    6.2875227147e-01    3.7124772853e-01
    1.260000e+00    6.2618452775e-01    3.7381547225e-01
    1.280000e+00    6.2369783410e-01    3.7630216590e-01
    1.300000e+00    6.2128697600e-01    3.7871302400e-01
    1.320000e+00    6.1894701263e-01    3.8105298737e-01
    1.340000e+00    6.1667329291e-01    3.8332670709e-01
    1.360000e+00    6.1446146664e-01    3.8553853336e-01
    1.380000e+00    6.1230749037e-01    3.8769250963e-01
    1.400000e+00    6.1020762720e-01    3.8979237280e-01
    1.420000e+00    6.0815844088e-01    3.9184155912e-01
    1.440000e+00    6.0615678466e-01    3.9384321534e-01
    1.460000e+00    6.0419978586e-01    3.9580021414e-01
    1.480000e+00    6.0228482747e-01    3.9771517253e-01
    1.500000e+00    6.0040952828e-01    3.9959047172e-01
    1.520000e+00    5.9857172283e-01    4.0142827717e-01
    1.540000e+00    5.9676944222e-01    4.0323055778e-01
    1.560000e+00    5.9500089661e-01    4.0499910339e-01
    1.580000e+00    5.9326445970e-01    4.0673554030e-01
    1.600000e+00    5.9155865539e-01    4.0844134461e-01
    1.620000e+00    5.8988214627e-01    4.1011785373e-01
    1.640000e+00    5.8823372359e-01    4.1176627641e-01
    1.660000e+00    5.8661229846e-01    4.1338770154e-01
    1.680000e+00    5.8501689381e-01    4.1498310619e-01
    1.700000e+00    5.8344663709e-01    4.1655336291e-01
    1.720000e+00    5.8190075337e-01    4.1809924663e-01
    1.740000e+00    5.8037855893e-01    4.1962144107e-01
    1.760000e+00    5.7887945501e-01    4.2112054499e-01
    1.780000e+00    5.7740292187e-01    4.2259707813e-01
    1.800000e+00    5.7594851287e-01    4.2405148713e-01
    1.820000e+00    5.7451584851e-01    4.2548415149e-01
    1.840000e+00    5.7310461033e-01    4.2689538967e-01
    1.860000e+00    5.7171453453e-01    4.2828546547e-01
    1.880000e+00    5.7034540528e-01    4.2965459472e-01
    1.900000e+00    5.6899704762e-01    4.3100295238e-01
    1.920000e+00    5.6766932024e-01    4.3233067976e-01
    1.940000e+00    5.6636210801e-01    4.3363789199e-01
    1.960000e+00    5.6507531484e-01    4.3492468516e-01
    1.980000e+00    5.6380885681e-01    4.3619114319e-01
    2.000000e+00    5.6256265592e-01    4.3743734408e-01
    2.020000e+00    5.6133663461e-01    4.3866336539e-01
    2.040000e+00    5.6013071114e-01    4.3986928886e-01
    2.060000e+00    5.5894479612e-01    4.4105520388e-01
    2.080000e+00    5.5777878998e-01    4.4222121002e-01
    2.100000e+00    5.5663258164e-01    4.4336741836e-01
    2.120000e+00    5.5550604812e-01    4.4449395188e-01
    2.140000e+00    5.5439905507e-01    4.4560094493e-01
    2.160000e+00    5.5331145791e-01    4.4668854209e-01
    2.180000e+00    5.5224310332e-01    4.4775689668e-01
    2.200000e+00    5.5119383079e-01    4.4880616921e-01
    2.220000e+00    5.5016347389e-01    4.4983652611e-01
    2.240000e+00    5.4915186090e-01    4.5084813910e-01
    2.260000e+00    5.4815881480e-01    4.5184118520e-01
    2.280000e+00    5.4718415225e-01    4.5281584775e-01
    2.300000e+00    5.4622768186e-01    4.5377231814e-01
    2.320000e+00    5.4528920180e-01    4.5471079820e-01
    2.340000e+00    5.4436849702e-01    4.5563150298e-01
    2.360000e+00    5.4346533662e-01    4.5653466338e-01
    2.380000e+00    5.4257947155e-01    4.5742052845e-01
    2.400000e+00    5.4171063318e-01    4.5828936682e-01
    2.420000e+00    5.4085853294e-01    4.5914146706e-01
    2.440000e+00    5.4002286327e-01    4.5997713673e-01
    2.460000e+00    5.3920329976e-01    4.6079670024e-01
    2.480000e+00    5.3839950450e-01    4.6160049550e-01
    2.500000e+00    5.3761113018e-01    4.6238886982e-01
    2.520000e+00    5.3683782467e-01    4.6316217533e-01
    2.540000e+00    5.3607923551e-01    4.6392076449e-01
    2.560000e+00    5.3533501421e-01    4.6466498579e-01
    2.580000e+00    5.3460481966e-01    4.6539518034e-01
    2.600000e+00    5.3388832086e-01    4.6611167914e-01
    2.620000e+00    5.3318519866e-01    4.6681480134e-01
    2.640000e+00    5.3249514667e-01    4.6750485333e-01
    2.660000e+00    5.3181787150e-01    4.6818212850e-01
    2.680000e+00    5.3115309251e-01    4.6884690749e-01
    2.700000e+00    5.3050054121e-01    4.6949945879e-01
    2.720000e+00    5.2985996057e-01    4.7014003943e-01
    2.740000e+00    5.2923110432e-01    4.7076889568e-01
    2.760000e+00    5.2861373632e-01    4.7138626368e-01
    2.780000e+00    5.2800762992e-01    4.7199237008e-01
    2.800000e+00    5.2741256739e-01    4.7258743261e-01
    2.820000e+00    5.2682833933e-01    4.7317166067e-01
    2.840000e+00    5.2625474391e-01    4.7374525609e-01
    2.860000e+00    5.2569158604e-01    4.7430841396e-01
    2.880000e+00    5.2513867646e-01    4.7486132354e-01
    2.900000e+00    5.2459583072e-01    4.7540416928e-01
    2.920000e+00    5.2406286819e-01    4.7593713181e-01
    2.940000e+00    5.2353961124e-01    4.7646038876e-01
    2.960000e+00    5.2302588451e-01    4.7697411549e-01
    2.980000e+00    5.2252151449e-01    4.7747848551e-01
    3.000000e+00    5.2202632942e-01    4.7797367058e-01
    3.020000e+00    5.2154015937e-01    4.7845984063e-01
    3.040000e+00    5.2106283673e-01    4.7893716327e-01
    3.060000e+00    5.2059419687e-01    4.7940580313e-01
    3.080000e+00    5.2013407891e-01    4.7986592109e-01
    3.100000e+00    5.1968232660e-01    4.8031767340e-01
    3.120000e+00    5.1923878916e-01    4.8076121084e-01
    3.140000e+00    5.1880332198e-01    4.8119667802e-01
    3.160000e+00    5.1837578717e-01    4.8162421283e-01
    3.180000e+00    5.1795605390e-01    4.8204394610e-01
    3.200000e+00    5.1754399849e-01    4.8245600151e-01
    3.220000e+00    5.1713950430e-01    4.8286049570e-01
    3.240000e+00    5.1674246135e-01    4.8325753865e-01
    3.260000e+00    5.1635276592e-01    4.8364723408e-01
    3.280000e+00    5.1597031981e-01    4.8402968019e-01
    3.300000e+00    5.1559502961e-01    4.8440497039e-01
    3.320000e+00    5.1522680585e-01    4.8477319415e-01
    3.340000e+00    5.1486556206e-01    4.8513443794e-01
    3.360000e+00    5.1451121372e-01    4.8548878628e-01
    3.380000e+00    5.1416367730e-01    4.8583632270e-01
    3.400000e+00    5.1382286921e-01    4.8617713079e-01
    3.420000e+00    5.1348870484e-01    4.8651129516e-01
    3.440000e+00    5.1316109769e-01    4.8683890231e-01
    3.460000e+00    5.1283995864e-01    4.8716004136e-01
    3.480000e+00    5.1252519542e-01    4.8747480458e-01
    3.500000e+00    5.1221671226e-01    4.8778328774e-01
    3.520000e+00    5.1191440977e-01    4.8808559023e-01
    3.540000e+00    5.1161818503e-01    4.8838181497e-01
    3.560000e+00    5.1132793188e-01    4.8867206812e-01
    3.580000e+00    5.1104354137e-01    4.8895645863e-01
    3.600000e+00    5.1076490236e-01    4.8923509764e-01
    3.620000e+00    5.1049190223e-01    4.8950809777e-01
    3.640000e+00    5.1022442760e-01    4.8977557240e-01
    3.660000e+00    5.0996236519e-01    4.9003763481e-01
    3.680000e+00    5.0970560263e-01    4.9029439737e-01
    3.700000e+00    5.0945402929e-01    4.9054597071e-01
    3.720000e+00    5.0920753701e-01    4.9079246299e-01
    3.740000e+00    5.0896602090e-01    4.9103397910e-01
    3.760000e+00    5.0872937987e-01    4.9127062013e-01
    3.780000e+00    5.0849751717e-01    4.9150248283e-01
    3.800000e+00    5.0827034069e-01    4.9172965931e-01
    3.820000e+00    5.0804776309e-01    4.9195223691e-01
    3.840000e+00    5.0782970173e-01    4.9217029827e-01
    3.860000e+00    5.0761607841e-01    4.9238392159e-01
    3.880000e+00    5.0740681893e-01    4.9259318107e-01
    3.900000e+00    5.0720185255e-01    4.9279814745e-01
    3.920000e+00    5.0700111127e-01    4.9299888873e-01
    3.940000e+00    5.0680452920e-01    4.9319547080e-01
    3.960000e+00    5.0661204181e-01    4.9338795819e-01
    3.980000e+00    5.0642358535e-01    4.9357641465e-01
