0.000001114984753969317 1.0000000000000002
0.2791999872891737 0.8655462184873951
0.4049178632543672 0.7504848093083389
0.5323606206339636 0.6354234001292827
0.7166698304359062 0.48868778280543
0.8838093900113534 0.38784744667097626
1.0923695182123003 0.30058177117000706
1.3630499069963342 0.22753716871363971
1.656182743771208 0.17129928894634794
1.9648540080775074 0.12346477052359428
2.2838957455805486 0.08791208791208838
2.606408430622722 0.06464124111182967
2.939286013937867 0.05042016806722727
3.2652674165496633 0.038138332255979845
3.5981427698953006 0.022624434389140857
3.932749694563865 0.010989010989011616
