    0.000000e+00    1.0000000000e+00    0.0000000000e+00
    2.000000e-02    9.9960009999e-01    3.9990000937e-04
    4.000000e-02    9.9840163669e-01    1.5983633141e-03
    6.000000e-02    9.9640831695e-01    3.5916830490e-03
    8.000000e-02    9.9362631635e-01    6.3736836469e-03
    1.000000e-01    9.9006426396e-01    9.9357360366e-03
    1.200000e-01    9.8573320912e-01    1.4266790876e-02
    1.400000e-01    9.8064658292e-01    1.9353417076e-02
    1.600000e-01    9.7482015181e-01    2.5179848192e-02
    1.800000e-01    9.6827197635e-01    3.1728023649e-02
    2.000000e-01    9.6102239293e-01    3.8977607071e-02
    2.200000e-01    9.5309402842e-01    4.6905971582e-02
    2.400000e-01    9.4451184911e-01    5.5488150890e-02
    2.600000e-01    9.3530324632e-01    6.4696753684e-02
    2.800000e-01    9.2549816801e-01    7.4501831988e-02
    3.000000e-01    9.1512929521e-01    8.4870704794e-02
    3.200000e-01    9.0423226047e-01    9.5767739527e-02
    3.400000e-01    8.9284590615e-01    1.0715409385e-01
    3.600000e-01    8.8101257778e-01    1.1898742222e-01
    3.800000e-01    8.6877844298e-01    1.3122155702e-01
    4.000000e-01    8.5619382279e-01    1.4380617721e-01
    4.200000e-01    8.4331352121e-01    1.5668647879e-01
    4.400000e-01    8.3019713653e-01    1.6980286347e-01
    4.600000e-01    8.1690933481e-01    1.8309066519e-01
    4.800000e-01    8.0352006405e-01    1.9647993595e-01
    5.000000e-01    7.9010468714e-01    2.0989531286e-01
    5.200000e-01    7.7674401043e-01    2.2325598957e-01
    5.400000e-01    7.6352418510e-01    2.3647581490e-01
    5.600000e-01    7.5053645958e-01    2.4946354042e-01
    5.800000e-01    7.3787676608e-01    2.6212323392e-01
    6.000000e-01    7.2564512435e-01    2.7435487565e-01
    6.200000e-01    7.1394485038e-01    2.8605514962e-01
    6.400000e-01    7.0288156311e-01    2.9711843689e-01
    6.600000e-01    6.9256198781e-01    3.0743801219e-01
    6.800000e-01    6.8309256135e-01    3.1690743865e-01
    7.000000e-01    6.7457785169e-01    3.2542214831e-01
    7.200000e-01    6.6711881196e-01    3.3288118804e-01
    7.400000e-01    6.6081089685e-01    3.3918910315e-01
    7.600000e-01    6.5574207681e-01    3.4425792319e-01
    7.800000e-01    6.5199079246e-01    3.4800920754e-01
    8.000000e-01    6.4962389808e-01    3.5037610192e-01
    8.200000e-01    6.4869464783e-01    3.5130535217e-01
    8.400000e-01    6.4924078234e-01    3.5075921766e-01
    8.600000e-01    6.5128277549e-01    3.4871722451e-01
