4.440892098500626e-16 0.9981072555205045
0.7573632538569433 0.15772870662460825
1.6409537166900412 -0.747003154574132
2.4684431977559598 -0.10536277602523669
3.3520336605890604 0.49652996845425856
4.151472650771388 0.07255520504731838
5.0210378681626935 -0.33627760252365957
5.834502103786818 -0.05993690851735045
6.718092566619917 0.2201892744479491
7.601683029453013 0.019558359621450805
8.429172510518931 -0.15078864353312316
9.298737727910236 -0.018296529968454545
10.14025245441795 0.09716088328075667
11.009817671809255 0.004416403785488798
11.82328190743338 -0.07129337539432212
12.608695652173907 -0.01829652996845499
13.562412342215985 0.04416403785488954
14.37587657784011 0.006309148264984188
15.245441795231415 -0.03343848580441677
16.199158485273493 -0.0012618296529975925
16.95652173913043 0.019558359621450583
17.88218793828892 0.0006309148264980191
18.892005610098174 -0.01451104100946421
19.73352033660589 -0.0012618296529971484
