    0.000000e+00    1.0000000000e+00    0.0000000000e+00
    5.000000e-02    9.9752038320e-01    2.4796167952e-03
    1.000000e-01    9.9030668838e-01    9.6933116159e-03
    1.500000e-01    9.7892758515e-01    2.1072414853e-02
    2.000000e-01    9.6411195048e-01    3.5888049522e-02
    2.500000e-01    9.4662327780e-01    5.3376722197e-02
    3.000000e-01    9.2718276712e-01    7.2817232878e-02
    3.500000e-01    9.0642661373e-01    9.3573386267e-02
    4.000000e-01    8.8489088309e-01    1.1510911691e-01
    4.500000e-01    8.6301358474e-01    1.3698641526e-01
    5.000000e-01    8.4114475328e-01    1.5885524672e-01
    5.500000e-01    8.1955913362e-01    1.8044086638e-01
    6.000000e-01    7.9846859552e-01    2.0153140448e-01
    6.500000e-01    7.7803320481e-01    2.2196679519e-01
    7.000000e-01    7.5837069171e-01    2.4162930829e-01
    7.500000e-01    7.3956441580e-01    2.6043558420e-01
    8.000000e-01    7.2166996222e-01    2.7833003778e-01
    8.500000e-01    7.0472055701e-01    2.9527944299e-01
    9.000000e-01    6.8873149132e-01    3.1126850868e-01
    9.500000e-01    6.7370372203e-01    3.2629627797e-01
    1.000000e+00    6.5962681277e-01    3.4037318723e-01
    1.050000e+00    6.4648138468e-01    3.5351861532e-01
    1.100000e+00    6.3424112248e-01    3.6575887752e-01
    1.150000e+00    6.2287442334e-01    3.7712557666e-01
    1.200000e+00    6.1234577106e-01    3.8765422894e-01
    1.250000e+00    6.0261687977e-01    3.9738312023e-01
    1.300000e+00    5.9364763971e-01    4.0635236029e-01
    1.350000e+00    5.8539690048e-01    4.1460309952e-01
    1.400000e+00    5.7782311841e-01    4.2217688159e-01
    1.450000e+00    5.7088488596e-01    4.2911511404e-01
    1.500000e+00    5.6454136642e-01    4.3545863358e-01
    1.550000e+00    5.5875264769e-01    4.4124735231e-01
    1.600000e+00    5.5348002064e-01    4.4651997936e-01
    1.650000e+00    5.4868617401e-01    4.5131382599e-01
    1.700000e+00    5.4433533949e-01    4.5566466051e-01
    1.750000e+00    5.4039340167e-01    4.5960659833e-01
    1.800000e+00    5.3682796849e-01    4.6317203151e-01
    1.850000e+00    5.3360841130e-01    4.6639158870e-01
    1.900000e+00    5.3070588206e-01    4.6929411794e-01
    1.950000e+00    5.2809330623e-01    4.7190669377e-01
    2.000000e+00    5.2574535519e-01    4.7425464481e-01
    2.050000e+00    5.2363840645e-01    4.7636159355e-01
    2.100000e+00    5.2175049293e-01    4.7824950707e-01
    2.150000e+00    5.2006124486e-01    4.7993875514e-01
    2.200000e+00    5.1855182594e-01    4.8144817406e-01
    2.250000e+00    5.1720486330e-01    4.8279513670e-01
    2.300000e+00    5.1600437366e-01    4.8399562634e-01
    2.350000e+00    5.1493568623e-01    4.8506431377e-01
    2.400000e+00    5.1398536536e-01    4.8601463464e-01
    2.450000e+00    5.1314113526e-01    4.8685886474e-01
    2.500000e+00    5.1239180641e-01    4.8760819359e-01
    2.550000e+00    5.1172720206e-01    4.8827279794e-01
    2.600000e+00    5.1113808513e-01    4.8886191487e-01
    2.650000e+00    5.1061608761e-01    4.8938391239e-01
    2.700000e+00    5.1015364386e-01    4.8984635614e-01
    2.750000e+00    5.0974392776e-01    4.9025607224e-01
    2.800000e+00    5.0938079287e-01    4.9061920713e-01
    2.850000e+00    5.0905871573e-01    4.9094128427e-01
    2.900000e+00    5.0877274286e-01    4.9122725714e-01
    2.950000e+00    5.0851844145e-01    4.9148155855e-01
    3.000000e+00    5.0829185325e-01    4.9170814675e-01
    3.050000e+00    5.0808945127e-01    4.9191054873e-01
    3.100000e+00    5.0790809889e-01    4.9209190111e-01
    3.150000e+00    5.0774501224e-01    4.9225498776e-01
    3.200000e+00    5.0759772671e-01    4.9240227329e-01
    3.250000e+00    5.0746406551e-01    4.9253593449e-01
    3.300000e+00    5.0734211052e-01    4.9265788948e-01
    3.350000e+00    5.0723017610e-01    4.9276982390e-01
    3.400000e+00    5.0712678464e-01    4.9287321536e-01
    3.450000e+00    5.0703064403e-01    4.9296935597e-01
    3.500000e+00    5.0694062783e-01    4.9305937217e-01
    3.550000e+00    5.0685575769e-01    4.9314424231e-01
    3.600000e+00    5.0677518743e-01    4.9322481257e-01
    3.650000e+00    5.0669818853e-01    4.9330181147e-01
    3.700000e+00    5.0662413645e-01    4.9337586355e-01
    3.750000e+00    5.0655249774e-01    4.9344750226e-01
    3.800000e+00    5.0648281852e-01    4.9351718148e-01
    3.850000e+00    5.0641471432e-01    4.9358528568e-01
    3.900000e+00    5.0634786126e-01    4.9365213874e-01
    3.950000e+00    5.0628198812e-01    4.9371801188e-01
    4.000000e+00    5.0621686945e-01    4.9378313055e-01
    4.050000e+00    5.0615231950e-01    4.9384768050e-01
    4.100000e+00    5.0608818681e-01    4.9391181319e-01
    4.150000e+00    5.0602434931e-01    4.9397565069e-01
    4.200000e+00    5.0596070983e-01    4.9403929017e-01
    4.250000e+00    5.0589719200e-01    4.9410280800e-01
    4.300000e+00    5.0583373671e-01    4.9416626329e-01
    4.350000e+00    5.0577029939e-01    4.9422970061e-01
    4.400000e+00    5.0570684786e-01    4.9429315214e-01
    4.450000e+00    5.0564336051e-01    4.9435663949e-01
    4.500000e+00    5.0557982479e-01    4.9442017521e-01
    4.550000e+00    5.0551623585e-01    4.9448376415e-01
    4.600000e+00    5.0545259526e-01    4.9454740474e-01
    4.650000e+00    5.0538890998e-01    4.9461109002e-01
    4.700000e+00    5.0532519146e-01    4.9467480854e-01
    4.750000e+00    5.0526145477e-01    4.9473854523e-01
    4.800000e+00    5.0519771783e-01    4.9480228217e-01
    4.850000e+00    5.0513400081e-01    4.9486599919e-01
    4.900000e+00    5.0507032554e-01    4.9492967446e-01
    4.950000e+00    5.0500671490e-01    4.9499328510e-01
    5.000000e+00    5.0494319227e-01    4.9505680773e-01
    5.050000e+00    5.0487978127e-01    4.9512021873e-01
    5.100000e+00    5.0481650584e-01    4.9518349416e-01
    5.150000e+00    5.0475339012e-01    4.9524660988e-01
    5.200000e+00    5.0469045837e-01    4.9530954163e-01
    5.250000e+00    5.0462773482e-01    4.9537226518e-01
    5.300000e+00    5.0456524347e-01    4.9543475653e-01
    5.350000e+00    5.0450300800e-01    4.9549699200e-01
    5.400000e+00    5.0444105155e-01    4.9555894845e-01
    5.450000e+00    5.0437939666e-01    4.9562060334e-01
    5.500000e+00    5.0431806512e-01    4.9568193488e-01
    5.550000e+00    5.0425707792e-01    4.9574292208e-01
    5.600000e+00    5.0419645522e-01    4.9580354478e-01
    5.650000e+00    5.0413621630e-01    4.9586378370e-01
    5.700000e+00    5.0407637945e-01    4.9592362055e-01
    5.750000e+00    5.0401696200e-01    4.9598303800e-01
    5.800000e+00    5.0395798036e-01    4.9604201964e-01
    5.850000e+00    5.0389945004e-01    4.9610054996e-01
    5.900000e+00    5.0384138565e-01    4.9615861435e-01
    5.950000e+00    5.0378380089e-01    4.9621619911e-01
    6.000000e+00    5.0372670856e-01    4.9627329144e-01
    6.050000e+00    5.0367012057e-01    4.9632987943e-01
    6.100000e+00    5.0361404792e-01    4.9638595208e-01
    6.150000e+00    5.0355850077e-01    4.9644149923e-01
    6.200000e+00    5.0350348839e-01    4.9649651161e-01
    6.250000e+00    5.0344901927e-01    4.9655098073e-01
    6.300000e+00    5.0339510111e-01    4.9660489889e-01
    6.350000e+00    5.0334174085e-01    4.9665825915e-01
    6.400000e+00    5.0328894474e-01    4.9671105526e-01
    6.450000e+00    5.0323671832e-01    4.9676328168e-01
    6.500000e+00    5.0318506653e-01    4.9681493347e-01
    6.550000e+00    5.0313399367e-01    4.9686600633e-01
    6.600000e+00    5.0308350348e-01    4.9691649652e-01
    6.650000e+00    5.0303359914e-01    4.9696640086e-01
    6.700000e+00    5.0298428331e-01    4.9701571669e-01
    6.750000e+00    5.0293555814e-01    4.9706444186e-01
    6.800000e+00    5.0288742527e-01    4.9711257473e-01
    6.850000e+00    5.0283988589e-01    4.9716011411e-01
    6.900000e+00    5.0279294067e-01    4.9720705933e-01
    6.950000e+00    5.0274658984e-01    4.9725341016e-01
    7.000000e+00    5.0270083319e-01    4.9729916681e-01
    7.050000e+00    5.0265567010e-01    4.9734432990e-01
    7.100000e+00    5.0261109958e-01    4.9738890042e-01
    7.150000e+00    5.0256712031e-01    4.9743287969e-01
    7.200000e+00    5.0252373068e-01    4.9747626932e-01
    7.250000e+00    5.0248092880e-01    4.9751907120e-01
    7.300000e+00    5.0243871252e-01    4.9756128748e-01
    7.350000e+00    5.0239707946e-01    4.9760292054e-01
    7.400000e+00    5.0235602704e-01    4.9764397296e-01
    7.450000e+00    5.0231555248e-01    4.9768444752e-01
    7.500000e+00    5.0227565279e-01    4.9772434721e-01
    7.550000e+00    5.0223632479e-01    4.9776367521e-01
    7.600000e+00    5.0219756513e-01    4.9780243487e-01
    7.650000e+00    5.0215937025e-01    4.9784062975e-01
    7.700000e+00    5.0212173644e-01    4.9787826356e-01
    7.750000e+00    5.0208465997e-01    4.9791534003e-01
    7.800000e+00    5.0204813699e-01    4.9795186301e-01
    7.850000e+00    5.0201216349e-01    4.9798783651e-01
    7.900000e+00    5.0197673528e-01    4.9802326472e-01
    7.950000e+00    5.0194184795e-01    4.9805815205e-01
    8.000000e+00    5.0190749692e-01    4.9809250308e-01
    8.050000e+00    5.0187367745e-01    4.9812632255e-01
    8.100000e+00    5.0184038467e-01    4.9815961533e-01
    8.150000e+00    5.0180761354e-01    4.9819238646e-01
    8.200000e+00    5.0177535890e-01    4.9822464110e-01
    8.250000e+00    5.0174361553e-01    4.9825638447e-01
    8.300000e+00    5.0171237814e-01    4.9828762186e-01
    8.350000e+00    5.0168164139e-01    4.9831835861e-01
    8.400000e+00    5.0165139990e-01    4.9834860010e-01
    8.450000e+00    5.0162164819e-01    4.9837835181e-01
    8.500000e+00    5.0159238072e-01    4.9840761928e-01
    8.550000e+00    5.0156359189e-01    4.9843640811e-01
    8.600000e+00    5.0153527603e-01    4.9846472397e-01
    8.650000e+00    5.0150742741e-01    4.9849257259e-01
    8.700000e+00    5.0148004028e-01    4.9851995972e-01
    8.750000e+00    5.0145310886e-01    4.9854689114e-01
    8.800000e+00    5.0142662734e-01    4.9857337266e-01
    8.850000e+00    5.0140058990e-01    4.9859941010e-01
    8.900000e+00    5.0137499073e-01    4.9862500927e-01
    8.950000e+00    5.0134982400e-01    4.9865017600e-01
    9.000000e+00    5.0132508394e-01    4.9867491606e-01
    9.050000e+00    5.0130076477e-01    4.9869923523e-01
    9.100000e+00    5.0127686080e-01    4.9872313920e-01
    9.150000e+00    5.0125336634e-01    4.9874663366e-01
    9.200000e+00    5.0123027572e-01    4.9876972428e-01
    9.250000e+00    5.0120758330e-01    4.9879241670e-01
    9.300000e+00    5.0118528346e-01    4.9881471654e-01
    9.350000e+00    5.0116337058e-01    4.9883662942e-01
    9.400000e+00    5.0114183907e-01    4.9885816093e-01
    9.450000e+00    5.0112068335e-01    4.9887931665e-01
    9.500000e+00    5.0109989789e-01    4.9890010211e-01
    9.550000e+00    5.0107947718e-01    4.9892052282e-01
    9.600000e+00    5.0105941573e-01    4.9894058427e-01
    9.650000e+00    5.0103970811e-01    4.9896029189e-01
    9.700000e+00    5.0102034891e-01    4.9897965109e-01
    9.750000e+00    5.0100133279e-01    4.9899866721e-01
    9.800000e+00    5.0098265441e-01    4.9901734559e-01
    9.850000e+00    5.0096430851e-01    4.9903569149e-01
    9.900000e+00    5.0094628987e-01    4.9905371013e-01
    9.950000e+00    5.0092859332e-01    4.9907140668e-01
    1.000000e+01    5.0091121373e-01    4.9908878627e-01
    1.005000e+01    5.0089414604e-01    4.9910585396e-01
    1.010000e+01    5.0087738522e-01    4.9912261478e-01
    1.015000e+01    5.0086092632e-01    4.9913907368e-01
    1.020000e+01    5.0084476443e-01    4.9915523557e-01
    1.025000e+01    5.0082889469e-01    4.9917110531e-01
    1.030000e+01    5.0081331231e-01    4.9918668769e-01
    1.035000e+01    5.0079801255e-01    4.9920198745e-01
    1.040000e+01    5.0078299073e-01    4.9921700927e-01
    1.045000e+01    5.0076824224e-01    4.9923175776e-01
    1.050000e+01    5.0075376249e-01    4.9924623751e-01
    1.055000e+01    5.0073954699e-01    4.9926045301e-01
    1.060000e+01    5.0072559128e-01    4.9927440872e-01
    1.065000e+01    5.0071189098e-01    4.9928810902e-01
    1.070000e+01    5.0069844174e-01    4.9930155826e-01
    1.075000e+01    5.0068523931e-01    4.9931476069e-01
    1.080000e+01    5.0067227945e-01    4.9932772055e-01
    1.085000e+01    5.0065955802e-01    4.9934044198e-01
    1.090000e+01    5.0064707091e-01    4.9935292909e-01
    1.095000e+01    5.0063481409e-01    4.9936518591e-01
    1.100000e+01    5.0062278355e-01    4.9937721645e-01
    1.105000e+01    5.0061097539e-01    4.9938902461e-01
    1.110000e+01    5.0059938572e-01    4.9940061428e-01
    1.115000e+01    5.0058801074e-01    4.9941198926e-01
    1.120000e+01    5.0057684669e-01    4.9942315331e-01
    1.125000e+01    5.0056588986e-01    4.9943411014e-01
    1.130000e+01    5.0055513662e-01    4.9944486338e-01
    1.135000e+01    5.0054458337e-01    4.9945541663e-01
    1.140000e+01    5.0053422657e-01    4.9946577343e-01
    1.145000e+01    5.0052406275e-01    4.9947593725e-01
    1.150000e+01    5.0051408849e-01    4.9948591151e-01
    1.155000e+01    5.0050430039e-01    4.9949569961e-01
    1.160000e+01    5.0049469516e-01    4.9950530484e-01
    1.165000e+01    5.0048526952e-01    4.9951473048e-01
    1.170000e+01    5.0047602026e-01    4.9952397974e-01
    1.175000e+01    5.0046694421e-01    4.9953305579e-01
    1.180000e+01    5.0045803826e-01    4.9954196174e-01
    1.185000e+01    5.0044929935e-01    4.9955070065e-01
    1.190000e+01    5.0044072447e-01    4.9955927553e-01
    1.195000e+01    5.0043231064e-01    4.9956768936e-01
    1.200000e+01    5.0042405496e-01    4.9957594504e-01
    1.205000e+01    5.0041595455e-01    4.9958404545e-01
    1.210000e+01    5.0040800659e-01    4.9959199341e-01
    1.215000e+01    5.0040020830e-01    4.9959979170e-01
    1.220000e+01    5.0039255696e-01    4.9960744304e-01
    1.225000e+01    5.0038504988e-01    4.9961495012e-01
    1.230000e+01    5.0037768443e-01    4.9962231557e-01
    1.235000e+01    5.0037045802e-01    4.9962954198e-01
    1.240000e+01    5.0036336809e-01    4.9963663191e-01
    1.245000e+01    5.0035641215e-01    4.9964358785e-01
    1.250000e+01    5.0034958772e-01    4.9965041228e-01
    1.255000e+01    5.0034289238e-01    4.9965710762e-01
    1.260000e+01    5.0033632376e-01    4.9966367624e-01
    1.265000e+01    5.0032987951e-01    4.9967012049e-01
    1.270000e+01    5.0032355734e-01    4.9967644266e-01
    1.275000e+01    5.0031735499e-01    4.9968264501e-01
    1.280000e+01    5.0031127024e-01    4.9968872976e-01
    1.285000e+01    5.0030530090e-01    4.9969469910e-01
    1.290000e+01    5.0029944483e-01    4.9970055517e-01
    1.295000e+01    5.0029369994e-01    4.9970630006e-01
    1.300000e+01    5.0028806415e-01    4.9971193585e-01
    1.305000e+01    5.0028253544e-01    4.9971746456e-01
    1.310000e+01    5.0027711180e-01    4.9972288820e-01
    1.315000e+01    5.0027179128e-01    4.9972820872e-01
    1.320000e+01    5.0026657196e-01    4.9973342804e-01
    1.325000e+01    5.0026145196e-01    4.9973854804e-01
    1.330000e+01    5.0025642940e-01    4.9974357060e-01
    1.335000e+01    5.0025150248e-01    4.9974849752e-01
    1.340000e+01    5.0024666941e-01    4.9975333059e-01
    1.345000e+01    5.0024192843e-01    4.9975807157e-01
    1.350000e+01    5.0023727781e-01    4.9976272219e-01
    1.355000e+01    5.0023271586e-01    4.9976728414e-01
    1.360000e+01    5.0022824093e-01    4.9977175907e-01
    1.365000e+01    5.0022385137e-01    4.9977614863e-01
    1.370000e+01    5.0021954560e-01    4.9978045440e-01
    1.375000e+01    5.0021532202e-01    4.9978467798e-01
    1.380000e+01    5.0021117911e-01    4.9978882089e-01
    1.385000e+01    5.0020711534e-01    4.9979288466e-01
    1.390000e+01    5.0020312922e-01    4.9979687078e-01
    1.395000e+01    5.0019921930e-01    4.9980078070e-01
    1.400000e+01    5.0019538414e-01    4.9980461586e-01
    1.405000e+01    5.0019162232e-01    4.9980837768e-01
    1.410000e+01    5.0018793247e-01    4.9981206753e-01
    1.415000e+01    5.0018431323e-01    4.9981568677e-01
    1.420000e+01    5.0018076327e-01    4.9981923673e-01
    1.425000e+01    5.0017728128e-01    4.9982271872e-01
    1.430000e+01    5.0017386597e-01    4.9982613403e-01
    1.435000e+01    5.0017051609e-01    4.9982948391e-01
    1.440000e+01    5.0016723039e-01    4.9983276961e-01
    1.445000e+01    5.0016400767e-01    4.9983599233e-01
    1.450000e+01    5.0016084672e-01    4.9983915328e-01
    1.455000e+01    5.0015774639e-01    4.9984225361e-01
    1.460000e+01    5.0015470552e-01    4.9984529448e-01
    1.465000e+01    5.0015172299e-01    4.9984827701e-01
    1.470000e+01    5.0014879769e-01    4.9985120231e-01
    1.475000e+01    5.0014592852e-01    4.9985407148e-01
    1.480000e+01    5.0014311444e-01    4.9985688556e-01
    1.485000e+01    5.0014035438e-01    4.9985964562e-01
    1.490000e+01    5.0013764733e-01    4.9986235267e-01
    1.495000e+01    5.0013499228e-01    4.9986500772e-01
