0.000001114984753969317 1.0000000000000002
0.2791999872891737 0.8655462184873951
0.4049178632543672 0.7504848093083389
0.5323639655882255 0.6373626373626375
0.7184370812709598 0.513251454427925
0.8822015819961183 0.4557207498383966
1.089172856922648 0.4473173884938645
1.3514027762562884 0.475113122171959
1.6274083322253148 0.4893341952165674
1.9585576891717973 0.47317388493861556
2.291418547715634 0.4492566257272431
2.6053179755333327 0.43244990303817
2.9295767267002324 0.4214608920491608
3.26418142139929 0.40853264382679655
3.59360924188563 0.3943115707821959
3.9247597138168655 0.37879767291535826
