-1.3322676295501878e-15 1.0000000000000002
0.3442340791738361 0.8745739825662098
0.7401032702237496 0.7630824496141249
1.6351118760757313 0.6469360946088503
2.78829604130809 0.543171839431458
4.406196213425129 0.41849536394425346
6.127366609294321 0.2883975348398147
7.590361445783118 0.18694986397200986
9.827882960413078 0.062261395813671405
11.652323580034423 -0.008225528843474272
13.941480206540444 -0.05859241574591678
15.972461273666092 -0.07488978957302517
18.12392426850258 -0.07338304369550985
20.240963855421676 -0.060262728332680204
22.547332185886386 -0.03862994836488709
25.249569707401033 -0.013908056187888374
28.244406196213436 0.0022920437510352
30.981067125645424 0.005335850313691104
33.21858864027538 0.005292543445666098
35.662650602409634 0.00524523902059304
37.74526678141133 0.0067533174171290344
39.43201376936318 0.0067206707012335
