    0.000000e+00             nan
    2.000000e-02    2.045671e-05
    4.000000e-02    2.602507e-04
    6.000000e-02    1.095687e-03
    8.000000e-02    2.922101e-03
    1.000000e-01    6.059070e-03
    1.200000e-01    1.071219e-02
    1.400000e-01    1.697165e-02
    1.600000e-01    2.482980e-02
    1.800000e-01    3.420512e-02
    2.000000e-01    4.496572e-02
    2.200000e-01    5.694929e-02
    2.400000e-01    6.997864e-02
    2.600000e-01    8.387313e-02
    2.800000e-01    9.845660e-02
    3.000000e-01    1.135626e-01
    3.200000e-01    1.290375e-01
    3.400000e-01    1.447419e-01
    3.600000e-01    1.605515e-01
    3.800000e-01    1.763565e-01
    4.000000e-01    1.920614e-01
    4.200000e-01    2.075834e-01
    4.400000e-01    2.228521e-01
    4.600000e-01    2.378080e-01
    4.800000e-01    2.524014e-01
    5.000000e-01    2.665916e-01
    5.200000e-01    2.803458e-01
    5.400000e-01    2.936382e-01
    5.600000e-01    3.064493e-01
    5.800000e-01    3.187651e-01
    6.000000e-01    3.305761e-01
    6.200000e-01    3.418775e-01
    6.400000e-01    3.526676e-01
    6.600000e-01    3.629482e-01
    6.800000e-01    3.727237e-01
    7.000000e-01    3.820007e-01
    7.200000e-01    3.907879e-01
    7.400000e-01    3.990954e-01
    7.600000e-01    4.069348e-01
    7.800000e-01    4.143187e-01
    8.000000e-01    4.212605e-01
    8.200000e-01    4.277744e-01
    8.400000e-01    4.338749e-01
    8.600000e-01    4.395771e-01
    8.800000e-01    4.448962e-01
    9.000000e-01    4.498473e-01
    9.200000e-01    4.544457e-01
    9.400000e-01    4.587067e-01
    9.600000e-01    4.626454e-01
    9.800000e-01    4.662764e-01
    1.000000e+00    4.696145e-01
    1.020000e+00    4.726739e-01
    1.040000e+00    4.754686e-01
    1.060000e+00    4.780121e-01
    1.080000e+00    4.803177e-01
    1.100000e+00    4.823981e-01
    1.120000e+00    4.842657e-01
    1.140000e+00    4.859325e-01
    1.160000e+00    4.874101e-01
    1.180000e+00    4.887095e-01
    1.200000e+00    4.898414e-01
    1.220000e+00    4.908161e-01
    1.240000e+00    4.916434e-01
    1.260000e+00    4.923327e-01
    1.280000e+00    4.928929e-01
    1.300000e+00    4.933328e-01
    1.320000e+00    4.936603e-01
    1.340000e+00    4.938835e-01
    1.360000e+00    4.940095e-01
    1.380000e+00    4.940457e-01
    1.400000e+00    4.939985e-01
    1.420000e+00    4.938744e-01
    1.440000e+00    4.936793e-01
    1.460000e+00    4.934191e-01
    1.480000e+00    4.930989e-01
    1.500000e+00    4.927240e-01
    1.520000e+00    4.922991e-01
    1.540000e+00    4.918288e-01
    1.560000e+00    4.913172e-01
    1.580000e+00    4.907684e-01
    1.600000e+00    4.901862e-01
    1.620000e+00    4.895740e-01
    1.640000e+00    4.889352e-01
    1.660000e+00    4.882728e-01
    1.680000e+00    4.875897e-01
    1.700000e+00    4.868886e-01
    1.720000e+00    4.861720e-01
    1.740000e+00    4.854422e-01
    1.760000e+00    4.847015e-01
    1.780000e+00    4.839517e-01
    1.800000e+00    4.831948e-01
    1.820000e+00    4.824325e-01
    1.840000e+00    4.816663e-01
    1.860000e+00    4.808978e-01
    1.880000e+00    4.801283e-01
    1.900000e+00    4.793590e-01
    1.920000e+00    4.785910e-01
    1.940000e+00    4.778254e-01
    1.960000e+00    4.770630e-01
    1.980000e+00    4.763048e-01
    2.000000e+00    4.755516e-01
    2.020000e+00    4.748039e-01
    2.040000e+00    4.740625e-01
    2.060000e+00    4.733278e-01
    2.080000e+00    4.726004e-01
    2.100000e+00    4.718808e-01
    2.120000e+00    4.711692e-01
    2.140000e+00    4.704661e-01
    2.160000e+00    4.697716e-01
    2.180000e+00    4.690861e-01
    2.200000e+00    4.684098e-01
    2.220000e+00    4.677428e-01
    2.240000e+00    4.670853e-01
    2.260000e+00    4.664373e-01
    2.280000e+00    4.657990e-01
    2.300000e+00    4.651704e-01
    2.320000e+00    4.645515e-01
    2.340000e+00    4.639424e-01
    2.360000e+00    4.633430e-01
    2.380000e+00    4.627533e-01
    2.400000e+00    4.621732e-01
    2.420000e+00    4.616028e-01
    2.440000e+00    4.610418e-01
    2.460000e+00    4.604904e-01
    2.480000e+00    4.599482e-01
    2.500000e+00    4.594153e-01
    2.520000e+00    4.588916e-01
    2.540000e+00    4.583769e-01
    2.560000e+00    4.578710e-01
    2.580000e+00    4.573740e-01
    2.600000e+00    4.568856e-01
    2.620000e+00    4.564057e-01
    2.640000e+00    4.559342e-01
    2.660000e+00    4.554709e-01
    2.680000e+00    4.550157e-01
    2.700000e+00    4.545684e-01
    2.720000e+00    4.541289e-01
    2.740000e+00    4.536971e-01
    2.760000e+00    4.532728e-01
    2.780000e+00    4.528559e-01
    2.800000e+00    4.524462e-01
    2.820000e+00    4.520435e-01
    2.840000e+00    4.516479e-01
    2.860000e+00    4.512590e-01
    2.880000e+00    4.508767e-01
    2.900000e+00    4.505010e-01
    2.920000e+00    4.501317e-01
    2.940000e+00    4.497687e-01
    2.960000e+00    4.494118e-01
    2.980000e+00    4.490609e-01
    3.000000e+00    4.487159e-01
    3.020000e+00    4.483767e-01
    3.040000e+00    4.480431e-01
    3.060000e+00    4.477151e-01
    3.080000e+00    4.473925e-01
    3.100000e+00    4.470751e-01
    3.120000e+00    4.467630e-01
    3.140000e+00    4.464560e-01
    3.160000e+00    4.461539e-01
    3.180000e+00    4.458568e-01
    3.200000e+00    4.455644e-01
    3.220000e+00    4.452767e-01
    3.240000e+00    4.449936e-01
    3.260000e+00    4.447150e-01
    3.280000e+00    4.444407e-01
    3.300000e+00    4.441708e-01
    3.320000e+00    4.439051e-01
    3.340000e+00    4.436435e-01
    3.360000e+00    4.433860e-01
    3.380000e+00    4.431325e-01
    3.400000e+00    4.428828e-01
    3.420000e+00    4.426370e-01
    3.440000e+00    4.423949e-01
    3.460000e+00    4.421564e-01
    3.480000e+00    4.419216e-01
    3.500000e+00    4.416902e-01
    3.520000e+00    4.414623e-01
    3.540000e+00    4.412378e-01
    3.560000e+00    4.410166e-01
    3.580000e+00    4.407986e-01
    3.600000e+00    4.405839e-01
    3.620000e+00    4.403722e-01
    3.640000e+00    4.401637e-01
    3.660000e+00    4.399581e-01
    3.680000e+00    4.397555e-01
    3.700000e+00    4.395558e-01
    3.720000e+00    4.393589e-01
    3.740000e+00    4.391649e-01
    3.760000e+00    4.389736e-01
    3.780000e+00    4.387849e-01
    3.800000e+00    4.385989e-01
    3.820000e+00    4.384155e-01
    3.840000e+00    4.382347e-01
    3.860000e+00    4.380563e-01
    3.880000e+00    4.378804e-01
    3.900000e+00    4.377070e-01
    3.920000e+00    4.375359e-01
    3.940000e+00    4.373671e-01
    3.960000e+00    4.372006e-01
    3.980000e+00    4.370364e-01
    4.000000e+00    4.368743e-01
    4.020000e+00    4.367145e-01
    4.040000e+00    4.365568e-01
    4.060000e+00    4.364012e-01
    4.080000e+00    4.362477e-01
    4.100000e+00    4.360963e-01
    4.120000e+00    4.359468e-01
    4.140000e+00    4.357994e-01
    4.160000e+00    4.356538e-01
    4.180000e+00    4.355102e-01
    4.200000e+00    4.353685e-01
    4.220000e+00    4.352286e-01
    4.240000e+00    4.350906e-01
    4.260000e+00    4.349543e-01
    4.280000e+00    4.348198e-01
    4.300000e+00    4.346871e-01
    4.320000e+00    4.345561e-01
    4.340000e+00    4.344267e-01
    4.360000e+00    4.342991e-01
    4.380000e+00    4.341730e-01
    4.400000e+00    4.340486e-01
    4.420000e+00    4.339258e-01
    4.440000e+00    4.338045e-01
    4.460000e+00    4.336848e-01
    4.480000e+00    4.335666e-01
    4.500000e+00    4.334499e-01
    4.520000e+00    4.333347e-01
    4.540000e+00    4.332210e-01
    4.560000e+00    4.331087e-01
    4.580000e+00    4.329978e-01
    4.600000e+00    4.328883e-01
    4.620000e+00    4.327802e-01
    4.640000e+00    4.326735e-01
    4.660000e+00    4.325681e-01
    4.680000e+00    4.324640e-01
    4.700000e+00    4.323613e-01
    4.720000e+00    4.322598e-01
    4.740000e+00    4.321596e-01
    4.760000e+00    4.320607e-01
    4.780000e+00    4.319630e-01
    4.800000e+00    4.318666e-01
    4.820000e+00    4.317713e-01
    4.840000e+00    4.316773e-01
    4.860000e+00    4.315844e-01
    4.880000e+00    4.314927e-01
    4.900000e+00    4.314021e-01
    4.920000e+00    4.313126e-01
    4.940000e+00    4.312243e-01
    4.960000e+00    4.311371e-01
    4.980000e+00    4.310509e-01
    5.000000e+00    4.309659e-01
    5.020000e+00    4.308819e-01
    5.040000e+00    4.307989e-01
    5.060000e+00    4.307170e-01
    5.080000e+00    4.306361e-01
    5.100000e+00    4.305562e-01
    5.120000e+00    4.304772e-01
    5.140000e+00    4.303993e-01
    5.160000e+00    4.303224e-01
    5.180000e+00    4.302463e-01
    5.200000e+00    4.301713e-01
    5.220000e+00    4.300972e-01
    5.240000e+00    4.300240e-01
    5.260000e+00    4.299517e-01
    5.280000e+00    4.298803e-01
    5.300000e+00    4.298098e-01
    5.320000e+00    4.297402e-01
    5.340000e+00    4.296714e-01
    5.360000e+00    4.296035e-01
    5.380000e+00    4.295365e-01
    5.400000e+00    4.294703e-01
    5.420000e+00    4.294049e-01
    5.440000e+00    4.293403e-01
    5.460000e+00    4.292766e-01
    5.480000e+00    4.292136e-01
    5.500000e+00    4.291514e-01
    5.520000e+00    4.290901e-01
    5.540000e+00    4.290294e-01
    5.560000e+00    4.289696e-01
    5.580000e+00    4.289105e-01
    5.600000e+00    4.288521e-01
    5.620000e+00    4.287945e-01
    5.640000e+00    4.287376e-01
    5.660000e+00    4.286814e-01
    5.680000e+00    4.286259e-01
    5.700000e+00    4.285711e-01
    5.720000e+00    4.285170e-01
    5.740000e+00    4.284636e-01
    5.760000e+00    4.284109e-01
    5.780000e+00    4.283589e-01
    5.800000e+00    4.283075e-01
    5.820000e+00    4.282567e-01
    5.840000e+00    4.282066e-01
    5.860000e+00    4.281571e-01
    5.880000e+00    4.281083e-01
    5.900000e+00    4.280600e-01
    5.920000e+00    4.280124e-01
    5.940000e+00    4.279654e-01
    5.960000e+00    4.279190e-01
    5.980000e+00    4.278732e-01
    6.000000e+00    4.278279e-01
    6.020000e+00    4.277833e-01
    6.040000e+00    4.277392e-01
    6.060000e+00    4.276956e-01
    6.080000e+00    4.276526e-01
    6.100000e+00    4.276102e-01
    6.120000e+00    4.275683e-01
    6.140000e+00    4.275269e-01
    6.160000e+00    4.274861e-01
    6.180000e+00    4.274458e-01
    6.200000e+00    4.274060e-01
    6.220000e+00    4.273667e-01
    6.240000e+00    4.273279e-01
    6.260000e+00    4.272896e-01
    6.280000e+00    4.272518e-01
    6.300000e+00    4.272145e-01
    6.320000e+00    4.271777e-01
    6.340000e+00    4.271414e-01
    6.360000e+00    4.271055e-01
    6.380000e+00    4.270700e-01
    6.400000e+00    4.270351e-01
    6.420000e+00    4.270006e-01
    6.440000e+00    4.269665e-01
    6.460000e+00    4.269329e-01
    6.480000e+00    4.268997e-01
    6.500000e+00    4.268669e-01
    6.520000e+00    4.268346e-01
    6.540000e+00    4.268027e-01
    6.560000e+00    4.267712e-01
    6.580000e+00    4.267401e-01
    6.600000e+00    4.267094e-01
    6.620000e+00    4.266791e-01
    6.640000e+00    4.266492e-01
    6.660000e+00    4.266197e-01
    6.680000e+00    4.265906e-01
    6.700000e+00    4.265619e-01
    6.720000e+00    4.265335e-01
    6.740000e+00    4.265056e-01
    6.760000e+00    4.264780e-01
    6.780000e+00    4.264507e-01
    6.800000e+00    4.264238e-01
    6.820000e+00    4.263973e-01
    6.840000e+00    4.263711e-01
    6.860000e+00    4.263453e-01
    6.880000e+00    4.263198e-01
    6.900000e+00    4.262947e-01
    6.920000e+00    4.262699e-01
    6.940000e+00    4.262454e-01
    6.960000e+00    4.262212e-01
    6.980000e+00    4.261974e-01
    7.000000e+00    4.261739e-01
    7.020000e+00    4.261507e-01
    7.040000e+00    4.261278e-01
    7.060000e+00    4.261052e-01
    7.080000e+00    4.260829e-01
    7.100000e+00    4.260609e-01
    7.120000e+00    4.260392e-01
    7.140000e+00    4.260179e-01
    7.160000e+00    4.259968e-01
    7.180000e+00    4.259759e-01
    7.200000e+00    4.259554e-01
    7.220000e+00    4.259352e-01
    7.240000e+00    4.259152e-01
    7.260000e+00    4.258955e-01
    7.280000e+00    4.258760e-01
    7.300000e+00    4.258569e-01
    7.320000e+00    4.258380e-01
    7.340000e+00    4.258193e-01
    7.360000e+00    4.258010e-01
    7.380000e+00    4.257828e-01
    7.400000e+00    4.257650e-01
    7.420000e+00    4.257473e-01
    7.440000e+00    4.257299e-01
    7.460000e+00    4.257128e-01
    7.480000e+00    4.256959e-01
    7.500000e+00    4.256793e-01
    7.520000e+00    4.256628e-01
    7.540000e+00    4.256466e-01
    7.560000e+00    4.256307e-01
    7.580000e+00    4.256149e-01
    7.600000e+00    4.255994e-01
    7.620000e+00    4.255841e-01
    7.640000e+00    4.255691e-01
    7.660000e+00    4.255542e-01
    7.680000e+00    4.255396e-01
    7.700000e+00    4.255251e-01
    7.720000e+00    4.255109e-01
    7.740000e+00    4.254969e-01
    7.760000e+00    4.254831e-01
    7.780000e+00    4.254695e-01
    7.800000e+00    4.254561e-01
    7.820000e+00    4.254429e-01
    7.840000e+00    4.254299e-01
    7.860000e+00    4.254171e-01
    7.880000e+00    4.254044e-01
    7.900000e+00    4.253920e-01
    7.920000e+00    4.253797e-01
    7.940000e+00    4.253677e-01
    7.960000e+00    4.253558e-01
    7.980000e+00    4.253440e-01
    8.000000e+00    4.253325e-01
    8.020000e+00    4.253212e-01
    8.040000e+00    4.253100e-01
    8.060000e+00    4.252989e-01
    8.080000e+00    4.252881e-01
    8.100000e+00    4.252774e-01
    8.120000e+00    4.252669e-01
    8.140000e+00    4.252565e-01
    8.160000e+00    4.252463e-01
    8.180000e+00    4.252363e-01
    8.200000e+00    4.252264e-01
    8.220000e+00    4.252167e-01
    8.240000e+00    4.252071e-01
    8.260000e+00    4.251977e-01
    8.280000e+00    4.251884e-01
    8.300000e+00    4.251792e-01
    8.320000e+00    4.251702e-01
    8.340000e+00    4.251614e-01
    8.360000e+00    4.251527e-01
    8.380000e+00    4.251441e-01
    8.400000e+00    4.251357e-01
    8.420000e+00    4.251274e-01
    8.440000e+00    4.251192e-01
    8.460000e+00    4.251112e-01
    8.480000e+00    4.251033e-01
    8.500000e+00    4.250955e-01
    8.520000e+00    4.250879e-01
    8.540000e+00    4.250804e-01
    8.560000e+00    4.250730e-01
    8.580000e+00    4.250657e-01
    8.600000e+00    4.250586e-01
    8.620000e+00    4.250515e-01
    8.640000e+00    4.250446e-01
    8.660000e+00    4.250378e-01
    8.680000e+00    4.250311e-01
    8.700000e+00    4.250246e-01
    8.720000e+00    4.250181e-01
    8.740000e+00    4.250118e-01
    8.760000e+00    4.250055e-01
    8.780000e+00    4.249994e-01
    8.800000e+00    4.249934e-01
    8.820000e+00    4.249875e-01
    8.840000e+00    4.249817e-01
    8.860000e+00    4.249760e-01
    8.880000e+00    4.249703e-01
    8.900000e+00    4.249648e-01
    8.920000e+00    4.249594e-01
    8.940000e+00    4.249541e-01
    8.960000e+00    4.249489e-01
    8.980000e+00    4.249438e-01
    9.000000e+00    4.249388e-01
    9.020000e+00    4.249338e-01
    9.040000e+00    4.249290e-01
    9.060000e+00    4.249242e-01
    9.080000e+00    4.249196e-01
    9.100000e+00    4.249150e-01
    9.120000e+00    4.249105e-01
    9.140000e+00    4.249061e-01
    9.160000e+00    4.249017e-01
    9.180000e+00    4.248975e-01
    9.200000e+00    4.248933e-01
    9.220000e+00    4.248892e-01
    9.240000e+00    4.248852e-01
    9.260000e+00    4.248813e-01
    9.280000e+00    4.248775e-01
    9.300000e+00    4.248737e-01
    9.320000e+00    4.248700e-01
    9.340000e+00    4.248664e-01
    9.360000e+00    4.248628e-01
    9.380000e+00    4.248593e-01
    9.400000e+00    4.248559e-01
    9.420000e+00    4.248526e-01
    9.440000e+00    4.248493e-01
    9.460000e+00    4.248461e-01
    9.480000e+00    4.248430e-01
    9.500000e+00    4.248399e-01
    9.520000e+00    4.248369e-01
    9.540000e+00    4.248339e-01
    9.560000e+00    4.248311e-01
    9.580000e+00    4.248283e-01
    9.600000e+00    4.248255e-01
    9.620000e+00    4.248228e-01
    9.640000e+00    4.248202e-01
    9.660000e+00    4.248176e-01
    9.680000e+00    4.248151e-01
    9.700000e+00    4.248127e-01
    9.720000e+00    4.248103e-01
    9.740000e+00    4.248079e-01
    9.760000e+00    4.248057e-01
    9.780000e+00    4.248034e-01
    9.800000e+00    4.248013e-01
    9.820000e+00    4.247992e-01
    9.840000e+00    4.247971e-01
    9.860000e+00    4.247951e-01
    9.880000e+00    4.247931e-01
    9.900000e+00    4.247912e-01
    9.920000e+00    4.247894e-01
    9.940000e+00    4.247876e-01
    9.960000e+00    4.247858e-01
    9.980000e+00    4.247841e-01
    1.000000e+01    4.247825e-01
    1.002000e+01    4.247809e-01
    1.004000e+01    4.247793e-01
    1.006000e+01    4.247778e-01
    1.008000e+01    4.247763e-01
    1.010000e+01    4.247749e-01
    1.012000e+01    4.247735e-01
    1.014000e+01    4.247722e-01
    1.016000e+01    4.247709e-01
    1.018000e+01    4.247697e-01
    1.020000e+01    4.247685e-01
    1.022000e+01    4.247673e-01
    1.024000e+01    4.247662e-01
    1.026000e+01    4.247651e-01
    1.028000e+01    4.247641e-01
    1.030000e+01    4.247631e-01
    1.032000e+01    4.247621e-01
    1.034000e+01    4.247612e-01
    1.036000e+01    4.247603e-01
    1.038000e+01    4.247595e-01
    1.040000e+01    4.247587e-01
    1.042000e+01    4.247579e-01
    1.044000e+01    4.247572e-01
    1.046000e+01    4.247565e-01
    1.048000e+01    4.247558e-01
    1.050000e+01    4.247552e-01
    1.052000e+01    4.247546e-01
    1.054000e+01    4.247540e-01
    1.056000e+01    4.247535e-01
    1.058000e+01    4.247530e-01
    1.060000e+01    4.247525e-01
    1.062000e+01    4.247521e-01
    1.064000e+01    4.247517e-01
    1.066000e+01    4.247513e-01
    1.068000e+01    4.247510e-01
    1.070000e+01    4.247507e-01
    1.072000e+01    4.247504e-01
    1.074000e+01    4.247501e-01
    1.076000e+01    4.247499e-01
    1.078000e+01    4.247497e-01
    1.080000e+01    4.247495e-01
    1.082000e+01    4.247494e-01
    1.084000e+01    4.247493e-01
    1.086000e+01    4.247492e-01
    1.088000e+01    4.247491e-01
    1.090000e+01    4.247491e-01
    1.092000e+01    4.247491e-01
    1.094000e+01    4.247491e-01
    1.096000e+01    4.247492e-01
    1.098000e+01    4.247492e-01
    1.100000e+01    4.247493e-01
    1.102000e+01    4.247494e-01
    1.104000e+01    4.247496e-01
    1.106000e+01    4.247497e-01
    1.108000e+01    4.247499e-01
    1.110000e+01    4.247501e-01
    1.112000e+01    4.247504e-01
    1.114000e+01    4.247506e-01
    1.116000e+01    4.247509e-01
    1.118000e+01    4.247512e-01
    1.120000e+01    4.247515e-01
    1.122000e+01    4.247518e-01
    1.124000e+01    4.247522e-01
    1.126000e+01    4.247526e-01
    1.128000e+01    4.247530e-01
    1.130000e+01    4.247534e-01
    1.132000e+01    4.247538e-01
    1.134000e+01    4.247543e-01
    1.136000e+01    4.247547e-01
    1.138000e+01    4.247552e-01
    1.140000e+01    4.247557e-01
    1.142000e+01    4.247563e-01
    1.144000e+01    4.247568e-01
    1.146000e+01    4.247574e-01
    1.148000e+01    4.247579e-01
    1.150000e+01    4.247585e-01
    1.152000e+01    4.247591e-01
    1.154000e+01    4.247598e-01
    1.156000e+01    4.247604e-01
    1.158000e+01    4.247610e-01
    1.160000e+01    4.247617e-01
    1.162000e+01    4.247624e-01
    1.164000e+01    4.247631e-01
    1.166000e+01    4.247638e-01
    1.168000e+01    4.247645e-01
    1.170000e+01    4.247653e-01
    1.172000e+01    4.247660e-01
    1.174000e+01    4.247668e-01
    1.176000e+01    4.247676e-01
    1.178000e+01    4.247684e-01
    1.180000e+01    4.247692e-01
    1.182000e+01    4.247700e-01
    1.184000e+01    4.247708e-01
    1.186000e+01    4.247716e-01
    1.188000e+01    4.247725e-01
    1.190000e+01    4.247733e-01
    1.192000e+01    4.247742e-01
    1.194000e+01    4.247751e-01
    1.196000e+01    4.247760e-01
    1.198000e+01    4.247769e-01
    1.200000e+01    4.247778e-01
    1.202000e+01    4.247787e-01
    1.204000e+01    4.247797e-01
    1.206000e+01    4.247806e-01
    1.208000e+01    4.247816e-01
    1.210000e+01    4.247825e-01
    1.212000e+01    4.247835e-01
    1.214000e+01    4.247845e-01
    1.216000e+01    4.247855e-01
    1.218000e+01    4.247865e-01
    1.220000e+01    4.247875e-01
    1.222000e+01    4.247885e-01
    1.224000e+01    4.247895e-01
    1.226000e+01    4.247905e-01
    1.228000e+01    4.247916e-01
    1.230000e+01    4.247926e-01
    1.232000e+01    4.247937e-01
    1.234000e+01    4.247947e-01
    1.236000e+01    4.247958e-01
    1.238000e+01    4.247969e-01
    1.240000e+01    4.247980e-01
    1.242000e+01    4.247990e-01
    1.244000e+01    4.248001e-01
    1.246000e+01    4.248012e-01
    1.248000e+01    4.248023e-01
    1.250000e+01    4.248034e-01
    1.252000e+01    4.248046e-01
    1.254000e+01    4.248057e-01
    1.256000e+01    4.248068e-01
    1.258000e+01    4.248080e-01
    1.260000e+01    4.248091e-01
    1.262000e+01    4.248102e-01
    1.264000e+01    4.248114e-01
    1.266000e+01    4.248125e-01
    1.268000e+01    4.248137e-01
    1.270000e+01    4.248149e-01
    1.272000e+01    4.248160e-01
    1.274000e+01    4.248172e-01
    1.276000e+01    4.248184e-01
    1.278000e+01    4.248196e-01
    1.280000e+01    4.248208e-01
    1.282000e+01    4.248219e-01
    1.284000e+01    4.248231e-01
    1.286000e+01    4.248243e-01
    1.288000e+01    4.248255e-01
    1.290000e+01    4.248267e-01
    1.292000e+01    4.248280e-01
    1.294000e+01    4.248292e-01
    1.296000e+01    4.248304e-01
    1.298000e+01    4.248316e-01
    1.300000e+01    4.248328e-01
    1.302000e+01    4.248341e-01
    1.304000e+01    4.248353e-01
    1.306000e+01    4.248365e-01
    1.308000e+01    4.248377e-01
    1.310000e+01    4.248390e-01
    1.312000e+01    4.248402e-01
    1.314000e+01    4.248415e-01
    1.316000e+01    4.248427e-01
    1.318000e+01    4.248440e-01
    1.320000e+01    4.248452e-01
    1.322000e+01    4.248465e-01
    1.324000e+01    4.248477e-01
    1.326000e+01    4.248490e-01
    1.328000e+01    4.248502e-01
    1.330000e+01    4.248515e-01
    1.332000e+01    4.248527e-01
    1.334000e+01    4.248540e-01
    1.336000e+01    4.248553e-01
    1.338000e+01    4.248565e-01
    1.340000e+01    4.248578e-01
    1.342000e+01    4.248591e-01
    1.344000e+01    4.248603e-01
    1.346000e+01    4.248616e-01
    1.348000e+01    4.248629e-01
    1.350000e+01    4.248641e-01
    1.352000e+01    4.248654e-01
    1.354000e+01    4.248667e-01
    1.356000e+01    4.248680e-01
    1.358000e+01    4.248693e-01
    1.360000e+01    4.248705e-01
    1.362000e+01    4.248718e-01
    1.364000e+01    4.248731e-01
    1.366000e+01    4.248744e-01
    1.368000e+01    4.248756e-01
    1.370000e+01    4.248769e-01
    1.372000e+01    4.248782e-01
    1.374000e+01    4.248795e-01
    1.376000e+01    4.248808e-01
    1.378000e+01    4.248820e-01
    1.380000e+01    4.248833e-01
    1.382000e+01    4.248846e-01
    1.384000e+01    4.248859e-01
    1.386000e+01    4.248872e-01
    1.388000e+01    4.248884e-01
    1.390000e+01    4.248897e-01
    1.392000e+01    4.248910e-01
    1.394000e+01    4.248923e-01
    1.396000e+01    4.248936e-01
    1.398000e+01    4.248948e-01
    1.400000e+01    4.248961e-01
    1.402000e+01    4.248974e-01
    1.404000e+01    4.248987e-01
    1.406000e+01    4.248999e-01
    1.408000e+01    4.249012e-01
    1.410000e+01    4.249025e-01
    1.412000e+01    4.249037e-01
    1.414000e+01    4.249050e-01
    1.416000e+01    4.249063e-01
    1.418000e+01    4.249075e-01
    1.420000e+01    4.249088e-01
    1.422000e+01    4.249101e-01
    1.424000e+01    4.249113e-01
    1.426000e+01    4.249126e-01
    1.428000e+01    4.249139e-01
    1.430000e+01    4.249151e-01
    1.432000e+01    4.249164e-01
    1.434000e+01    4.249176e-01
    1.436000e+01    4.249189e-01
    1.438000e+01    4.249202e-01
    1.440000e+01    4.249214e-01
    1.442000e+01    4.249227e-01
    1.444000e+01    4.249239e-01
    1.446000e+01    4.249252e-01
    1.448000e+01    4.249264e-01
    1.450000e+01    4.249276e-01
    1.452000e+01    4.249289e-01
    1.454000e+01    4.249301e-01
    1.456000e+01    4.249314e-01
    1.458000e+01    4.249326e-01
    1.460000e+01    4.249338e-01
    1.462000e+01    4.249351e-01
    1.464000e+01    4.249363e-01
    1.466000e+01    4.249375e-01
    1.468000e+01    4.249388e-01
    1.470000e+01    4.249400e-01
    1.472000e+01    4.249412e-01
    1.474000e+01    4.249424e-01
    1.476000e+01    4.249437e-01
    1.478000e+01    4.249449e-01
    1.480000e+01    4.249461e-01
    1.482000e+01    4.249473e-01
    1.484000e+01    4.249485e-01
    1.486000e+01    4.249497e-01
    1.488000e+01    4.249509e-01
    1.490000e+01    4.249521e-01
    1.492000e+01    4.249533e-01
    1.494000e+01    4.249545e-01
    1.496000e+01    4.249557e-01
    1.498000e+01    4.249569e-01
