0.000000000000000000e+00
4.999999999999999237e-03
9.999999999999998473e-03
1.499999999999999598e-02
1.999999999999999695e-02
2.499999999999999445e-02
2.999999999999999195e-02
3.499999999999998945e-02
3.999999999999999389e-02
4.499999999999999140e-02
4.999999999999998890e-02
5.499999999999999334e-02
5.999999999999998390e-02
6.499999999999998834e-02
6.999999999999997891e-02
7.499999999999998335e-02
7.999999999999998779e-02
8.499999999999997835e-02
8.999999999999998279e-02
9.499999999999997335e-02
9.999999999999997780e-02
1.049999999999999684e-01
1.099999999999999867e-01
1.149999999999999772e-01
1.199999999999999678e-01
1.249999999999999584e-01
1.299999999999999767e-01
1.349999999999999534e-01
1.399999999999999578e-01
1.449999999999999623e-01
1.499999999999999667e-01
1.549999999999999434e-01
1.599999999999999756e-01
1.649999999999999523e-01
1.699999999999999567e-01
1.749999999999999611e-01
1.799999999999999656e-01
1.849999999999999423e-01
1.899999999999999467e-01
1.949999999999999512e-01
1.999999999999999556e-01
2.049999999999999323e-01
2.099999999999999367e-01
2.149999999999999412e-01
2.199999999999999734e-01
2.249999999999999500e-01
2.299999999999999545e-01
2.349999999999999312e-01
2.399999999999999356e-01
2.449999999999999400e-01
2.499999999999999167e-01
2.549999999999999489e-01
2.599999999999999534e-01
2.649999999999999578e-01
2.699999999999999067e-01
2.749999999999999112e-01
2.799999999999999156e-01
2.849999999999999756e-01
2.899999999999999245e-01
2.949999999999999289e-01
2.999999999999999334e-01
3.049999999999999378e-01
3.099999999999998868e-01
3.149999999999998912e-01
3.199999999999999512e-01
3.249999999999999556e-01
3.299999999999999045e-01
3.349999999999999090e-01
3.399999999999999134e-01
3.449999999999999178e-01
3.499999999999999223e-01
3.549999999999999267e-01
3.599999999999999312e-01
3.649999999999999356e-01
3.699999999999998845e-01
3.749999999999998890e-01
3.799999999999998934e-01
3.849999999999999534e-01
3.899999999999999023e-01
3.949999999999998512e-01
3.999999999999999112e-01
4.049999999999999156e-01
4.099999999999998646e-01
4.149999999999999245e-01
4.199999999999998734e-01
4.249999999999999334e-01
4.299999999999998823e-01
4.349999999999998868e-01
4.399999999999999467e-01
4.449999999999998956e-01
4.499999999999999001e-01
4.549999999999998490e-01
4.599999999999999090e-01
4.649999999999998579e-01
4.699999999999998623e-01
4.749999999999999223e-01
4.799999999999998712e-01
4.849999999999999312e-01
4.899999999999998801e-01
4.949999999999998845e-01
4.999999999999998335e-01
5.049999999999998934e-01
5.099999999999998979e-01
5.149999999999999023e-01
5.199999999999999067e-01
5.249999999999998002e-01
5.299999999999999156e-01
5.349999999999998090e-01
5.399999999999998135e-01
5.449999999999999289e-01
5.499999999999998224e-01
5.549999999999999378e-01
5.599999999999998312e-01
5.649999999999998357e-01
5.699999999999999512e-01
5.749999999999998446e-01
5.799999999999998490e-01
5.849999999999998535e-01
5.899999999999998579e-01
5.949999999999998623e-01
5.999999999999998668e-01
6.049999999999998712e-01
6.099999999999998757e-01
6.149999999999998801e-01
6.199999999999997735e-01
6.249999999999998890e-01
6.299999999999997824e-01
6.349999999999998979e-01
6.399999999999999023e-01
6.449999999999997957e-01
6.499999999999999112e-01
6.549999999999998046e-01
6.599999999999998090e-01
6.649999999999998135e-01
6.699999999999998179e-01
6.749999999999998224e-01
6.799999999999998268e-01
6.849999999999998312e-01
6.899999999999998357e-01
6.949999999999998401e-01
6.999999999999998446e-01
7.049999999999998490e-01
7.099999999999998535e-01
7.149999999999998579e-01
7.199999999999998623e-01
7.249999999999997558e-01
7.299999999999998712e-01
7.349999999999997646e-01
7.399999999999997691e-01
7.449999999999998845e-01
7.499999999999997780e-01
7.549999999999997824e-01
7.599999999999997868e-01
7.649999999999997913e-01
7.699999999999999067e-01
7.749999999999998002e-01
7.799999999999998046e-01
7.849999999999998090e-01
7.899999999999997025e-01
7.949999999999998179e-01
7.999999999999998224e-01
8.049999999999997158e-01
8.099999999999998312e-01
8.149999999999998357e-01
8.199999999999997291e-01
8.249999999999997335e-01
8.299999999999998490e-01
8.349999999999998535e-01
8.399999999999997469e-01
8.449999999999998623e-01
8.499999999999998668e-01
8.549999999999997602e-01
8.599999999999997646e-01
8.649999999999998801e-01
8.699999999999997735e-01
8.749999999999997780e-01
8.799999999999998934e-01
8.849999999999997868e-01
8.899999999999997913e-01
8.949999999999996847e-01
8.999999999999998002e-01
9.049999999999998046e-01
9.099999999999996980e-01
9.149999999999998135e-01
9.199999999999998179e-01
9.249999999999997113e-01
9.299999999999997158e-01
9.349999999999998312e-01
9.399999999999997247e-01
9.449999999999997291e-01
9.499999999999998446e-01
9.549999999999997380e-01
9.599999999999997424e-01
9.649999999999996358e-01
9.699999999999998623e-01
9.749999999999997558e-01
9.799999999999997602e-01
9.849999999999998757e-01
9.899999999999997691e-01
9.949999999999997735e-01
9.999999999999996669e-01
1.004999999999999893e+00
1.009999999999999787e+00
1.014999999999999680e+00
1.019999999999999796e+00
1.024999999999999689e+00
1.029999999999999805e+00
1.034999999999999698e+00
1.039999999999999813e+00
1.044999999999999707e+00
1.049999999999999600e+00
1.054999999999999716e+00
1.059999999999999831e+00
1.064999999999999725e+00
1.069999999999999618e+00
1.074999999999999734e+00
1.079999999999999627e+00
1.084999999999999742e+00
1.089999999999999858e+00
1.094999999999999751e+00
1.099999999999999645e+00
1.104999999999999760e+00
1.109999999999999876e+00
1.114999999999999769e+00
1.119999999999999662e+00
1.124999999999999778e+00
1.129999999999999671e+00
1.134999999999999787e+00
1.139999999999999902e+00
1.144999999999999796e+00
1.149999999999999689e+00
1.154999999999999583e+00
1.159999999999999698e+00
1.164999999999999813e+00
1.169999999999999707e+00
1.174999999999999822e+00
1.179999999999999716e+00
1.184999999999999609e+00
1.189999999999999725e+00
1.194999999999999840e+00
1.199999999999999734e+00
1.204999999999999627e+00
1.209999999999999742e+00
1.214999999999999636e+00
1.219999999999999751e+00
1.224999999999999645e+00
1.229999999999999760e+00
1.234999999999999654e+00
1.239999999999999547e+00
1.244999999999999885e+00
1.249999999999999778e+00
1.254999999999999671e+00
1.259999999999999565e+00
1.264999999999999680e+00
1.269999999999999796e+00
1.274999999999999689e+00
1.279999999999999805e+00
1.284999999999999698e+00
1.289999999999999591e+00
1.294999999999999707e+00
1.299999999999999822e+00
1.304999999999999716e+00
1.309999999999999609e+00
1.314999999999999725e+00
1.319999999999999618e+00
1.324999999999999734e+00
1.329999999999999627e+00
1.334999999999999742e+00
1.339999999999999636e+00
1.344999999999999529e+00
1.349999999999999645e+00
1.354999999999999760e+00
1.359999999999999654e+00
1.364999999999999547e+00
1.369999999999999662e+00
1.374999999999999556e+00
1.379999999999999671e+00
1.384999999999999787e+00
1.389999999999999680e+00
1.394999999999999574e+00
1.399999999999999689e+00
1.404999999999999805e+00
1.409999999999999698e+00
1.414999999999999591e+00
1.419999999999999707e+00
1.424999999999999600e+00
1.429999999999999716e+00
1.434999999999999609e+00
1.439999999999999725e+00
1.444999999999999618e+00
1.449999999999999512e+00
1.454999999999999627e+00
1.459999999999999742e+00
1.464999999999999636e+00
1.469999999999999529e+00
1.474999999999999645e+00
1.479999999999999538e+00
1.484999999999999654e+00
1.489999999999999769e+00
1.494999999999999662e+00
1.499999999999999556e+00
1.504999999999999449e+00
1.509999999999999565e+00
1.514999999999999680e+00
1.519999999999999574e+00
1.524999999999999689e+00
1.529999999999999583e+00
1.534999999999999698e+00
1.539999999999999813e+00
1.544999999999999707e+00
1.549999999999999600e+00
1.554999999999999494e+00
1.559999999999999609e+00
1.564999999999999725e+00
1.569999999999999618e+00
1.574999999999999734e+00
1.579999999999999405e+00
1.584999999999999520e+00
1.589999999999999636e+00
1.594999999999999529e+00
1.599999999999999645e+00
1.604999999999999760e+00
1.609999999999999432e+00
1.614999999999999547e+00
1.619999999999999662e+00
1.624999999999999556e+00
1.629999999999999671e+00
1.634999999999999343e+00
1.639999999999999458e+00
1.644999999999999574e+00
1.649999999999999467e+00
1.654999999999999583e+00
1.659999999999999698e+00
1.664999999999999369e+00
1.669999999999999707e+00
1.674999999999999822e+00
1.679999999999999494e+00
1.684999999999999609e+00
1.689999999999999725e+00
1.694999999999999618e+00
1.699999999999999734e+00
1.704999999999999405e+00
1.709999999999999520e+00
1.714999999999999636e+00
1.719999999999999529e+00
1.724999999999999645e+00
1.729999999999999760e+00
1.734999999999999432e+00
1.739999999999999547e+00
1.744999999999999662e+00
1.749999999999999556e+00
1.754999999999999671e+00
1.759999999999999787e+00
1.764999999999999458e+00
1.769999999999999574e+00
1.774999999999999689e+00
1.779999999999999583e+00
1.784999999999999698e+00
1.789999999999999369e+00
1.794999999999999485e+00
1.799999999999999600e+00
1.804999999999999494e+00
1.809999999999999609e+00
1.814999999999999725e+00
1.819999999999999396e+00
1.824999999999999512e+00
1.829999999999999627e+00
1.834999999999999520e+00
1.839999999999999636e+00
1.844999999999999751e+00
1.849999999999999423e+00
1.854999999999999538e+00
1.859999999999999432e+00
1.864999999999999547e+00
1.869999999999999662e+00
1.874999999999999334e+00
1.879999999999999449e+00
1.884999999999999565e+00
1.889999999999999458e+00
1.894999999999999574e+00
1.899999999999999689e+00
1.904999999999999361e+00
1.909999999999999476e+00
1.914999999999999591e+00
1.919999999999999485e+00
1.924999999999999600e+00
1.929999999999999272e+00
1.934999999999999387e+00
1.939999999999999725e+00
1.944999999999999396e+00
1.949999999999999512e+00
1.954999999999999627e+00
1.959999999999999520e+00
1.964999999999999636e+00
1.969999999999999751e+00
1.974999999999999423e+00
1.979999999999999538e+00
1.984999999999999654e+00
1.989999999999999547e+00
1.994999999999999662e+00
1.999999999999999334e+00
2.004999999999999449e+00
2.009999999999999787e+00
2.014999999999999236e+00
2.019999999999999574e+00
2.024999999999999467e+00
2.029999999999999361e+00
2.034999999999999698e+00
2.039999999999999591e+00
2.044999999999999485e+00
2.049999999999999378e+00
2.054999999999999716e+00
2.059999999999999609e+00
2.064999999999999503e+00
2.069999999999999396e+00
2.074999999999999289e+00
2.079999999999999627e+00
2.084999999999999520e+00
2.089999999999999414e+00
2.094999999999999751e+00
2.099999999999999201e+00
2.104999999999999538e+00
2.109999999999999432e+00
2.114999999999999325e+00
2.119999999999999662e+00
2.124999999999999556e+00
2.129999999999999449e+00
2.134999999999999343e+00
2.139999999999999236e+00
2.144999999999999574e+00
2.149999999999999467e+00
2.154999999999999361e+00
2.159999999999999254e+00
2.164999999999999591e+00
2.169999999999999485e+00
2.174999999999999378e+00
2.179999999999999716e+00
2.184999999999999165e+00
2.189999999999999503e+00
2.194999999999999396e+00
2.199999999999999289e+00
2.204999999999999627e+00
2.209999999999999520e+00
2.214999999999999414e+00
2.219999999999999751e+00
2.224999999999999201e+00
2.229999999999999538e+00
2.234999999999999432e+00
2.239999999999999325e+00
2.244999999999999662e+00
2.249999999999999556e+00
2.254999999999999449e+00
2.259999999999999343e+00
2.264999999999999680e+00
2.269999999999999574e+00
2.274999999999999467e+00
2.279999999999999805e+00
2.284999999999999254e+00
2.289999999999999591e+00
2.294999999999999485e+00
2.299999999999999378e+00
2.304999999999999716e+00
2.309999999999999165e+00
2.314999999999999503e+00
2.319999999999999396e+00
2.324999999999999289e+00
2.329999999999999627e+00
2.334999999999999520e+00
2.339999999999999414e+00
2.344999999999999307e+00
2.349999999999999645e+00
2.354999999999999538e+00
2.359999999999999432e+00
2.364999999999999325e+00
2.369999999999999218e+00
2.374999999999999556e+00
2.379999999999999449e+00
2.384999999999999343e+00
2.389999999999999680e+00
2.394999999999999130e+00
2.399999999999999467e+00
2.404999999999999361e+00
2.409999999999999254e+00
2.414999999999999591e+00
2.419999999999999485e+00
2.424999999999999378e+00
2.429999999999999272e+00
2.434999999999999165e+00
2.439999999999999503e+00
2.444999999999999396e+00
2.449999999999999289e+00
2.454999999999999183e+00
2.459999999999999520e+00
2.464999999999999414e+00
2.469999999999999307e+00
2.474999999999999645e+00
2.479999999999999094e+00
2.484999999999999432e+00
2.489999999999999769e+00
2.494999999999999218e+00
2.499999999999999556e+00
2.504999999999999005e+00
2.509999999999999343e+00
2.514999999999999680e+00
2.519999999999999130e+00
2.524999999999999467e+00
2.529999999999999361e+00
2.534999999999999254e+00
2.539999999999999591e+00
2.544999999999999485e+00
2.549999999999999378e+00
2.554999999999999272e+00
2.559999999999999609e+00
2.564999999999999503e+00
2.569999999999999396e+00
2.574999999999999289e+00
2.579999999999999183e+00
2.584999999999999520e+00
2.589999999999999414e+00
2.594999999999999307e+00
2.599999999999999645e+00
2.604999999999999094e+00
2.609999999999999432e+00
2.614999999999999325e+00
2.619999999999999218e+00
2.624999999999999556e+00
2.629999999999999449e+00
2.634999999999999343e+00
2.639999999999999236e+00
2.644999999999999574e+00
2.649999999999999467e+00
2.654999999999999361e+00
2.659999999999999254e+00
2.664999999999999147e+00
2.669999999999999485e+00
2.674999999999999378e+00
2.679999999999999272e+00
2.684999999999999609e+00
2.689999999999999059e+00
2.694999999999999396e+00
2.699999999999999289e+00
2.704999999999999183e+00
2.709999999999999520e+00
2.714999999999999414e+00
2.719999999999999307e+00
2.724999999999999201e+00
2.729999999999999094e+00
2.734999999999999432e+00
2.739999999999999325e+00
2.744999999999999218e+00
2.749999999999999112e+00
2.754999999999999449e+00
2.759999999999999343e+00
2.764999999999999236e+00
2.769999999999999574e+00
2.774999999999999023e+00
2.779999999999999361e+00
2.784999999999999698e+00
2.789999999999999147e+00
2.794999999999999485e+00
2.799999999999999378e+00
2.804999999999999272e+00
2.809999999999999609e+00
2.814999999999999059e+00
2.819999999999999396e+00
2.824999999999999289e+00
2.829999999999999183e+00
2.834999999999999520e+00
2.839999999999999414e+00
2.844999999999999307e+00
2.849999999999999201e+00
2.854999999999999538e+00
2.859999999999999432e+00
2.864999999999999325e+00
2.869999999999999218e+00
2.874999999999999112e+00
2.879999999999999449e+00
2.884999999999999343e+00
2.889999999999999236e+00
2.894999999999999574e+00
2.899999999999999023e+00
2.904999999999999361e+00
2.909999999999999254e+00
2.914999999999999147e+00
2.919999999999999485e+00
2.924999999999999378e+00
2.929999999999999272e+00
2.934999999999999165e+00
2.939999999999999059e+00
2.944999999999999396e+00
2.949999999999999289e+00
2.954999999999999183e+00
2.959999999999999076e+00
2.964999999999999414e+00
2.969999999999999307e+00
2.974999999999999201e+00
2.979999999999999538e+00
2.984999999999998987e+00
2.989999999999999325e+00
2.994999999999999218e+00
2.999999999999999112e+00
3.004999999999999449e+00
3.009999999999998899e+00
3.014999999999999236e+00
3.019999999999999130e+00
3.024999999999999023e+00
3.029999999999999361e+00
3.034999999999999254e+00
3.039999999999999147e+00
3.044999999999999041e+00
3.049999999999999378e+00
3.054999999999999272e+00
3.059999999999999165e+00
3.064999999999999503e+00
3.069999999999999396e+00
3.074999999999999289e+00
3.079999999999999627e+00
3.084999999999999076e+00
3.089999999999999414e+00
3.094999999999999307e+00
3.099999999999999201e+00
3.104999999999999538e+00
3.109999999999998987e+00
3.114999999999999325e+00
3.119999999999999218e+00
3.124999999999999112e+00
3.129999999999999449e+00
3.134999999999999343e+00
3.139999999999999236e+00
3.144999999999999130e+00
3.149999999999999467e+00
3.154999999999999361e+00
3.159999999999998810e+00
3.164999999999999591e+00
3.169999999999999041e+00
3.174999999999998934e+00
3.179999999999999272e+00
3.184999999999999165e+00
3.189999999999999059e+00
3.194999999999999396e+00
3.199999999999999289e+00
3.204999999999999183e+00
3.209999999999999520e+00
3.214999999999999414e+00
3.219999999999998863e+00
3.224999999999999645e+00
3.229999999999999094e+00
3.234999999999998987e+00
3.239999999999999325e+00
3.244999999999999218e+00
3.249999999999999112e+00
3.254999999999999449e+00
3.259999999999999343e+00
3.264999999999999236e+00
3.269999999999998685e+00
3.274999999999999467e+00
3.279999999999998916e+00
3.284999999999998810e+00
3.289999999999999147e+00
3.294999999999999041e+00
3.299999999999998934e+00
3.304999999999999272e+00
3.309999999999999165e+00
3.314999999999999059e+00
3.319999999999999396e+00
3.324999999999999289e+00
3.329999999999998739e+00
3.334999999999999520e+00
3.339999999999999414e+00
3.344999999999998863e+00
3.349999999999999645e+00
3.354999999999999094e+00
3.359999999999998987e+00
3.364999999999999325e+00
3.369999999999999218e+00
3.374999999999999112e+00
3.379999999999999449e+00
3.384999999999999343e+00
3.389999999999999236e+00
3.394999999999999574e+00
3.399999999999999467e+00
3.404999999999998916e+00
3.409999999999998810e+00
3.414999999999999147e+00
3.419999999999999041e+00
3.424999999999998934e+00
3.429999999999999272e+00
3.434999999999999165e+00
3.439999999999999059e+00
3.444999999999999396e+00
3.449999999999999289e+00
3.454999999999998739e+00
3.459999999999999520e+00
3.464999999999998970e+00
3.469999999999998863e+00
3.474999999999999201e+00
3.479999999999999094e+00
3.484999999999998987e+00
3.489999999999999325e+00
3.494999999999999218e+00
3.499999999999999112e+00
3.504999999999999449e+00
3.509999999999999343e+00
3.514999999999998792e+00
3.519999999999999574e+00
3.524999999999999023e+00
3.529999999999998916e+00
3.534999999999999254e+00
3.539999999999999147e+00
3.544999999999999041e+00
3.549999999999999378e+00
3.554999999999999272e+00
3.559999999999999165e+00
3.564999999999998614e+00
3.569999999999999396e+00
3.574999999999998845e+00
3.579999999999998739e+00
3.584999999999999076e+00
3.589999999999998970e+00
3.594999999999998863e+00
3.599999999999999201e+00
3.604999999999999094e+00
3.609999999999998987e+00
3.614999999999999325e+00
3.619999999999999218e+00
3.624999999999998668e+00
3.629999999999999449e+00
3.634999999999999343e+00
3.639999999999998792e+00
3.644999999999999574e+00
3.649999999999999023e+00
3.654999999999998916e+00
3.659999999999999254e+00
3.664999999999999147e+00
3.669999999999999041e+00
3.674999999999999378e+00
3.679999999999999272e+00
3.684999999999999165e+00
3.689999999999999503e+00
3.694999999999999396e+00
3.699999999999998845e+00
3.704999999999998739e+00
3.709999999999999076e+00
3.714999999999998970e+00
3.719999999999998863e+00
3.724999999999999201e+00
3.729999999999999094e+00
3.734999999999998987e+00
3.739999999999999325e+00
3.744999999999999218e+00
3.749999999999998668e+00
3.754999999999999449e+00
3.759999999999998899e+00
3.764999999999998792e+00
3.769999999999999130e+00
3.774999999999999023e+00
3.779999999999998916e+00
3.784999999999999254e+00
3.789999999999999147e+00
3.794999999999999041e+00
3.799999999999999378e+00
3.804999999999999272e+00
3.809999999999998721e+00
3.814999999999999503e+00
3.819999999999998952e+00
3.824999999999998845e+00
3.829999999999999183e+00
3.834999999999999076e+00
3.839999999999998970e+00
3.844999999999998863e+00
3.849999999999999201e+00
3.854999999999999094e+00
3.859999999999998543e+00
3.864999999999999325e+00
3.869999999999998774e+00
3.874999999999998668e+00
3.879999999999999449e+00
3.884999999999998899e+00
3.889999999999998792e+00
3.894999999999999130e+00
3.899999999999999023e+00
3.904999999999998916e+00
3.909999999999999254e+00
3.914999999999999147e+00
3.919999999999999041e+00
3.924999999999999378e+00
3.929999999999999272e+00
3.934999999999998721e+00
3.939999999999999503e+00
3.944999999999998952e+00
3.949999999999998845e+00
3.954999999999999183e+00
3.959999999999999076e+00
3.964999999999998970e+00
3.969999999999999307e+00
3.974999999999999201e+00
3.979999999999999094e+00
3.984999999999999432e+00
3.989999999999999325e+00
3.994999999999998774e+00
3.999999999999998668e+00
4.004999999999999005e+00
4.009999999999998899e+00
4.014999999999998792e+00
4.019999999999999574e+00
4.024999999999998579e+00
4.029999999999998472e+00
4.034999999999999254e+00
4.039999999999999147e+00
4.044999999999999041e+00
4.049999999999998934e+00
4.054999999999998828e+00
4.059999999999998721e+00
4.064999999999999503e+00
4.069999999999999396e+00
4.074999999999998401e+00
4.079999999999999183e+00
4.084999999999999076e+00
4.089999999999998970e+00
4.094999999999998863e+00
4.099999999999998757e+00
4.104999999999998650e+00
4.109999999999999432e+00
4.114999999999999325e+00
4.119999999999999218e+00
4.124999999999999112e+00
4.129999999999999005e+00
4.134999999999998899e+00
4.139999999999998792e+00
4.144999999999998685e+00
4.149999999999998579e+00
4.154999999999998472e+00
4.159999999999999254e+00
4.164999999999999147e+00
4.169999999999999041e+00
4.174999999999998934e+00
4.179999999999998828e+00
4.184999999999998721e+00
4.189999999999999503e+00
4.194999999999999396e+00
4.199999999999998401e+00
4.204999999999999183e+00
4.209999999999999076e+00
4.214999999999998970e+00
4.219999999999998863e+00
4.224999999999998757e+00
4.229999999999998650e+00
4.234999999999999432e+00
4.239999999999999325e+00
4.244999999999999218e+00
4.249999999999999112e+00
4.254999999999999005e+00
4.259999999999998899e+00
4.264999999999999680e+00
4.269999999999998685e+00
4.274999999999998579e+00
4.279999999999998472e+00
4.284999999999999254e+00
4.289999999999999147e+00
4.294999999999999041e+00
4.299999999999998934e+00
4.304999999999998828e+00
4.309999999999998721e+00
4.314999999999999503e+00
4.319999999999998508e+00
4.324999999999998401e+00
4.329999999999999183e+00
4.334999999999999076e+00
4.339999999999998970e+00
4.344999999999998863e+00
4.349999999999998757e+00
4.354999999999998650e+00
4.359999999999999432e+00
4.364999999999999325e+00
4.369999999999998330e+00
4.374999999999999112e+00
4.379999999999999005e+00
4.384999999999998899e+00
4.389999999999998792e+00
4.394999999999998685e+00
4.399999999999998579e+00
4.404999999999999361e+00
4.409999999999999254e+00
4.414999999999999147e+00
4.419999999999999041e+00
4.424999999999998934e+00
4.429999999999998828e+00
4.434999999999998721e+00
4.439999999999999503e+00
4.444999999999998508e+00
4.449999999999998401e+00
4.454999999999999183e+00
4.459999999999999076e+00
4.464999999999998970e+00
4.469999999999998863e+00
4.474999999999998757e+00
4.479999999999998650e+00
4.484999999999999432e+00
4.489999999999999325e+00
4.494999999999998330e+00
4.499999999999999112e+00
4.504999999999999005e+00
4.509999999999998899e+00
4.514999999999998792e+00
4.519999999999998685e+00
4.524999999999998579e+00
4.529999999999999361e+00
4.534999999999999254e+00
4.539999999999999147e+00
4.544999999999999041e+00
4.549999999999998934e+00
4.554999999999998828e+00
4.559999999999999609e+00
4.564999999999998614e+00
4.569999999999998508e+00
4.574999999999998401e+00
4.579999999999999183e+00
4.584999999999999076e+00
4.589999999999998970e+00
4.594999999999998863e+00
4.599999999999998757e+00
4.604999999999998650e+00
4.609999999999999432e+00
4.614999999999998437e+00
4.619999999999998330e+00
4.624999999999999112e+00
4.629999999999999005e+00
4.634999999999998899e+00
4.639999999999998792e+00
4.644999999999998685e+00
4.649999999999998579e+00
4.654999999999999361e+00
4.659999999999999254e+00
4.664999999999998259e+00
4.669999999999999041e+00
4.674999999999998934e+00
4.679999999999998828e+00
4.684999999999998721e+00
4.689999999999998614e+00
4.694999999999998508e+00
4.699999999999999289e+00
4.704999999999999183e+00
4.709999999999999076e+00
4.714999999999998082e+00
4.719999999999998863e+00
4.724999999999998757e+00
4.729999999999998650e+00
4.734999999999999432e+00
4.739999999999998437e+00
4.744999999999998330e+00
4.749999999999999112e+00
4.754999999999999005e+00
4.759999999999998899e+00
4.764999999999998792e+00
4.769999999999998685e+00
4.774999999999998579e+00
4.779999999999999361e+00
4.784999999999999254e+00
4.789999999999998259e+00
4.794999999999999041e+00
4.799999999999998934e+00
4.804999999999998828e+00
4.809999999999998721e+00
4.814999999999998614e+00
4.819999999999998508e+00
4.824999999999999289e+00
4.829999999999999183e+00
4.834999999999999076e+00
4.839999999999998970e+00
4.844999999999998863e+00
4.849999999999998757e+00
4.854999999999999538e+00
4.859999999999998543e+00
4.864999999999998437e+00
4.869999999999998330e+00
4.874999999999999112e+00
4.879999999999999005e+00
4.884999999999998899e+00
4.889999999999998792e+00
4.894999999999998685e+00
4.899999999999998579e+00
4.904999999999999361e+00
4.909999999999998366e+00
4.914999999999998259e+00
4.919999999999999041e+00
4.924999999999998934e+00
4.929999999999998828e+00
4.934999999999998721e+00
4.939999999999998614e+00
4.944999999999998508e+00
4.949999999999999289e+00
4.954999999999999183e+00
4.959999999999998188e+00
4.964999999999998970e+00
4.969999999999998863e+00
4.974999999999998757e+00
4.979999999999999538e+00
4.984999999999998543e+00
4.989999999999998437e+00
4.994999999999999218e+00
4.999999999999999112e+00
5.004999999999999005e+00
5.009999999999998010e+00
5.014999999999998792e+00
5.019999999999998685e+00
5.024999999999998579e+00
5.029999999999999361e+00
5.034999999999998366e+00
5.039999999999998259e+00
5.044999999999999041e+00
5.049999999999998934e+00
5.054999999999998828e+00
5.059999999999998721e+00
5.064999999999998614e+00
5.069999999999998508e+00
5.074999999999999289e+00
5.079999999999999183e+00
5.084999999999998188e+00
5.089999999999998970e+00
5.094999999999998863e+00
5.099999999999998757e+00
5.104999999999998650e+00
5.109999999999998543e+00
5.114999999999998437e+00
5.119999999999999218e+00
5.124999999999999112e+00
5.129999999999999005e+00
5.134999999999998899e+00
5.139999999999998792e+00
5.144999999999998685e+00
5.149999999999998579e+00
5.154999999999998472e+00
5.159999999999998366e+00
5.164999999999998259e+00
5.169999999999999041e+00
5.174999999999998934e+00
5.179999999999998828e+00
5.184999999999998721e+00
5.189999999999998614e+00
5.194999999999998508e+00
5.199999999999999289e+00
5.204999999999998295e+00
5.209999999999998188e+00
5.214999999999998970e+00
5.219999999999998863e+00
5.224999999999998757e+00
5.229999999999998650e+00
5.234999999999998543e+00
5.239999999999998437e+00
5.244999999999999218e+00
5.249999999999999112e+00
5.254999999999998117e+00
5.259999999999998899e+00
5.264999999999998792e+00
5.269999999999998685e+00
5.274999999999999467e+00
5.279999999999998472e+00
5.284999999999998366e+00
5.289999999999999147e+00
5.294999999999999041e+00
5.299999999999998934e+00
5.304999999999997939e+00
5.309999999999998721e+00
5.314999999999998614e+00
5.319999999999998508e+00
5.324999999999999289e+00
5.329999999999998295e+00
5.334999999999998188e+00
5.339999999999998970e+00
5.344999999999998863e+00
5.349999999999998757e+00
5.354999999999998650e+00
5.359999999999998543e+00
5.364999999999998437e+00
5.369999999999999218e+00
5.374999999999999112e+00
5.379999999999998117e+00
5.384999999999998899e+00
5.389999999999998792e+00
5.394999999999998685e+00
5.399999999999998579e+00
5.404999999999998472e+00
5.409999999999998366e+00
5.414999999999999147e+00
5.419999999999999041e+00
5.424999999999998934e+00
5.429999999999998828e+00
5.434999999999998721e+00
5.439999999999998614e+00
5.444999999999998508e+00
5.449999999999998401e+00
5.454999999999998295e+00
5.459999999999998188e+00
5.464999999999998970e+00
5.469999999999998863e+00
5.474999999999998757e+00
5.479999999999998650e+00
5.484999999999998543e+00
5.489999999999998437e+00
5.494999999999999218e+00
5.499999999999998224e+00
5.504999999999998117e+00
5.509999999999998899e+00
5.514999999999998792e+00
5.519999999999998685e+00
5.524999999999998579e+00
5.529999999999998472e+00
5.534999999999998366e+00
5.539999999999999147e+00
5.544999999999999041e+00
5.549999999999998046e+00
5.554999999999998828e+00
5.559999999999998721e+00
5.564999999999998614e+00
5.569999999999999396e+00
5.574999999999998401e+00
5.579999999999998295e+00
5.584999999999998188e+00
5.589999999999998970e+00
5.594999999999998863e+00
5.599999999999998757e+00
5.604999999999998650e+00
5.609999999999998543e+00
5.614999999999998437e+00
5.619999999999999218e+00
5.624999999999998224e+00
5.629999999999998117e+00
5.634999999999998899e+00
5.639999999999998792e+00
5.644999999999998685e+00
5.649999999999998579e+00
5.654999999999998472e+00
5.659999999999998366e+00
5.664999999999999147e+00
5.669999999999999041e+00
5.674999999999998046e+00
5.679999999999998828e+00
5.684999999999998721e+00
5.689999999999998614e+00
5.694999999999998508e+00
5.699999999999998401e+00
5.704999999999998295e+00
5.709999999999999076e+00
5.714999999999998970e+00
5.719999999999998863e+00
5.724999999999998757e+00
5.729999999999998650e+00
5.734999999999998543e+00
5.739999999999998437e+00
5.744999999999998330e+00
5.749999999999998224e+00
5.754999999999998117e+00
5.759999999999998899e+00
5.764999999999998792e+00
5.769999999999998685e+00
5.774999999999998579e+00
5.779999999999998472e+00
5.784999999999998366e+00
5.789999999999999147e+00
5.794999999999998153e+00
5.799999999999998046e+00
5.804999999999998828e+00
5.809999999999998721e+00
5.814999999999998614e+00
5.819999999999998508e+00
5.824999999999998401e+00
5.829999999999998295e+00
5.834999999999999076e+00
5.839999999999998970e+00
5.844999999999997975e+00
5.849999999999998757e+00
5.854999999999998650e+00
5.859999999999998543e+00
5.864999999999999325e+00
5.869999999999998330e+00
5.874999999999998224e+00
5.879999999999998117e+00
5.884999999999998899e+00
5.889999999999998792e+00
5.894999999999998685e+00
5.899999999999998579e+00
5.904999999999998472e+00
5.909999999999998366e+00
5.914999999999999147e+00
5.919999999999998153e+00
5.924999999999998046e+00
5.929999999999998828e+00
5.934999999999998721e+00
5.939999999999998614e+00
5.944999999999998508e+00
5.949999999999998401e+00
5.954999999999998295e+00
5.959999999999999076e+00
5.964999999999998970e+00
5.969999999999997975e+00
5.974999999999998757e+00
5.979999999999998650e+00
5.984999999999998543e+00
5.989999999999998437e+00
5.994999999999998330e+00
5.999999999999998224e+00
6.004999999999999005e+00
6.009999999999998899e+00
6.014999999999998792e+00
6.019999999999997797e+00
6.024999999999998579e+00
6.029999999999998472e+00
6.034999999999998366e+00
6.039999999999998259e+00
6.044999999999998153e+00
6.049999999999998046e+00
6.054999999999998828e+00
6.059999999999998721e+00
6.064999999999998614e+00
6.069999999999998508e+00
6.074999999999998401e+00
6.079999999999998295e+00
6.084999999999999076e+00
6.089999999999998082e+00
6.094999999999997975e+00
6.099999999999998757e+00
6.104999999999998650e+00
6.109999999999998543e+00
6.114999999999998437e+00
6.119999999999998330e+00
6.124999999999998224e+00
6.129999999999999005e+00
6.134999999999998899e+00
6.139999999999998792e+00
6.144999999999998685e+00
6.149999999999998579e+00
6.154999999999998472e+00
6.159999999999999254e+00
6.164999999999998259e+00
6.169999999999998153e+00
6.174999999999998046e+00
6.179999999999998828e+00
6.184999999999998721e+00
6.189999999999998614e+00
6.194999999999998508e+00
6.199999999999998401e+00
6.204999999999998295e+00
6.209999999999999076e+00
6.214999999999998082e+00
6.219999999999997975e+00
6.224999999999998757e+00
6.229999999999998650e+00
6.234999999999998543e+00
6.239999999999998437e+00
6.244999999999998330e+00
6.249999999999998224e+00
6.254999999999999005e+00
6.259999999999998899e+00
6.264999999999997904e+00
6.269999999999998685e+00
6.274999999999998579e+00
6.279999999999998472e+00
6.284999999999998366e+00
6.289999999999998259e+00
6.294999999999999041e+00
6.299999999999998934e+00
6.304999999999998828e+00
6.309999999999998721e+00
6.314999999999997726e+00
6.319999999999997620e+00
6.324999999999999289e+00
6.329999999999999183e+00
6.334999999999998188e+00
6.339999999999998082e+00
6.344999999999997975e+00
6.349999999999997868e+00
6.354999999999999538e+00
6.359999999999998543e+00
6.364999999999998437e+00
6.369999999999998330e+00
6.374999999999998224e+00
6.379999999999998117e+00
6.384999999999998010e+00
6.389999999999998792e+00
6.394999999999998685e+00
6.399999999999998579e+00
6.404999999999998472e+00
6.409999999999998366e+00
6.414999999999997371e+00
6.419999999999999041e+00
6.424999999999998934e+00
6.429999999999998828e+00
6.434999999999998721e+00
6.439999999999997726e+00
6.444999999999997620e+00
6.449999999999999289e+00
6.454999999999999183e+00
6.459999999999998188e+00
6.464999999999998082e+00
6.469999999999997975e+00
6.474999999999997868e+00
6.479999999999998650e+00
6.484999999999998543e+00
6.489999999999998437e+00
6.494999999999998330e+00
6.499999999999998224e+00
6.504999999999998117e+00
6.509999999999998899e+00
6.514999999999998792e+00
6.519999999999998685e+00
6.524999999999998579e+00
6.529999999999998472e+00
6.534999999999998366e+00
6.539999999999997371e+00
6.544999999999999041e+00
6.549999999999998934e+00
6.554999999999998828e+00
6.559999999999997833e+00
6.564999999999997726e+00
6.569999999999997620e+00
6.574999999999999289e+00
6.579999999999998295e+00
6.584999999999998188e+00
6.589999999999998082e+00
6.594999999999997975e+00
6.599999999999997868e+00
6.604999999999998650e+00
6.609999999999998543e+00
6.614999999999998437e+00
6.619999999999998330e+00
6.624999999999998224e+00
6.629999999999998117e+00
6.634999999999998899e+00
6.639999999999998792e+00
6.644999999999998685e+00
6.649999999999998579e+00
6.654999999999998472e+00
6.659999999999997478e+00
6.664999999999999147e+00
6.669999999999999041e+00
6.674999999999998934e+00
6.679999999999998828e+00
6.684999999999997833e+00
6.689999999999997726e+00
6.694999999999997620e+00
6.699999999999999289e+00
6.704999999999998295e+00
6.709999999999998188e+00
6.714999999999998082e+00
6.719999999999997975e+00
6.724999999999997868e+00
6.729999999999998650e+00
6.734999999999998543e+00
6.739999999999998437e+00
6.744999999999998330e+00
6.749999999999998224e+00
6.754999999999998117e+00
6.759999999999998899e+00
6.764999999999998792e+00
6.769999999999998685e+00
6.774999999999998579e+00
6.779999999999998472e+00
6.784999999999997478e+00
6.789999999999999147e+00
6.794999999999999041e+00
6.799999999999998934e+00
6.804999999999997939e+00
6.809999999999997833e+00
6.814999999999997726e+00
6.819999999999997620e+00
6.824999999999998401e+00
6.829999999999998295e+00
6.834999999999998188e+00
6.839999999999998082e+00
6.844999999999997975e+00
6.849999999999997868e+00
6.854999999999998650e+00
6.859999999999998543e+00
6.864999999999998437e+00
6.869999999999998330e+00
6.874999999999998224e+00
6.879999999999998117e+00
6.884999999999998899e+00
6.889999999999998792e+00
6.894999999999998685e+00
6.899999999999998579e+00
6.904999999999997584e+00
6.909999999999997478e+00
6.914999999999999147e+00
6.919999999999999041e+00
6.924999999999998046e+00
6.929999999999997939e+00
6.934999999999997833e+00
6.939999999999997726e+00
6.944999999999999396e+00
6.949999999999998401e+00
6.954999999999998295e+00
6.959999999999998188e+00
6.964999999999998082e+00
6.969999999999997975e+00
6.974999999999997868e+00
6.979999999999998650e+00
6.984999999999998543e+00
6.989999999999998437e+00
6.994999999999998330e+00
6.999999999999998224e+00
7.004999999999997229e+00
7.009999999999998899e+00
7.014999999999998792e+00
7.019999999999998685e+00
7.024999999999998579e+00
7.029999999999997584e+00
7.034999999999997478e+00
7.039999999999999147e+00
7.044999999999999041e+00
7.049999999999998046e+00
7.054999999999997939e+00
7.059999999999997833e+00
7.064999999999997726e+00
7.069999999999998508e+00
7.074999999999998401e+00
7.079999999999998295e+00
7.084999999999998188e+00
7.089999999999998082e+00
7.094999999999997975e+00
7.099999999999998757e+00
7.104999999999998650e+00
7.109999999999998543e+00
7.114999999999998437e+00
7.119999999999998330e+00
7.124999999999998224e+00
7.129999999999997229e+00
7.134999999999998899e+00
7.139999999999998792e+00
7.144999999999998685e+00
7.149999999999997691e+00
7.154999999999997584e+00
7.159999999999997478e+00
7.164999999999999147e+00
7.169999999999998153e+00
7.174999999999998046e+00
7.179999999999997939e+00
7.184999999999997833e+00
7.189999999999997726e+00
7.194999999999998508e+00
7.199999999999998401e+00
7.204999999999998295e+00
7.209999999999998188e+00
7.214999999999998082e+00
7.219999999999997975e+00
7.224999999999998757e+00
7.229999999999998650e+00
7.234999999999998543e+00
7.239999999999998437e+00
7.244999999999998330e+00
7.249999999999997335e+00
7.254999999999997229e+00
7.259999999999998899e+00
7.264999999999998792e+00
7.269999999999998685e+00
7.274999999999997691e+00
7.279999999999997584e+00
7.284999999999997478e+00
7.289999999999999147e+00
7.294999999999998153e+00
7.299999999999998046e+00
7.304999999999997939e+00
7.309999999999997833e+00
7.314999999999997726e+00
7.319999999999998508e+00
7.324999999999998401e+00
7.329999999999998295e+00
7.334999999999998188e+00
7.339999999999998082e+00
7.344999999999997975e+00
7.349999999999998757e+00
7.354999999999998650e+00
7.359999999999998543e+00
7.364999999999998437e+00
7.369999999999998330e+00
7.374999999999997335e+00
7.379999999999999005e+00
7.384999999999998899e+00
7.389999999999998792e+00
7.394999999999997797e+00
7.399999999999997691e+00
7.404999999999997584e+00
7.409999999999997478e+00
7.414999999999998259e+00
7.419999999999998153e+00
7.424999999999998046e+00
7.429999999999997939e+00
7.434999999999997833e+00
7.439999999999997726e+00
7.444999999999998508e+00
7.449999999999998401e+00
7.454999999999998295e+00
7.459999999999998188e+00
7.464999999999998082e+00
7.469999999999997975e+00
7.474999999999998757e+00
7.479999999999998650e+00
7.484999999999998543e+00
7.489999999999998437e+00
7.494999999999997442e+00
7.499999999999997335e+00
7.504999999999999005e+00
7.509999999999998899e+00
7.514999999999998792e+00
7.519999999999997797e+00
7.524999999999997691e+00
7.529999999999997584e+00
7.534999999999999254e+00
7.539999999999998259e+00
7.544999999999998153e+00
7.549999999999998046e+00
7.554999999999997939e+00
7.559999999999997833e+00
7.564999999999997726e+00
7.569999999999998508e+00
7.574999999999998401e+00
7.579999999999998295e+00
7.584999999999998188e+00
7.589999999999998082e+00
7.594999999999997975e+00
7.599999999999998757e+00
7.604999999999998650e+00
7.609999999999998543e+00
7.614999999999998437e+00
7.619999999999997442e+00
7.624999999999997335e+00
7.629999999999999005e+00
7.634999999999998899e+00
7.639999999999997904e+00
7.644999999999997797e+00
7.649999999999997691e+00
7.654999999999997584e+00
7.659999999999998366e+00
7.664999999999998259e+00
7.669999999999998153e+00
7.674999999999998046e+00
7.679999999999997939e+00
7.684999999999997833e+00
7.689999999999997726e+00
7.694999999999998508e+00
7.699999999999998401e+00
7.704999999999998295e+00
7.709999999999998188e+00
7.714999999999998082e+00
7.719999999999997087e+00
7.724999999999998757e+00
7.729999999999998650e+00
7.734999999999998543e+00
7.739999999999997549e+00
7.744999999999997442e+00
7.749999999999997335e+00
7.754999999999999005e+00
7.759999999999998899e+00
7.764999999999997904e+00
7.769999999999997797e+00
7.774999999999997691e+00
7.779999999999997584e+00
7.784999999999998366e+00
7.789999999999998259e+00
7.794999999999998153e+00
7.799999999999998046e+00
7.804999999999997939e+00
7.809999999999997833e+00
7.814999999999998614e+00
7.819999999999998508e+00
7.824999999999998401e+00
7.829999999999998295e+00
7.834999999999998188e+00
7.839999999999998082e+00
7.844999999999997087e+00
7.849999999999998757e+00
7.854999999999998650e+00
7.859999999999998543e+00
7.864999999999997549e+00
7.869999999999997442e+00
7.874999999999997335e+00
7.879999999999999005e+00
7.884999999999998010e+00
7.889999999999997904e+00
7.894999999999997797e+00
7.899999999999997691e+00
7.904999999999997584e+00
7.909999999999998366e+00
7.914999999999998259e+00
7.919999999999998153e+00
7.924999999999998046e+00
7.929999999999997939e+00
7.934999999999997833e+00
7.939999999999998614e+00
7.944999999999998508e+00
7.949999999999998401e+00
7.954999999999998295e+00
7.959999999999998188e+00
7.964999999999997193e+00
7.969999999999998863e+00
7.974999999999998757e+00
7.979999999999998650e+00
7.984999999999997655e+00
7.989999999999997549e+00
7.994999999999997442e+00
7.999999999999997335e+00
8.004999999999999005e+00
8.009999999999998010e+00
8.014999999999998792e+00
8.019999999999997797e+00
8.024999999999996803e+00
8.029999999999997584e+00
8.034999999999998366e+00
8.039999999999999147e+00
8.044999999999998153e+00
8.049999999999997158e+00
8.054999999999997939e+00
8.059999999999996945e+00
8.064999999999999503e+00
8.069999999999998508e+00
8.074999999999997513e+00
8.079999999999998295e+00
8.084999999999997300e+00
8.089999999999998082e+00
8.094999999999998863e+00
8.099999999999997868e+00
8.104999999999998650e+00
8.109999999999997655e+00
8.114999999999998437e+00
8.119999999999997442e+00
8.124999999999996447e+00
8.129999999999999005e+00
8.134999999999998010e+00
8.139999999999998792e+00
8.144999999999997797e+00
8.149999999999996803e+00
8.154999999999997584e+00
8.159999999999998366e+00
8.164999999999999147e+00
8.169999999999998153e+00
8.174999999999997158e+00
8.179999999999997939e+00
8.184999999999996945e+00
8.189999999999997726e+00
8.194999999999998508e+00
8.199999999999997513e+00
8.204999999999998295e+00
8.209999999999997300e+00
8.214999999999998082e+00
8.219999999999998863e+00
8.224999999999997868e+00
8.229999999999998650e+00
8.234999999999997655e+00
8.239999999999998437e+00
8.244999999999997442e+00
8.249999999999998224e+00
8.254999999999999005e+00
8.259999999999998010e+00
8.264999999999998792e+00
8.269999999999997797e+00
8.274999999999996803e+00
8.279999999999997584e+00
8.284999999999998366e+00
8.289999999999997371e+00
8.294999999999998153e+00
8.299999999999997158e+00
8.304999999999997939e+00
8.309999999999996945e+00
8.314999999999997726e+00
8.319999999999998508e+00
8.324999999999997513e+00
8.329999999999998295e+00
8.334999999999997300e+00
8.339999999999998082e+00
8.344999999999998863e+00
8.349999999999997868e+00
8.354999999999998650e+00
8.359999999999997655e+00
8.364999999999998437e+00
8.369999999999997442e+00
8.374999999999998224e+00
8.379999999999999005e+00
8.384999999999998010e+00
8.389999999999998792e+00
8.394999999999997797e+00
8.399999999999996803e+00
8.404999999999999361e+00
8.409999999999998366e+00
8.414999999999997371e+00
8.419999999999998153e+00
8.424999999999997158e+00
8.429999999999997939e+00
8.434999999999996945e+00
8.439999999999997726e+00
8.444999999999998508e+00
8.449999999999997513e+00
8.454999999999998295e+00
8.459999999999997300e+00
8.464999999999998082e+00
8.469999999999998863e+00
8.474999999999997868e+00
8.479999999999998650e+00
8.484999999999997655e+00
8.489999999999998437e+00
8.494999999999997442e+00
8.499999999999998224e+00
8.504999999999999005e+00
8.509999999999998010e+00
8.514999999999997016e+00
8.519999999999997797e+00
8.524999999999996803e+00
8.529999999999999361e+00
8.534999999999998366e+00
8.539999999999997371e+00
8.544999999999998153e+00
8.549999999999997158e+00
8.554999999999997939e+00
8.559999999999996945e+00
8.564999999999997726e+00
8.569999999999998508e+00
8.574999999999997513e+00
8.579999999999998295e+00
8.584999999999997300e+00
8.589999999999998082e+00
8.594999999999998863e+00
8.599999999999997868e+00
8.604999999999998650e+00
8.609999999999997655e+00
8.614999999999996660e+00
8.619999999999997442e+00
8.624999999999998224e+00
8.629999999999999005e+00
8.634999999999998010e+00
8.639999999999997016e+00
8.644999999999997797e+00
8.649999999999996803e+00
8.654999999999999361e+00
8.659999999999998366e+00
8.664999999999997371e+00
8.669999999999998153e+00
8.674999999999997158e+00
8.679999999999997939e+00
8.684999999999998721e+00
8.689999999999997726e+00
8.694999999999998508e+00
8.699999999999997513e+00
8.704999999999998295e+00
8.709999999999997300e+00
8.714999999999998082e+00
8.719999999999998863e+00
8.724999999999997868e+00
8.729999999999998650e+00
8.734999999999997655e+00
8.739999999999996660e+00
8.744999999999997442e+00
8.749999999999998224e+00
8.754999999999999005e+00
8.759999999999998010e+00
8.764999999999997016e+00
8.769999999999997797e+00
8.774999999999996803e+00
8.779999999999997584e+00
8.784999999999998366e+00
8.789999999999997371e+00
8.794999999999998153e+00
8.799999999999997158e+00
8.804999999999997939e+00
8.809999999999998721e+00
8.814999999999997726e+00
8.819999999999998508e+00
8.824999999999997513e+00
8.829999999999998295e+00
8.834999999999997300e+00
8.839999999999998082e+00
8.844999999999998863e+00
8.849999999999997868e+00
8.854999999999998650e+00
8.859999999999997655e+00
8.864999999999996660e+00
8.869999999999997442e+00
8.874999999999998224e+00
8.879999999999999005e+00
8.884999999999998010e+00
8.889999999999997016e+00
8.894999999999997797e+00
8.899999999999996803e+00
8.904999999999997584e+00
8.909999999999998366e+00
8.914999999999997371e+00
8.919999999999998153e+00
8.924999999999997158e+00
8.929999999999997939e+00
8.934999999999998721e+00
8.939999999999997726e+00
8.944999999999998508e+00
8.949999999999997513e+00
8.954999999999998295e+00
8.959999999999997300e+00
8.964999999999998082e+00
8.969999999999998863e+00
8.974999999999997868e+00
8.979999999999998650e+00
8.984999999999997655e+00
8.989999999999996660e+00
8.994999999999997442e+00
8.999999999999998224e+00
9.004999999999997229e+00
9.009999999999998010e+00
9.014999999999997016e+00
9.019999999999997797e+00
9.024999999999996803e+00
9.029999999999997584e+00
9.034999999999998366e+00
9.039999999999997371e+00
9.044999999999998153e+00
9.049999999999997158e+00
9.054999999999997939e+00
9.059999999999998721e+00
9.064999999999997726e+00
9.069999999999998508e+00
9.074999999999997513e+00
9.079999999999998295e+00
9.084999999999997300e+00
9.089999999999998082e+00
9.094999999999998863e+00
9.099999999999997868e+00
9.104999999999996874e+00
9.109999999999997655e+00
9.114999999999996660e+00
9.119999999999999218e+00
9.124999999999998224e+00
9.129999999999997229e+00
9.134999999999998010e+00
9.139999999999997016e+00
9.144999999999997797e+00
9.149999999999996803e+00
9.154999999999997584e+00
9.159999999999998366e+00
9.164999999999997371e+00
9.169999999999998153e+00
9.174999999999997158e+00
9.179999999999997939e+00
9.184999999999998721e+00
9.189999999999997726e+00
9.194999999999998508e+00
9.199999999999997513e+00
9.204999999999996518e+00
9.209999999999997300e+00
9.214999999999998082e+00
9.219999999999998863e+00
9.224999999999997868e+00
9.229999999999996874e+00
9.234999999999997655e+00
9.239999999999996660e+00
9.244999999999999218e+00
9.249999999999998224e+00
9.254999999999997229e+00
9.259999999999998010e+00
9.264999999999997016e+00
9.269999999999997797e+00
9.274999999999998579e+00
9.279999999999997584e+00
9.284999999999998366e+00
9.289999999999997371e+00
9.294999999999998153e+00
9.299999999999997158e+00
9.304999999999997939e+00
9.309999999999998721e+00
9.314999999999997726e+00
9.319999999999998508e+00
9.324999999999997513e+00
9.329999999999996518e+00
9.334999999999997300e+00
9.339999999999998082e+00
9.344999999999998863e+00
9.349999999999997868e+00
9.354999999999996874e+00
9.359999999999997655e+00
9.364999999999996660e+00
9.369999999999997442e+00
9.374999999999998224e+00
9.379999999999997229e+00
9.384999999999998010e+00
9.389999999999997016e+00
9.394999999999997797e+00
9.399999999999998579e+00
9.404999999999997584e+00
9.409999999999998366e+00
9.414999999999997371e+00
9.419999999999998153e+00
9.424999999999997158e+00
9.429999999999996163e+00
9.434999999999998721e+00
9.439999999999997726e+00
9.444999999999998508e+00
9.449999999999997513e+00
9.454999999999996518e+00
9.459999999999997300e+00
9.464999999999998082e+00
9.469999999999998863e+00
9.474999999999997868e+00
9.479999999999996874e+00
9.484999999999997655e+00
9.489999999999996660e+00
9.494999999999997442e+00
9.499999999999998224e+00
9.504999999999997229e+00
9.509999999999998010e+00
9.514999999999997016e+00
9.519999999999997797e+00
9.524999999999998579e+00
9.529999999999997584e+00
9.534999999999998366e+00
9.539999999999997371e+00
9.544999999999998153e+00
9.549999999999997158e+00
9.554999999999997939e+00
9.559999999999998721e+00
9.564999999999997726e+00
9.569999999999998508e+00
9.574999999999997513e+00
9.579999999999996518e+00
9.584999999999997300e+00
9.589999999999998082e+00
9.594999999999997087e+00
9.599999999999997868e+00
9.604999999999996874e+00
9.609999999999997655e+00
9.614999999999996660e+00
9.619999999999997442e+00
9.624999999999998224e+00
9.629999999999997229e+00
9.634999999999998010e+00
9.639999999999997016e+00
9.644999999999997797e+00
9.649999999999998579e+00
9.654999999999997584e+00
9.659999999999998366e+00
9.664999999999997371e+00
9.669999999999998153e+00
9.674999999999997158e+00
9.679999999999997939e+00
9.684999999999998721e+00
9.689999999999997726e+00
9.694999999999996732e+00
9.699999999999997513e+00
9.704999999999996518e+00
9.709999999999999076e+00
9.714999999999998082e+00
9.719999999999997087e+00
9.724999999999997868e+00
9.729999999999996874e+00
9.734999999999997655e+00
9.739999999999996660e+00
9.744999999999997442e+00
9.749999999999998224e+00
9.754999999999997229e+00
9.759999999999998010e+00
9.764999999999997016e+00
9.769999999999997797e+00
9.774999999999998579e+00
9.779999999999997584e+00
9.784999999999998366e+00
9.789999999999997371e+00
9.794999999999998153e+00
9.799999999999997158e+00
9.804999999999997939e+00
9.809999999999998721e+00
9.814999999999997726e+00
9.819999999999996732e+00
9.824999999999997513e+00
9.829999999999996518e+00
9.834999999999999076e+00
9.839999999999998082e+00
9.844999999999997087e+00
9.849999999999997868e+00
9.854999999999996874e+00
9.859999999999997655e+00
9.864999999999996660e+00
9.869999999999997442e+00
9.874999999999998224e+00
9.879999999999997229e+00
9.884999999999998010e+00
9.889999999999997016e+00
9.894999999999997797e+00
9.899999999999998579e+00
9.904999999999997584e+00
9.909999999999998366e+00
9.914999999999997371e+00
9.919999999999996376e+00
9.924999999999997158e+00
9.929999999999997939e+00
9.934999999999998721e+00
9.939999999999997726e+00
9.944999999999996732e+00
9.949999999999997513e+00
9.954999999999996518e+00
9.959999999999999076e+00
9.964999999999998082e+00
9.969999999999997087e+00
9.974999999999997868e+00
9.979999999999996874e+00
9.984999999999997655e+00
9.989999999999998437e+00
9.994999999999997442e+00
9.999999999999998224e+00
