    0.000000e+00    1.0000000000e+00    0.0000000000e+00
    2.000000e-02    9.9960031210e-01    3.9968790436e-04
    4.000000e-02    9.9840500502e-01    1.5949949793e-03
    6.000000e-02    9.9642521528e-01    3.5747847215e-03
    8.000000e-02    9.9367931219e-01    6.3206878146e-03
    1.000000e-01    9.9019253230e-01    9.8074676980e-03
    1.200000e-01    9.8599642286e-01    1.4003577143e-02
    1.400000e-01    9.8112814868e-01    1.8871851318e-02
    1.600000e-01    9.7562967421e-01    2.4370325791e-02
    1.800000e-01    9.6954686404e-01    3.0453135956e-02
    2.000000e-01    9.6292856752e-01    3.7071432478e-02
    2.200000e-01    9.5582572723e-01    4.4174272772e-02
    2.400000e-01    9.4829053110e-01    5.1709468901e-02
    2.600000e-01    9.4037563165e-01    5.9624368347e-02
    2.800000e-01    9.3213344062e-01    6.7866559381e-02
    3.000000e-01    9.2361550489e-01    7.6384495108e-02
    3.200000e-01    9.1487197876e-01    8.5128021237e-02
    3.400000e-01    9.0595120333e-01    9.4048796672e-02
    3.600000e-01    8.9689939481e-01    1.0310060519e-01
    3.800000e-01    8.8776043342e-01    1.1223956658e-01
    4.000000e-01    8.7857573455e-01    1.2142426545e-01
    4.200000e-01    8.6938418006e-01    1.3061581994e-01
    4.400000e-01    8.6022209116e-01    1.3977790884e-01
    4.600000e-01    8.5112322820e-01    1.4887677180e-01
    4.800000e-01    8.4211880865e-01    1.5788119135e-01
    5.000000e-01    8.3323753990e-01    1.6676246010e-01
    5.200000e-01    8.2450566635e-01    1.7549433365e-01
    5.400000e-01    8.1594703051e-01    1.8405296949e-01
    5.600000e-01    8.0758314685e-01    1.9241685315e-01
    5.800000e-01    7.9943328361e-01    2.0056671639e-01
    6.000000e-01    7.9151454422e-01    2.0848545578e-01
    6.200000e-01    7.8384193811e-01    2.1615806189e-01
    6.400000e-01    7.7642843314e-01    2.2357156686e-01
    6.600000e-01    7.6928498800e-01    2.3071501200e-01
    6.800000e-01    7.6242057137e-01    2.3757942863e-01
    7.000000e-01    7.5584218070e-01    2.4415781930e-01
    7.200000e-01    7.4955487575e-01    2.5044512425e-01
    7.400000e-01    7.4356183847e-01    2.5643816153e-01
    7.600000e-01    7.3786446313e-01    2.6213553687e-01
    7.800000e-01    7.3246247158e-01    2.6753752842e-01
    8.000000e-01    7.2735404191e-01    2.7264595809e-01
    8.200000e-01    7.2253593723e-01    2.7746406277e-01
    8.400000e-01    7.1800362412e-01    2.8199637588e-01
    8.600000e-01    7.1375137623e-01    2.8624862377e-01
    8.800000e-01    7.0977236463e-01    2.9022763537e-01
    9.000000e-01    7.0605874106e-01    2.9394125894e-01
    9.200000e-01    7.0260172097e-01    2.9739827903e-01
    9.400000e-01    6.9939167202e-01    3.0060832798e-01
    9.600000e-01    6.9641821026e-01    3.0358178974e-01
    9.800000e-01    6.9367030291e-01    3.0632969709e-01
    1.000000e+00    6.9113637431e-01    3.0886362569e-01
    1.020000e+00    6.8880441075e-01    3.1119558925e-01
    1.040000e+00    6.8666206108e-01    3.1333793892e-01
    1.060000e+00    6.8469673184e-01    3.1530326816e-01
    1.080000e+00    6.8289567822e-01    3.1710432178e-01
    1.100000e+00    6.8124609309e-01    3.1875390691e-01
    1.120000e+00    6.7973519697e-01    3.2026480303e-01
    1.140000e+00    6.7835033094e-01    3.2164966906e-01
    1.160000e+00    6.7707905304e-01    3.2292094696e-01
    1.180000e+00    6.7590923705e-01    3.2409076295e-01
    1.200000e+00    6.7482917084e-01    3.2517082916e-01
    1.220000e+00    6.7382765034e-01    3.2617234966e-01
    1.240000e+00    6.7289406369e-01    3.2710593631e-01
    1.260000e+00    6.7201846022e-01    3.2798153978e-01
    1.280000e+00    6.7119159846e-01    3.2880840154e-01
    1.300000e+00    6.7040496857e-01    3.2959503143e-01
    1.320000e+00    6.6965078623e-01    3.3034921377e-01
    1.340000e+00    6.6892195803e-01    3.3107804197e-01
    1.360000e+00    6.6821202163e-01    3.3178797837e-01
    1.380000e+00    6.6751506790e-01    3.3248493210e-01
    1.400000e+00    6.6682565521e-01    3.3317434479e-01
    1.420000e+00    6.6613872776e-01    3.3386127224e-01
    1.440000e+00    6.6544954961e-01    3.3455045039e-01
    1.460000e+00    6.6475366373e-01    3.3524633627e-01
    1.480000e+00    6.6404688147e-01    3.3595311853e-01
    1.500000e+00    6.6332530305e-01    3.3667469695e-01
    1.520000e+00    6.6258536480e-01    3.3741463520e-01
    1.540000e+00    6.6182390499e-01    3.3817609501e-01
    1.560000e+00    6.6103823756e-01    3.3896176244e-01
    1.580000e+00    6.6022622260e-01    3.3977377740e-01
    1.600000e+00    6.5938632321e-01    3.4061367679e-01
    1.620000e+00    6.5851764055e-01    3.4148235945e-01
    1.640000e+00    6.5761992227e-01    3.4238007773e-01
    1.660000e+00    6.5669354206e-01    3.4330645794e-01
    1.680000e+00    6.5573945176e-01    3.4426054824e-01
    1.700000e+00    6.5475910963e-01    3.4524089037e-01
    1.720000e+00    6.5375439023e-01    3.4624560977e-01
    1.740000e+00    6.5272748262e-01    3.4727251738e-01
    1.760000e+00    6.5168078328e-01    3.4831921672e-01
    1.780000e+00    6.5061678981e-01    3.4938321019e-01
    1.800000e+00    6.4953800017e-01    3.5046199983e-01
    1.820000e+00    6.4844682062e-01    3.5155317938e-01
    1.840000e+00    6.4734548430e-01    3.5265451570e-01
    1.860000e+00    6.4623598133e-01    3.5376401867e-01
    1.880000e+00    6.4512000111e-01    3.5487999889e-01
    1.900000e+00    6.4399888754e-01    3.5600111246e-01
    1.920000e+00    6.4287360906e-01    3.5712639094e-01
    1.940000e+00    6.4174474569e-01    3.5825525431e-01
    1.960000e+00    6.4061249583e-01    3.5938750417e-01
    1.980000e+00    6.3947670491e-01    3.6052329509e-01
    2.000000e+00    6.3833691619e-01    3.6166308381e-01
    2.020000e+00    6.3719244183e-01    3.6280755817e-01
    2.040000e+00    6.3604244939e-01    3.6395755061e-01
    2.060000e+00    6.3488605690e-01    3.6511394310e-01
    2.080000e+00    6.3372242822e-01    3.6627757178e-01
    2.100000e+00    6.3255086068e-01    3.6744913932e-01
    2.120000e+00    6.3137085837e-01    3.6862914163e-01
    2.140000e+00    6.3018218661e-01    3.6981781339e-01
    2.160000e+00    6.2898490585e-01    3.7101509415e-01
    2.180000e+00    6.2777938551e-01    3.7222061449e-01
    2.200000e+00    6.2656630011e-01    3.7343369989e-01
    2.220000e+00    6.2534661102e-01    3.7465338898e-01
    2.240000e+00    6.2412153741e-01    3.7587846259e-01
    2.260000e+00    6.2289251960e-01    3.7710748040e-01
    2.280000e+00    6.2166117769e-01    3.7833882231e-01
    2.300000e+00    6.2042926757e-01    3.7957073243e-01
    2.320000e+00    6.1919863608e-01    3.8080136392e-01
    2.340000e+00    6.1797117688e-01    3.8202882312e-01
    2.360000e+00    6.1674878801e-01    3.8325121199e-01
    2.380000e+00    6.1553333244e-01    3.8446666756e-01
    2.400000e+00    6.1432660222e-01    3.8567339778e-01
    2.420000e+00    6.1313028703e-01    3.8686971297e-01
    2.440000e+00    6.1194594748e-01    3.8805405252e-01
    2.460000e+00    6.1077499362e-01    3.8922500638e-01
    2.480000e+00    6.0961866915e-01    3.9038133085e-01
    2.500000e+00    6.0847804168e-01    3.9152195832e-01
    2.520000e+00    6.0735399945e-01    3.9264600055e-01
    2.540000e+00    6.0624725459e-01    3.9375274541e-01
    2.560000e+00    6.0515835253e-01    3.9484164747e-01
    2.580000e+00    6.0408768653e-01    3.9591231347e-01
    2.600000e+00    6.0303551576e-01    3.9696448424e-01
    2.620000e+00    6.0200198492e-01    3.9799801508e-01
    2.640000e+00    6.0098714322e-01    3.9901285678e-01
    2.660000e+00    5.9999096082e-01    4.0000903918e-01
    2.680000e+00    5.9901334123e-01    4.0098665877e-01
    2.700000e+00    5.9805412896e-01    4.0194587104e-01
    2.720000e+00    5.9711311247e-01    4.0288688753e-01
    2.740000e+00    5.9619002328e-01    4.0380997672e-01
    2.760000e+00    5.9528453251e-01    4.0471546749e-01
    2.780000e+00    5.9439624650e-01    4.0560375350e-01
    2.800000e+00    5.9352470287e-01    4.0647529713e-01
    2.820000e+00    5.9266936831e-01    4.0733063169e-01
    2.840000e+00    5.9182963883e-01    4.0817036117e-01
    2.860000e+00    5.9100484272e-01    4.0899515728e-01
    2.880000e+00    5.9019424644e-01    4.0980575356e-01
    2.900000e+00    5.8939706309e-01    4.1060293691e-01
    2.920000e+00    5.8861246318e-01    4.1138753682e-01
    2.940000e+00    5.8783958738e-01    4.1216041262e-01
    2.960000e+00    5.8707756063e-01    4.1292243937e-01
    2.980000e+00    5.8632550711e-01    4.1367449289e-01
    3.000000e+00    5.8558256523e-01    4.1441743477e-01
    3.020000e+00    5.8484790184e-01    4.1515209816e-01
    3.040000e+00    5.8412072487e-01    4.1587927513e-01
    3.060000e+00    5.8340029366e-01    4.1659970634e-01
    3.080000e+00    5.8268592650e-01    4.1731407350e-01
    3.100000e+00    5.8197700543e-01    4.1802299457e-01
    3.120000e+00    5.8127297844e-01    4.1872702156e-01
    3.140000e+00    5.8057335986e-01    4.1942664014e-01
    3.160000e+00    5.7987772966e-01    4.2012227034e-01
    3.180000e+00    5.7918573255e-01    4.2081426745e-01
    3.200000e+00    5.7849707740e-01    4.2150292260e-01
    3.220000e+00    5.7781153731e-01    4.2218846269e-01
    3.240000e+00    5.7712895020e-01    4.2287104980e-01
    3.260000e+00    5.7644921956e-01    4.2355078044e-01
    3.280000e+00    5.7577231459e-01    4.2422768541e-01
    3.300000e+00    5.7509826906e-01    4.2490173094e-01
    3.320000e+00    5.7442717805e-01    4.2557282195e-01
    3.340000e+00    5.7375919173e-01    4.2624080827e-01
    3.360000e+00    5.7309450598e-01    4.2690549402e-01
    3.380000e+00    5.7243334930e-01    4.2756665070e-01
    3.400000e+00    5.7177596659e-01    4.2822403341e-01
    3.420000e+00    5.7112260029e-01    4.2887739971e-01
    3.440000e+00    5.7047347013e-01    4.2952652987e-01
    3.460000e+00    5.6982875294e-01    4.3017124706e-01
    3.480000e+00    5.6918856417e-01    4.3081143583e-01
    3.500000e+00    5.6855294268e-01    4.3144705732e-01
    3.520000e+00    5.6792184005e-01    4.3207815995e-01
    3.540000e+00    5.6729511512e-01    4.3270488488e-01
    3.560000e+00    5.6667253391e-01    4.3332746609e-01
    3.580000e+00    5.6605377461e-01    4.3394622539e-01
    3.600000e+00    5.6543843657e-01    4.3456156343e-01
    3.620000e+00    5.6482605230e-01    4.3517394770e-01
    3.640000e+00    5.6421610140e-01    4.3578389860e-01
    3.660000e+00    5.6360802528e-01    4.3639197472e-01
    3.680000e+00    5.6300124197e-01    4.3699875803e-01
    3.700000e+00    5.6239516068e-01    4.3760483932e-01
    3.720000e+00    5.6178919568e-01    4.3821080432e-01
    3.740000e+00    5.6118277946e-01    4.3881722054e-01
    3.760000e+00    5.6057537512e-01    4.3942462488e-01
    3.780000e+00    5.5996648796e-01    4.4003351204e-01
    3.800000e+00    5.5935567622e-01    4.4064432378e-01
    3.820000e+00    5.5874256107e-01    4.4125743893e-01
    3.840000e+00    5.5812683573e-01    4.4187316427e-01
    3.860000e+00    5.5750827373e-01    4.4249172627e-01
    3.880000e+00    5.5688673620e-01    4.4311326380e-01
    3.900000e+00    5.5626217775e-01    4.4373782225e-01
    3.920000e+00    5.5563465087e-01    4.4436534913e-01
    3.940000e+00    5.5500430829e-01    4.4499569171e-01
    3.960000e+00    5.5437140307e-01    4.4562859693e-01
    3.980000e+00    5.5373628630e-01    4.4626371370e-01
