    0.000000e+00             nan
    5.000000e-02    5.786577e-04
    1.000000e-01    6.061959e-03
    1.500000e-01    2.070819e-02
    2.000000e-01    4.496914e-02
    2.500000e-01    7.683264e-02
    3.000000e-01    1.135658e-01
    3.500000e-01    1.526431e-01
    4.000000e-01    1.920627e-01
    4.500000e-01    2.303730e-01
    5.000000e-01    2.665928e-01
    5.500000e-01    3.001084e-01
    6.000000e-01    3.305830e-01
    6.500000e-01    3.578818e-01
    7.000000e-01    3.820143e-01
    7.500000e-01    4.030891e-01
    8.000000e-01    4.212792e-01
    8.500000e-01    4.367966e-01
    9.000000e-01    4.498730e-01
    9.500000e-01    4.607461e-01
    1.000000e+00    4.696512e-01
    1.050000e+00    4.768145e-01
    1.100000e+00    4.824496e-01
    1.150000e+00    4.867549e-01
    1.200000e+00    4.899123e-01
    1.250000e+00    4.920869e-01
    1.300000e+00    4.934269e-01
    1.350000e+00    4.940648e-01
    1.400000e+00    4.941178e-01
    1.450000e+00    4.936894e-01
    1.500000e+00    4.928697e-01
    1.550000e+00    4.917367e-01
    1.600000e+00    4.903572e-01
    1.650000e+00    4.887883e-01
    1.700000e+00    4.870784e-01
    1.750000e+00    4.852688e-01
    1.800000e+00    4.833942e-01
    1.850000e+00    4.814838e-01
    1.900000e+00    4.795614e-01
    1.950000e+00    4.776463e-01
    2.000000e+00    4.757537e-01
    2.050000e+00    4.738952e-01
    2.100000e+00    4.720795e-01
    2.150000e+00    4.703129e-01
    2.200000e+00    4.686000e-01
    2.250000e+00    4.669439e-01
    2.300000e+00    4.653468e-01
    2.350000e+00    4.638097e-01
    2.400000e+00    4.623333e-01
    2.450000e+00    4.609169e-01
    2.500000e+00    4.595600e-01
    2.550000e+00    4.582612e-01
    2.600000e+00    4.570190e-01
    2.650000e+00    4.558312e-01
    2.700000e+00    4.546955e-01
    2.750000e+00    4.536091e-01
    2.800000e+00    4.525697e-01
    2.850000e+00    4.515746e-01
    2.900000e+00    4.506212e-01
    2.950000e+00    4.497069e-01
    3.000000e+00    4.488300e-01
    3.050000e+00    4.479887e-01
    3.100000e+00    4.471817e-01
    3.150000e+00    4.464069e-01
    3.200000e+00    4.456622e-01
    3.250000e+00    4.449459e-01
    3.300000e+00    4.442569e-01
    3.350000e+00    4.435941e-01
    3.400000e+00    4.429562e-01
    3.450000e+00    4.423423e-01
    3.500000e+00    4.417516e-01
    3.550000e+00    4.411833e-01
    3.600000e+00    4.406365e-01
    3.650000e+00    4.401104e-01
    3.700000e+00    4.396040e-01
    3.750000e+00    4.391168e-01
    3.800000e+00    4.386482e-01
    3.850000e+00    4.381977e-01
    3.900000e+00    4.377642e-01
    3.950000e+00    4.373470e-01
    4.000000e+00    4.369451e-01
    4.050000e+00    4.365580e-01
    4.100000e+00    4.361854e-01
    4.150000e+00    4.358265e-01
    4.200000e+00    4.354808e-01
    4.250000e+00    4.351477e-01
    4.300000e+00    4.348267e-01
    4.350000e+00    4.345179e-01
    4.400000e+00    4.342211e-01
    4.450000e+00    4.339361e-01
    4.500000e+00    4.336622e-01
    4.550000e+00    4.333988e-01
    4.600000e+00    4.331453e-01
    4.650000e+00    4.329009e-01
    4.700000e+00    4.326651e-01
    4.750000e+00    4.324375e-01
    4.800000e+00    4.322175e-01
    4.850000e+00    4.320048e-01
    4.900000e+00    4.317992e-01
    4.950000e+00    4.316003e-01
    5.000000e+00    4.314079e-01
    5.050000e+00    4.312217e-01
    5.100000e+00    4.310415e-01
    5.150000e+00    4.308669e-01
    5.200000e+00    4.306976e-01
    5.250000e+00    4.305334e-01
    5.300000e+00    4.303742e-01
    5.350000e+00    4.302199e-01
    5.400000e+00    4.300703e-01
    5.450000e+00    4.299252e-01
    5.500000e+00    4.297847e-01
    5.550000e+00    4.296486e-01
    5.600000e+00    4.295169e-01
    5.650000e+00    4.293895e-01
    5.700000e+00    4.292663e-01
    5.750000e+00    4.291472e-01
    5.800000e+00    4.290319e-01
    5.850000e+00    4.289204e-01
    5.900000e+00    4.288124e-01
    5.950000e+00    4.287080e-01
    6.000000e+00    4.286067e-01
    6.050000e+00    4.285086e-01
    6.100000e+00    4.284136e-01
    6.150000e+00    4.283215e-01
    6.200000e+00    4.282323e-01
    6.250000e+00    4.281460e-01
    6.300000e+00    4.280625e-01
    6.350000e+00    4.279817e-01
    6.400000e+00    4.279036e-01
    6.450000e+00    4.278281e-01
    6.500000e+00    4.277551e-01
    6.550000e+00    4.276845e-01
    6.600000e+00    4.276164e-01
    6.650000e+00    4.275510e-01
    6.700000e+00    4.274882e-01
    6.750000e+00    4.274283e-01
    6.800000e+00    4.273711e-01
    6.850000e+00    4.273169e-01
    6.900000e+00    4.272655e-01
    6.950000e+00    4.272171e-01
    7.000000e+00    4.271713e-01
    7.050000e+00    4.271281e-01
    7.100000e+00    4.270874e-01
    7.150000e+00    4.270488e-01
    7.200000e+00    4.270122e-01
    7.250000e+00    4.269774e-01
    7.300000e+00    4.269443e-01
    7.350000e+00    4.269127e-01
    7.400000e+00    4.268825e-01
    7.450000e+00    4.268536e-01
    7.500000e+00    4.268259e-01
    7.550000e+00    4.267993e-01
    7.600000e+00    4.267737e-01
    7.650000e+00    4.267491e-01
    7.700000e+00    4.267254e-01
    7.750000e+00    4.267025e-01
    7.800000e+00    4.266805e-01
    7.850000e+00    4.266593e-01
    7.900000e+00    4.266388e-01
    7.950000e+00    4.266190e-01
    8.000000e+00    4.266000e-01
    8.050000e+00    4.265816e-01
    8.100000e+00    4.265639e-01
    8.150000e+00    4.265468e-01
    8.200000e+00    4.265303e-01
    8.250000e+00    4.265143e-01
    8.300000e+00    4.264989e-01
    8.350000e+00    4.264840e-01
    8.400000e+00    4.264695e-01
    8.450000e+00    4.264553e-01
    8.500000e+00    4.264416e-01
    8.550000e+00    4.264281e-01
    8.600000e+00    4.264150e-01
    8.650000e+00    4.264021e-01
    8.700000e+00    4.263895e-01
    8.750000e+00    4.263772e-01
    8.800000e+00    4.263651e-01
    8.850000e+00    4.263533e-01
    8.900000e+00    4.263418e-01
    8.950000e+00    4.263305e-01
    9.000000e+00    4.263195e-01
    9.050000e+00    4.263088e-01
    9.100000e+00    4.262984e-01
    9.150000e+00    4.262882e-01
    9.200000e+00    4.262784e-01
    9.250000e+00    4.262689e-01
    9.300000e+00    4.262597e-01
    9.350000e+00    4.262508e-01
    9.400000e+00    4.262423e-01
    9.450000e+00    4.262341e-01
    9.500000e+00    4.262262e-01
    9.550000e+00    4.262187e-01
    9.600000e+00    4.262115e-01
    9.650000e+00    4.262046e-01
    9.700000e+00    4.261981e-01
    9.750000e+00    4.261919e-01
    9.800000e+00    4.261861e-01
    9.850000e+00    4.261806e-01
    9.900000e+00    4.261754e-01
    9.950000e+00    4.261705e-01
    1.000000e+01    4.261659e-01
    1.005000e+01    4.261616e-01
    1.010000e+01    4.261576e-01
    1.015000e+01    4.261539e-01
    1.020000e+01    4.261505e-01
    1.025000e+01    4.261473e-01
    1.030000e+01    4.261444e-01
    1.035000e+01    4.261418e-01
    1.040000e+01    4.261394e-01
    1.045000e+01    4.261372e-01
    1.050000e+01    4.261353e-01
    1.055000e+01    4.261336e-01
    1.060000e+01    4.261322e-01
    1.065000e+01    4.261310e-01
    1.070000e+01    4.261299e-01
    1.075000e+01    4.261291e-01
    1.080000e+01    4.261284e-01
    1.085000e+01    4.261278e-01
    1.090000e+01    4.261274e-01
    1.095000e+01    4.261272e-01
    1.100000e+01    4.261270e-01
    1.105000e+01    4.261269e-01
    1.110000e+01    4.261270e-01
    1.115000e+01    4.261271e-01
    1.120000e+01    4.261273e-01
    1.125000e+01    4.261275e-01
    1.130000e+01    4.261278e-01
    1.135000e+01    4.261282e-01
    1.140000e+01    4.261286e-01
    1.145000e+01    4.261291e-01
    1.150000e+01    4.261296e-01
    1.155000e+01    4.261301e-01
    1.160000e+01    4.261307e-01
    1.165000e+01    4.261313e-01
    1.170000e+01    4.261320e-01
    1.175000e+01    4.261327e-01
    1.180000e+01    4.261335e-01
    1.185000e+01    4.261343e-01
    1.190000e+01    4.261351e-01
    1.195000e+01    4.261360e-01
    1.200000e+01    4.261369e-01
    1.205000e+01    4.261379e-01
    1.210000e+01    4.261389e-01
    1.215000e+01    4.261399e-01
    1.220000e+01    4.261410e-01
    1.225000e+01    4.261421e-01
    1.230000e+01    4.261433e-01
    1.235000e+01    4.261445e-01
    1.240000e+01    4.261458e-01
    1.245000e+01    4.261471e-01
    1.250000e+01    4.261484e-01
    1.255000e+01    4.261498e-01
    1.260000e+01    4.261512e-01
    1.265000e+01    4.261527e-01
    1.270000e+01    4.261542e-01
    1.275000e+01    4.261557e-01
    1.280000e+01    4.261573e-01
    1.285000e+01    4.261589e-01
    1.290000e+01    4.261605e-01
    1.295000e+01    4.261622e-01
    1.300000e+01    4.261639e-01
    1.305000e+01    4.261656e-01
    1.310000e+01    4.261674e-01
    1.315000e+01    4.261691e-01
    1.320000e+01    4.261710e-01
    1.325000e+01    4.261728e-01
    1.330000e+01    4.261746e-01
    1.335000e+01    4.261765e-01
    1.340000e+01    4.261784e-01
    1.345000e+01    4.261803e-01
    1.350000e+01    4.261823e-01
    1.355000e+01    4.261842e-01
    1.360000e+01    4.261862e-01
    1.365000e+01    4.261882e-01
    1.370000e+01    4.261902e-01
    1.375000e+01    4.261922e-01
    1.380000e+01    4.261942e-01
    1.385000e+01    4.261962e-01
    1.390000e+01    4.261983e-01
    1.395000e+01    4.262003e-01
    1.400000e+01    4.262024e-01
    1.405000e+01    4.262044e-01
    1.410000e+01    4.262065e-01
    1.415000e+01    4.262086e-01
    1.420000e+01    4.262107e-01
    1.425000e+01    4.262128e-01
    1.430000e+01    4.262148e-01
    1.435000e+01    4.262169e-01
    1.440000e+01    4.262190e-01
    1.445000e+01    4.262211e-01
    1.450000e+01    4.262232e-01
    1.455000e+01    4.262253e-01
    1.460000e+01    4.262274e-01
    1.465000e+01    4.262295e-01
    1.470000e+01    4.262316e-01
    1.475000e+01    4.262337e-01
    1.480000e+01    4.262358e-01
    1.485000e+01    4.262379e-01
    1.490000e+01    4.262400e-01
    1.495000e+01    4.262421e-01
