-1.3322676295501878e-15 1.0000000000000002
0.3442340791738361 0.8745739825662098
0.7401032702237496 0.7630824496141249
1.6179001721170385 0.6508073954805398
2.8743545611015486 0.5586540447504305
4.406196213425129 0.48197923491199834
6.213425129087779 0.4083958691910501
7.917383820998279 0.3464274054744324
9.862306368330465 0.2782607295541615
11.686746987951807 0.21861251457442687
14.010327022375215 0.14811592915440575
15.972461273666092 0.09543279107212266
18.12392426850258 0.04506856920770663
20.154905335628225 0.006319582477375185
22.426850258175552 -0.027788906779190325
25.249569707401033 -0.056488701349175274
28.41652323580034 -0.07358225528843465
30.895008605851977 -0.07672700016656431
33.132530120481924 -0.07522191993781546
35.64543889845095 -0.06907700849480825
37.917383820998275 -0.06137904613847067
39.44922547332188 -0.05211837210593506
