-1.3322676295501878e-15 1.0000000000000002
0.3442340791738361 0.8745739825662098
0.7401032702237496 0.7592114818721895
1.4974182444061936 0.6430677919049472
2.5645438898450994 0.4951761701182583
3.820998278829613 0.3256034645494348
5.060240963855439 0.17925689856197935
6.609294320137656 0.046065626561546
9.294320137693607 -0.05695408361555665
11.617900172117036 -0.05854744322912331
13.975903614457827 -0.0291737271667174
16.179001721170405 -0.006764754872014445
18.313253012048175 0.0032584531675123873
20.240963855421676 0.007092110376991867
22.59896729776246 0.007046471600685944
25.249569707401033 -0.0015209594136957882
27.882960413080934 -0.012410637943483627
30.499139414802094 -0.013235467214484764
33.04647160068848 -0.007865415579373147
35.64543889845095 -0.007915718172232467
37.74526678141133 -0.007182166453837624
39.43201376936318 -0.006440619621346011
