    0.000000e+00             nan
    5.000000e-02    1.355102e-04
    1.000000e-01    1.543924e-03
    1.500000e-01    5.776260e-03
    2.000000e-01    1.373121e-02
    2.500000e-01    2.558600e-02
    3.000000e-01    4.104466e-02
    3.500000e-01    5.956203e-02
    4.000000e-01    8.048472e-02
    4.500000e-01    1.031294e-01
    5.000000e-01    1.268249e-01
    5.500000e-01    1.509354e-01
    6.000000e-01    1.748741e-01
    6.500000e-01    1.981117e-01
    7.000000e-01    2.201818e-01
    7.500000e-01    2.406837e-01
    8.000000e-01    2.592837e-01
    8.500000e-01    2.757166e-01
    9.000000e-01    2.897842e-01
    9.500000e-01    3.013545e-01
    1.000000e+00    3.103597e-01
    1.050000e+00    3.167942e-01
    1.100000e+00    3.207114e-01
    1.150000e+00    3.222205e-01
    1.200000e+00    3.214827e-01
    1.250000e+00    3.187067e-01
    1.300000e+00    3.141433e-01
    1.350000e+00    3.080803e-01
    1.400000e+00    3.008350e-01
    1.450000e+00    2.927477e-01
    1.500000e+00    2.841725e-01
    1.550000e+00    2.754685e-01
    1.600000e+00    2.669884e-01
    1.650000e+00    2.590681e-01
    1.700000e+00    2.520136e-01
    1.750000e+00    2.460893e-01
    1.800000e+00    2.415064e-01
    1.850000e+00    2.384133e-01
    1.900000e+00    2.368893e-01
    1.950000e+00    2.369418e-01
    2.000000e+00    2.385085e-01
    2.050000e+00    2.414637e-01
    2.100000e+00    2.456283e-01
    2.150000e+00    2.507819e-01
    2.200000e+00    2.566764e-01
    2.250000e+00    2.630489e-01
    2.300000e+00    2.696342e-01
    2.350000e+00    2.761744e-01
    2.400000e+00    2.824284e-01
    2.450000e+00    2.881782e-01
    2.500000e+00    2.932338e-01
    2.550000e+00    2.974371e-01
    2.600000e+00    3.006638e-01
    2.650000e+00    3.028249e-01
    2.700000e+00    3.038667e-01
    2.750000e+00    3.037701e-01
    2.800000e+00    3.025496e-01
    2.850000e+00    3.002512e-01
    2.900000e+00    2.969500e-01
    2.950000e+00    2.927474e-01
    3.000000e+00    2.877673e-01
    3.050000e+00    2.821527e-01
    3.100000e+00    2.760610e-01
    3.150000e+00    2.696595e-01
    3.200000e+00    2.631205e-01
    3.250000e+00    2.566155e-01
    3.300000e+00    2.503107e-01
    3.350000e+00    2.443604e-01
    3.400000e+00    2.389028e-01
    3.450000e+00    2.340546e-01
    3.500000e+00    2.299068e-01
    3.550000e+00    2.265218e-01
    3.600000e+00    2.239316e-01
    3.650000e+00    2.221368e-01
    3.700000e+00    2.211082e-01
    3.750000e+00    2.207890e-01
    3.800000e+00    2.210982e-01
    3.850000e+00    2.219357e-01
    3.900000e+00    2.231872e-01
    3.950000e+00    2.247294e-01
    4.000000e+00    2.264357e-01
    4.050000e+00    2.281810e-01
    4.100000e+00    2.298460e-01
    4.150000e+00    2.313212e-01
    4.200000e+00    2.325097e-01
    4.250000e+00    2.333297e-01
    4.300000e+00    2.337162e-01
    4.350000e+00    2.336223e-01
    4.400000e+00    2.330191e-01
    4.450000e+00    2.318960e-01
    4.500000e+00    2.302598e-01
    4.550000e+00    2.281342e-01
    4.600000e+00    2.255579e-01
    4.650000e+00    2.225831e-01
    4.700000e+00    2.192735e-01
    4.750000e+00    2.157022e-01
    4.800000e+00    2.119488e-01
    4.850000e+00    2.080969e-01
    4.900000e+00    2.042315e-01
    4.950000e+00    2.004359e-01
    5.000000e+00    1.967891e-01
    5.050000e+00    1.933633e-01
    5.100000e+00    1.902211e-01
    5.150000e+00    1.874139e-01
    5.200000e+00    1.849799e-01
    5.250000e+00    1.829436e-01
    5.300000e+00    1.813145e-01
    5.350000e+00    1.800877e-01
    5.400000e+00    1.792449e-01
    5.450000e+00    1.787549e-01
    5.500000e+00    1.785761e-01
    5.550000e+00    1.786581e-01
    5.600000e+00    1.789444e-01
    5.650000e+00    1.793746e-01
    5.700000e+00    1.798869e-01
    5.750000e+00    1.804205e-01
    5.800000e+00    1.809174e-01
    5.850000e+00    1.813245e-01
    5.900000e+00    1.815952e-01
    5.950000e+00    1.816901e-01
    6.000000e+00    1.815785e-01
    6.050000e+00    1.812386e-01
    6.100000e+00    1.806577e-01
    6.150000e+00    1.798323e-01
    6.200000e+00    1.787679e-01
    6.250000e+00    1.774780e-01
    6.300000e+00    1.759837e-01
    6.350000e+00    1.743125e-01
    6.400000e+00    1.724975e-01
    6.450000e+00    1.705756e-01
    6.500000e+00    1.685866e-01
    6.550000e+00    1.665717e-01
    6.600000e+00    1.645719e-01
    6.650000e+00    1.626270e-01
    6.700000e+00    1.607739e-01
    6.750000e+00    1.590455e-01
    6.800000e+00    1.574695e-01
    6.850000e+00    1.560679e-01
    6.900000e+00    1.548561e-01
    6.950000e+00    1.538427e-01
    7.000000e+00    1.530294e-01
    7.050000e+00    1.524115e-01
    7.100000e+00    1.519778e-01
    7.150000e+00    1.517117e-01
    7.200000e+00    1.515918e-01
    7.250000e+00    1.515932e-01
    7.300000e+00    1.516881e-01
    7.350000e+00    1.518474e-01
    7.400000e+00    1.520415e-01
    7.450000e+00    1.522415e-01
    7.500000e+00    1.524200e-01
    7.550000e+00    1.525521e-01
    7.600000e+00    1.526160e-01
    7.650000e+00    1.525939e-01
    7.700000e+00    1.524718e-01
    7.750000e+00    1.522403e-01
    7.800000e+00    1.518942e-01
    7.850000e+00    1.514331e-01
    7.900000e+00    1.508606e-01
    7.950000e+00    1.501843e-01
    8.000000e+00    1.494151e-01
    8.050000e+00    1.485673e-01
    8.100000e+00    1.476572e-01
    8.150000e+00    1.467029e-01
    8.200000e+00    1.457236e-01
    8.250000e+00    1.447390e-01
    8.300000e+00    1.437683e-01
    8.350000e+00    1.428298e-01
    8.400000e+00    1.419402e-01
    8.450000e+00    1.411140e-01
    8.500000e+00    1.403635e-01
    8.550000e+00    1.396978e-01
    8.600000e+00    1.391231e-01
    8.650000e+00    1.386425e-01
    8.700000e+00    1.382558e-01
    8.750000e+00    1.379598e-01
    8.800000e+00    1.377487e-01
    8.850000e+00    1.376142e-01
    8.900000e+00    1.375457e-01
    8.950000e+00    1.375316e-01
    9.000000e+00    1.375585e-01
    9.050000e+00    1.376131e-01
    9.100000e+00    1.376815e-01
    9.150000e+00    1.377506e-01
    9.200000e+00    1.378077e-01
    9.250000e+00    1.378417e-01
    9.300000e+00    1.378429e-01
    9.350000e+00    1.378033e-01
    9.400000e+00    1.377169e-01
    9.450000e+00    1.375798e-01
    9.500000e+00    1.373904e-01
    9.550000e+00    1.371487e-01
    9.600000e+00    1.368570e-01
    9.650000e+00    1.365194e-01
    9.700000e+00    1.361413e-01
    9.750000e+00    1.357297e-01
    9.800000e+00    1.352925e-01
    9.850000e+00    1.348382e-01
    9.900000e+00    1.343758e-01
    9.950000e+00    1.339144e-01
    1.000000e+01    1.334627e-01
    1.005000e+01    1.330289e-01
    1.010000e+01    1.326204e-01
    1.015000e+01    1.322436e-01
    1.020000e+01    1.319036e-01
    1.025000e+01    1.316041e-01
    1.030000e+01    1.313475e-01
    1.035000e+01    1.311348e-01
    1.040000e+01    1.309653e-01
    1.045000e+01    1.308373e-01
    1.050000e+01    1.307476e-01
    1.055000e+01    1.306922e-01
    1.060000e+01    1.306660e-01
    1.065000e+01    1.306634e-01
    1.070000e+01    1.306782e-01
    1.075000e+01    1.307042e-01
    1.080000e+01    1.307351e-01
    1.085000e+01    1.307648e-01
    1.090000e+01    1.307877e-01
    1.095000e+01    1.307987e-01
    1.100000e+01    1.307937e-01
    1.105000e+01    1.307691e-01
    1.110000e+01    1.307224e-01
    1.115000e+01    1.306521e-01
    1.120000e+01    1.305575e-01
    1.125000e+01    1.304390e-01
    1.130000e+01    1.302979e-01
    1.135000e+01    1.301362e-01
    1.140000e+01    1.299566e-01
    1.145000e+01    1.297624e-01
    1.150000e+01    1.295573e-01
    1.155000e+01    1.293453e-01
    1.160000e+01    1.291307e-01
    1.165000e+01    1.289174e-01
    1.170000e+01    1.287095e-01
    1.175000e+01    1.285106e-01
    1.180000e+01    1.283240e-01
    1.185000e+01    1.281525e-01
    1.190000e+01    1.279982e-01
    1.195000e+01    1.278627e-01
    1.200000e+01    1.277469e-01
    1.205000e+01    1.276510e-01
    1.210000e+01    1.275748e-01
    1.215000e+01    1.275172e-01
    1.220000e+01    1.274766e-01
    1.225000e+01    1.274512e-01
    1.230000e+01    1.274386e-01
    1.235000e+01    1.274361e-01
    1.240000e+01    1.274410e-01
    1.245000e+01    1.274505e-01
    1.250000e+01    1.274616e-01
    1.255000e+01    1.274717e-01
    1.260000e+01    1.274783e-01
    1.265000e+01    1.274792e-01
    1.270000e+01    1.274725e-01
    1.275000e+01    1.274568e-01
    1.280000e+01    1.274310e-01
    1.285000e+01    1.273946e-01
    1.290000e+01    1.273473e-01
    1.295000e+01    1.272895e-01
    1.300000e+01    1.272218e-01
    1.305000e+01    1.271452e-01
    1.310000e+01    1.270609e-01
    1.315000e+01    1.269707e-01
    1.320000e+01    1.268761e-01
    1.325000e+01    1.267791e-01
    1.330000e+01    1.266814e-01
    1.335000e+01    1.265850e-01
    1.340000e+01    1.264916e-01
    1.345000e+01    1.264028e-01
    1.350000e+01    1.263200e-01
    1.355000e+01    1.262444e-01
    1.360000e+01    1.261769e-01
    1.365000e+01    1.261182e-01
    1.370000e+01    1.260685e-01
    1.375000e+01    1.260279e-01
    1.380000e+01    1.259962e-01
    1.385000e+01    1.259727e-01
    1.390000e+01    1.259568e-01
    1.395000e+01    1.259475e-01
    1.400000e+01    1.259437e-01
    1.405000e+01    1.259442e-01
    1.410000e+01    1.259477e-01
    1.415000e+01    1.259529e-01
    1.420000e+01    1.259585e-01
    1.425000e+01    1.259633e-01
    1.430000e+01    1.259662e-01
    1.435000e+01    1.259663e-01
    1.440000e+01    1.259626e-01
    1.445000e+01    1.259547e-01
    1.450000e+01    1.259420e-01
    1.455000e+01    1.259244e-01
    1.460000e+01    1.259019e-01
    1.465000e+01    1.258745e-01
    1.470000e+01    1.258426e-01
    1.475000e+01    1.258068e-01
    1.480000e+01    1.257676e-01
    1.485000e+01    1.257258e-01
    1.490000e+01    1.256822e-01
    1.495000e+01    1.256376e-01
    1.500000e+01    1.255929e-01
    1.505000e+01    1.255489e-01
    1.510000e+01    1.255063e-01
    1.515000e+01    1.254660e-01
    1.520000e+01    1.254285e-01
    1.525000e+01    1.253943e-01
    1.530000e+01    1.253639e-01
    1.535000e+01    1.253374e-01
    1.540000e+01    1.253150e-01
    1.545000e+01    1.252967e-01
    1.550000e+01    1.252824e-01
    1.555000e+01    1.252717e-01
    1.560000e+01    1.252644e-01
    1.565000e+01    1.252599e-01
    1.570000e+01    1.252579e-01
    1.575000e+01    1.252576e-01
    1.580000e+01    1.252586e-01
    1.585000e+01    1.252603e-01
    1.590000e+01    1.252620e-01
    1.595000e+01    1.252634e-01
    1.600000e+01    1.252637e-01
    1.605000e+01    1.252628e-01
    1.610000e+01    1.252602e-01
    1.615000e+01    1.252556e-01
    1.620000e+01    1.252489e-01
    1.625000e+01    1.252400e-01
    1.630000e+01    1.252289e-01
    1.635000e+01    1.252158e-01
    1.640000e+01    1.252007e-01
    1.645000e+01    1.251840e-01
    1.650000e+01    1.251659e-01
    1.655000e+01    1.251467e-01
    1.660000e+01    1.251268e-01
    1.665000e+01    1.251067e-01
    1.670000e+01    1.250866e-01
    1.675000e+01    1.250670e-01
    1.680000e+01    1.250481e-01
    1.685000e+01    1.250304e-01
    1.690000e+01    1.250140e-01
    1.695000e+01    1.249992e-01
    1.700000e+01    1.249862e-01
    1.705000e+01    1.249750e-01
    1.710000e+01    1.249656e-01
    1.715000e+01    1.249581e-01
    1.720000e+01    1.249524e-01
    1.725000e+01    1.249483e-01
    1.730000e+01    1.249456e-01
    1.735000e+01    1.249442e-01
    1.740000e+01    1.249438e-01
    1.745000e+01    1.249442e-01
    1.750000e+01    1.249450e-01
    1.755000e+01    1.249461e-01
    1.760000e+01    1.249471e-01
    1.765000e+01    1.249479e-01
    1.770000e+01    1.249481e-01
    1.775000e+01    1.249477e-01
    1.780000e+01    1.249465e-01
    1.785000e+01    1.249443e-01
    1.790000e+01    1.249412e-01
    1.795000e+01    1.249370e-01
    1.800000e+01    1.249318e-01
    1.805000e+01    1.249257e-01
    1.810000e+01    1.249186e-01
    1.815000e+01    1.249109e-01
    1.820000e+01    1.249025e-01
    1.825000e+01    1.248937e-01
    1.830000e+01    1.248845e-01
    1.835000e+01    1.248753e-01
    1.840000e+01    1.248661e-01
    1.845000e+01    1.248571e-01
    1.850000e+01    1.248485e-01
    1.855000e+01    1.248404e-01
    1.860000e+01    1.248329e-01
    1.865000e+01    1.248262e-01
    1.870000e+01    1.248202e-01
    1.875000e+01    1.248151e-01
    1.880000e+01    1.248108e-01
    1.885000e+01    1.248073e-01
    1.890000e+01    1.248046e-01
    1.895000e+01    1.248027e-01
    1.900000e+01    1.248014e-01
    1.905000e+01    1.248006e-01
    1.910000e+01    1.248002e-01
    1.915000e+01    1.248002e-01
    1.920000e+01    1.248004e-01
    1.925000e+01    1.248006e-01
    1.930000e+01    1.248008e-01
    1.935000e+01    1.248009e-01
    1.940000e+01    1.248008e-01
    1.945000e+01    1.248004e-01
    1.950000e+01    1.247995e-01
    1.955000e+01    1.247983e-01
    1.960000e+01    1.247967e-01
    1.965000e+01    1.247946e-01
    1.970000e+01    1.247920e-01
    1.975000e+01    1.247891e-01
    1.980000e+01    1.247858e-01
    1.985000e+01    1.247822e-01
    1.990000e+01    1.247784e-01
    1.995000e+01    1.247743e-01
