1.1102230246251565e-16 1
0.4043965159684779 0.762666447934529
0.6221484861053507 0.5731033756972088
0.945665698880133 0.34398280270154824
1.3500622148486108 0.15142537003906187
1.7544587308170883 0.04021122095866381
2.214848610535048 -0.03219974371197054
2.749896308585649 -0.07625621374670111
3.3844877644131066 -0.09494450187883241
3.9817503110742165 -0.09273541046324318
4.6038987971795935 -0.07187084073618255
5.2198257984238525 -0.048767155512362104
5.866860223973458 -0.03088889851860732
6.607216922438819 -0.013015284424002571
7.639983409373704 0.0026049759497828173
8.660306926586474 0.006285556869324527
9.643301534632926 0.007729188978377044
10.514309415180414 0.0017157059992454204
11.435089174616335 -0.0005689099091847893
12.368311903774364 0.0023697357261809326
13.214433844877645 0.0030739087639370943
13.98589796764828 0.004528064777729712
14.931563666528412 0.0007496734494270019
