0 1
1.6900246491272224 0.7533009708737863
3.5860455757331877 0.5575728155339805
6.726092861813975 0.3414563106796118
10.978847024498215 0.17733009708737857
15.385104884551534 0.09169902912621353
19.32393480557372 0.05092233009708713
22.588661401478944 0.0315533980582523
25.594119422506157 0.02033980582524264
29.894863926756877 0.01116504854368916
27.77041098646813 0.015242718446601744
31.81201267669399 0.009126213592232757
33.573721012123336 0.007087378640776576
35.594471552895016 0.0060679611650484855
37.252527793148545 0.005048543689320395
38.80695709039689 0.0040291262135920825
