    0.000000e+00    1.0000000000e+00    0.0000000000e+00    0.0000000000e+00    0.0000000000e+00    0.0000000000e+00    0.0000000000e+00    0.0000000000e+00    0.0000000000e+00
    5.000000e-02    9.9750426777e-01    0.0000000000e+00    2.4955241912e-03    4.9829350213e-02    2.4955241912e-03   -4.9829350213e-02    2.4957322261e-03    0.0000000000e+00
    1.000000e-01    9.9006813776e-01    0.0000000000e+00    9.9285479717e-03    9.8639197396e-02    9.9285479717e-03   -9.8639197396e-02    9.9318622400e-03    0.0000000000e+00
    1.500000e-01    9.7784371427e-01    0.0000000000e+00    2.2139627241e-02    1.4543191098e-01    2.2139627241e-02   -1.4543191098e-01    2.2156285730e-02    0.0000000000e+00
    2.000000e-01    9.6108087686e-01    0.0000000000e+00    3.8867001184e-02    1.8925311331e-01    3.8867001184e-02   -1.8925311331e-01    3.8919123135e-02    0.0000000000e+00
    2.500000e-01    9.4012192460e-01    0.0000000000e+00    5.9752463171e-02    2.2921208782e-01    5.9752463171e-02   -2.2921208782e-01    5.9878075396e-02    0.0000000000e+00
    3.000000e-01    9.1539424728e-01    0.0000000000e+00    8.4349386207e-02    2.6450075729e-01    8.4349386207e-02   -2.6450075729e-01    8.4605752719e-02    0.0000000000e+00
    3.500000e-01    8.8740118816e-01    0.0000000000e+00    1.1213271487e-01    2.9441080852e-01    1.1213271487e-01   -2.9441080852e-01    1.1259881184e-01    0.0000000000e+00
    4.000000e-01    8.5671130294e-01    0.0000000000e+00    1.4251068990e-01    3.1834858303e-01    1.4251068990e-01   -3.1834858303e-01    1.4328869706e-01    0.0000000000e+00
    4.500000e-01    8.2394625531e-01    0.0000000000e+00    1.7483803168e-01    3.3584740612e-01    1.7483803168e-01   -3.3584740612e-01    1.7605374469e-01    0.0000000000e+00
    5.000000e-01    7.8976761907e-01    0.0000000000e+00    2.0843027532e-01    3.4657708617e-01    2.0843027532e-01   -3.4657708617e-01    2.1023238093e-01    0.0000000000e+00
    5.500000e-01    7.5486288047e-01    0.0000000000e+00    2.4257892454e-01    3.5035038252e-01    2.4257892454e-01   -3.5035038252e-01    2.4513711953e-01    0.0000000000e+00
    6.000000e-01    7.1993095120e-01    0.0000000000e+00    2.7656707341e-01    3.4712631064e-01    2.7656707341e-01   -3.4712631064e-01    2.8006904880e-01    0.0000000000e+00
    6.500000e-01    6.8566751164e-01    0.0000000000e+00    3.0968513598e-01    3.3701022642e-01    3.0968513598e-01   -3.3701022642e-01    3.1433248836e-01    0.0000000000e+00
    7.000000e-01    6.5275050639e-01    0.0000000000e+00    3.4124632322e-01    3.2025070595e-01    3.4124632322e-01   -3.2025070595e-01    3.4724949361e-01    0.0000000000e+00
    7.500000e-01    6.2182610864e-01    0.0000000000e+00    3.7060151451e-01    2.9723331041e-01    3.7060151451e-01   -2.9723331041e-01    3.7817389136e-01    0.0000000000e+00
    8.000000e-01    5.9349545733e-01    0.0000000000e+00    3.9715318760e-01    2.6847139667e-01    3.9715318760e-01   -2.6847139667e-01    4.0650454267e-01    0.0000000000e+00
    8.500000e-01    5.6830245180e-01    0.0000000000e+00    4.2036809514e-01    2.3459420073e-01    4.2036809514e-01   -2.3459420073e-01    4.3169754820e-01    0.0000000000e+00
    9.000000e-01    5.4672286270e-01    0.0000000000e+00    4.3978840754e-01    1.9633248192e-01    4.3978840754e-01   -1.9633248192e-01    4.5327713730e-01    0.0000000000e+00
    9.500000e-01    5.2915498638e-01    0.0000000000e+00    4.5504108006e-01    1.5450206949e-01    4.5504108006e-01   -1.5450206949e-01    4.7084501362e-01    0.0000000000e+00
    1.000000e+00    5.1591203360e-01    0.0000000000e+00    4.6584524552e-01    1.0998569801e-01    4.6584524552e-01   -1.0998569801e-01    4.8408796640e-01    0.0000000000e+00
    1.050000e+00    5.0721640276e-01    0.0000000000e+00    4.7201748189e-01    6.3713553856e-02    4.7201748189e-01   -6.3713553856e-02    4.9278359724e-01    0.0000000000e+00
    1.100000e+00    5.0319594434e-01    0.0000000000e+00    4.7347485524e-01    1.6642980299e-02    4.7347485524e-01   -1.6642980299e-02    4.9680405566e-01    0.0000000000e+00
    1.150000e+00    5.0388227774e-01    0.0000000000e+00    4.7023569109e-01   -3.0262196669e-02    4.7023569109e-01    3.0262196669e-02    4.9611772226e-01    0.0000000000e+00
    1.200000e+00    5.0921117501e-01    0.0000000000e+00    4.6241808123e-01   -7.6052255896e-02    4.6241808123e-01    7.6052255896e-02    4.9078882499e-01    0.0000000000e+00
    1.250000e+00    5.1902497989e-01    0.0000000000e+00    4.5023618516e-01   -1.1981162355e-01    4.5023618516e-01    1.1981162355e-01    4.8097502011e-01    0.0000000000e+00
    1.300000e+00    5.3307698537e-01    0.0000000000e+00    4.3399443647e-01   -1.6067792990e-01    4.3399443647e-01    1.6067792990e-01    4.6692301463e-01    0.0000000000e+00
    1.350000e+00    5.5103765026e-01    0.0000000000e+00    4.1407981181e-01   -1.9785966789e-01    4.1407981181e-01    1.9785966789e-01    4.4896234974e-01    0.0000000000e+00
    1.400000e+00    5.7250249600e-01    0.0000000000e+00    3.9095236301e-01   -2.3065207811e-01    3.9095236301e-01    2.3065207811e-01    4.2749750400e-01    0.0000000000e+00
    1.450000e+00    5.9700148925e-01    0.0000000000e+00    3.6513425096e-01   -2.5845093062e-01    3.6513425096e-01    2.5845093062e-01    4.0299851075e-01    0.0000000000e+00
    1.500000e+00    6.2400968572e-01    0.0000000000e+00    3.3719755114e-01   -2.8076392637e-01    3.3719755114e-01    2.8076392637e-01    3.7599031428e-01    0.0000000000e+00
    1.550000e+00    6.5295888585e-01    0.0000000000e+00    3.0775112562e-01   -2.9721949951e-01    3.0775112562e-01    2.9721949951e-01    3.4704111415e-01    0.0000000000e+00
    1.600000e+00    6.8325003387e-01    0.0000000000e+00    2.7742687347e-01   -3.0757286432e-01    2.7742687347e-01    3.0757286432e-01    3.1674996613e-01    0.0000000000e+00
    1.650000e+00    7.1426607977e-01    0.0000000000e+00    2.4686568130e-01   -3.1170921575e-01    2.4686568130e-01    3.1170921575e-01    2.8573392023e-01    0.0000000000e+00
    1.700000e+00    7.4538501770e-01    0.0000000000e+00    2.1670339731e-01   -3.0964405868e-01    2.1670339731e-01    3.0964405868e-01    2.5461498230e-01    0.0000000000e+00
    1.750000e+00    7.7599281514e-01    0.0000000000e+00    1.8755714668e-01   -3.0152070695e-01    1.8755714668e-01    3.0152070695e-01    2.2400718486e-01    0.0000000000e+00
    1.800000e+00    8.0549595461e-01    0.0000000000e+00    1.6001229244e-01   -2.8760505659e-01    1.6001229244e-01    2.8760505659e-01    1.9450404539e-01    0.0000000000e+00
    1.850000e+00    8.3333332295e-01    0.0000000000e+00    1.3461032602e-01   -2.6827779805e-01    1.3461032602e-01    2.6827779805e-01    1.6666667705e-01    0.0000000000e+00
    1.900000e+00    8.5898720283e-01    0.0000000000e+00    1.1183794479e-01   -2.4402428698e-01    1.1183794479e-01    2.4402428698e-01    1.4101279717e-01    0.0000000000e+00
    1.950000e+00    8.8199314515e-01    0.0000000000e+00    9.2117541798e-02   -2.1542234245e-01    9.2117541798e-02    2.1542234245e-01    1.1800685485e-01    0.0000000000e+00
    2.000000e+00    9.0194853055e-01    0.0000000000e+00    7.5799295869e-02   -1.8312828295e-01    7.5799295869e-02    1.8312828295e-01    9.8051469452e-02    0.0000000000e+00
    2.050000e+00    9.1851966049e-01    0.0000000000e+00    6.3155009564e-02   -1.4786154460e-01    6.3155009564e-02    1.4786154460e-01    8.1480339513e-02    0.0000000000e+00
    2.100000e+00    9.3144725469e-01    0.0000000000e+00    5.4373799137e-02   -1.1038825053e-01    5.4373799137e-02    1.1038825053e-01    6.8552745306e-02    0.0000000000e+00
    2.150000e+00    9.4055026904e-01    0.0000000000e+00    4.9559695693e-02   -7.1504116898e-02    4.9559695693e-02    7.1504116898e-02    5.9449730962e-02    0.0000000000e+00
    2.200000e+00    9.4572798719e-01    0.0000000000e+00    4.8731171394e-02   -3.2017087293e-02    4.8731171394e-02    3.2017087293e-02    5.4272012814e-02    0.0000000000e+00
    2.250000e+00    9.4696037837e-01    0.0000000000e+00    5.1822559847e-02    7.2699151497e-03    5.1822559847e-02   -7.2699151497e-03    5.3039621626e-02    0.0000000000e+00
    2.300000e+00    9.4430675209e-01    0.0000000000e+00    5.8687296821e-02    4.5575740094e-02    5.8687296821e-02   -4.5575740094e-02    5.5693247912e-02    0.0000000000e+00
    2.350000e+00    9.3790277730e-01    0.0000000000e+00    6.9102867184e-02    8.2156908995e-02    6.9102867184e-02   -8.2156908995e-02    6.2097222705e-02    0.0000000000e+00
    2.400000e+00    9.2795596834e-01    0.0000000000e+00    8.2777307321e-02    1.1632233069e-01    8.2777307321e-02   -1.1632233069e-01    7.2044031658e-02    0.0000000000e+00
    2.450000e+00    9.1473977092e-01    0.0000000000e+00    9.9357080078e-02    1.4744653828e-01    9.9357080078e-02   -1.4744653828e-01    8.5260229083e-02    0.0000000000e+00
    2.500000e+00    8.9858640906e-01    0.0000000000e+00    1.1843611218e-01    1.7498119267e-01    1.1843611218e-01   -1.7498119267e-01    1.0141359094e-01    0.0000000000e+00
    2.550000e+00    8.7987867740e-01    0.0000000000e+00    1.3956576254e-01    1.9846464367e-01    1.3956576254e-01   -1.9846464367e-01    1.2012132260e-01    0.0000000000e+00
    2.600000e+00    8.5904088127e-01    0.0000000000e+00    1.6226547444e-01    2.1752938869e-01    1.6226547444e-01   -2.1752938869e-01    1.4095911873e-01    0.0000000000e+00
    2.650000e+00    8.3652914082e-01    0.0000000000e+00    1.8603385517e-01    2.3190732057e-01    1.8603385517e-01   -2.3190732057e-01    1.6347085918e-01    0.0000000000e+00
    2.700000e+00    8.1282128344e-01    0.0000000000e+00    2.1035992376e-01    2.4143270895e-01    2.1035992376e-01   -2.4143270895e-01    1.8717871656e-01    0.0000000000e+00
    2.750000e+00    7.8840655170e-01    0.0000000000e+00    2.3473427050e-01    2.4604291155e-01    2.3473427050e-01   -2.4604291155e-01    2.1159344830e-01    0.0000000000e+00
    2.800000e+00    7.6377535191e-01    0.0000000000e+00    2.5865988111e-01    2.4577686338e-01    2.5865988111e-01   -2.4577686338e-01    2.3622464809e-01    0.0000000000e+00
    2.850000e+00    7.3940926102e-01    0.0000000000e+00    2.8166239286e-01    2.4077143999e-01    2.8166239286e-01   -2.4077143999e-01    2.6059073898e-01    0.0000000000e+00
    2.900000e+00    7.1577149781e-01    0.0000000000e+00    3.0329956965e-01    2.3125583573e-01    3.0329956965e-01   -2.3125583573e-01    2.8422850219e-01    0.0000000000e+00
    2.950000e+00    6.9329804812e-01    0.0000000000e+00    3.2316980720e-01    2.1754413860e-01    3.2316980720e-01   -2.1754413860e-01    3.0670195188e-01    0.0000000000e+00
    3.000000e+00    6.7238961384e-01    0.0000000000e+00    3.4091950686e-01    2.0002631768e-01    3.4091950686e-01   -2.0002631768e-01    3.2761038616e-01    0.0000000000e+00
    3.050000e+00    6.5340453241e-01    0.0000000000e+00    3.5624918773e-01    1.7915786840e-01    3.5624918773e-01   -1.7915786840e-01    3.4659546759e-01    0.0000000000e+00
    3.100000e+00    6.3665278795e-01    0.0000000000e+00    3.6891823905e-01    1.5544838297e-01    3.6891823905e-01   -1.5544838297e-01    3.6334721205e-01    0.0000000000e+00
    3.150000e+00    6.2239120719e-01    0.0000000000e+00    3.7874824922e-01    1.2944932889e-01    3.7874824922e-01   -1.2944932889e-01    3.7760879281e-01    0.0000000000e+00
    3.200000e+00    6.1081990512e-01    0.0000000000e+00    3.8562488195e-01    1.0174132696e-01    3.8562488195e-01   -1.0174132696e-01    3.8918009488e-01    0.0000000000e+00
    3.250000e+00    6.0208001561e-01    0.0000000000e+00    3.8949830421e-01    7.2921221787e-02    3.8949830421e-01   -7.2921221787e-02    3.9791998439e-01    0.0000000000e+00
    3.300000e+00    5.9625271335e-01    0.0000000000e+00    3.9038220337e-01    4.3589232458e-02    3.9038220337e-01   -4.3589232458e-02    4.0374728665e-01    0.0000000000e+00
    3.350000e+00    5.9335950512e-01    0.0000000000e+00    3.8835146164e-01    1.4336459829e-02    3.8835146164e-01   -1.4336459829e-02    4.0664049488e-01    0.0000000000e+00
    3.400000e+00    5.9336374161e-01    0.0000000000e+00    3.8353858418e-01   -1.4266991016e-02    3.8353858418e-01    1.4266991016e-02    4.0663625839e-01    0.0000000000e+00
    3.450000e+00    5.9617327634e-01    0.0000000000e+00    3.7612900224e-01   -4.1683036998e-02    3.7612900224e-01    4.1683036998e-02    4.0382672366e-01    0.0000000000e+00
    3.500000e+00    6.0164417582e-01    0.0000000000e+00    3.6635539380e-01   -6.7415583312e-02    3.6635539380e-01    6.7415583312e-02    3.9835582418e-01    0.0000000000e+00
    3.550000e+00    6.0958536571e-01    0.0000000000e+00    3.5449118151e-01   -9.1019252056e-02    3.5449118151e-01    9.1019252056e-02    3.9041463429e-01    0.0000000000e+00
    3.600000e+00    6.1976408195e-01    0.0000000000e+00    3.4084338066e-01   -1.1210672954e-01    3.4084338066e-01    1.1210672954e-01    3.8023591805e-01    0.0000000000e+00
    3.650000e+00    6.3191198285e-01    0.0000000000e+00    3.2574497819e-01   -1.3035462450e-01    3.2574497819e-01    1.3035462450e-01    3.6808801715e-01    0.0000000000e+00
    3.700000e+00    6.4573176940e-01    0.0000000000e+00    3.0954702770e-01   -1.4550776652e-01    3.0954702770e-01    1.4550776652e-01    3.5426823060e-01    0.0000000000e+00
    3.750000e+00    6.6090415599e-01    0.0000000000e+00    2.9261064505e-01   -1.5738191102e-01    2.9261064505e-01    1.5738191102e-01    3.3909584401e-01    0.0000000000e+00
    3.800000e+00    6.7709503180e-01    0.0000000000e+00    2.7529908418e-01   -1.6586485394e-01    2.7529908418e-01    1.6586485394e-01    3.2290496820e-01    0.0000000000e+00
    3.850000e+00    6.9396265573e-01    0.0000000000e+00    2.5797006425e-01   -1.7091599388e-01    2.5797006425e-01    1.7091599388e-01    3.0603734427e-01    0.0000000000e+00
    3.900000e+00    7.1116473261e-01    0.0000000000e+00    2.4096850677e-01   -1.7256441250e-01    2.4096850677e-01    1.7256441250e-01    2.8883526739e-01    0.0000000000e+00
    3.950000e+00    7.2836522747e-01    0.0000000000e+00    2.2461982597e-01   -1.7090557356e-01    2.2461982597e-01    1.7090557356e-01    2.7163477253e-01    0.0000000000e+00
    4.000000e+00    7.4524078588e-01    0.0000000000e+00    2.0922389756e-01   -1.6609676731e-01    2.0922389756e-01    1.6609676731e-01    2.5475921412e-01    0.0000000000e+00
    4.050000e+00    7.6148664204e-01    0.0000000000e+00    1.9504981058e-01   -1.5835144943e-01    1.9504981058e-01    1.5835144943e-01    2.3851335796e-01    0.0000000000e+00
    4.100000e+00    7.7682191245e-01    0.0000000000e+00    1.8233148547e-01   -1.4793264148e-01    1.8233148547e-01    1.4793264148e-01    2.2317808755e-01    0.0000000000e+00
    4.150000e+00    7.9099419019e-01    0.0000000000e+00    1.7126421832e-01   -1.3514557345e-01    1.7126421832e-01    1.3514557345e-01    2.0900580981e-01    0.0000000000e+00
    4.200000e+00    8.0378337333e-01    0.0000000000e+00    1.6200218831e-01   -1.2032975793e-01    1.6200218831e-01    1.2032975793e-01    1.9621662667e-01    0.0000000000e+00
    4.250000e+00    8.1500468056e-01    0.0000000000e+00    1.5465694212e-01   -1.0385068934e-01    1.5465694212e-01    1.0385068934e-01    1.8499531944e-01    0.0000000000e+00
    4.300000e+00    8.2451082590e-01    0.0000000000e+00    1.4929684665e-01   -8.6091361600e-02    1.4929684665e-01    8.6091361600e-02    1.7548917410e-01    0.0000000000e+00
    4.350000e+00    8.3219334407e-01    0.0000000000e+00    1.4594748032e-01   -6.7443792731e-02    1.4594748032e-01    6.7443792731e-02    1.6780665593e-01    0.0000000000e+00
    4.400000e+00    8.3798307626e-01    0.0000000000e+00    1.4459291342e-01   -4.8300736360e-02    1.4459291342e-01    4.8300736360e-02    1.6201692374e-01    0.0000000000e+00
    4.450000e+00    8.4184984327e-01    0.0000000000e+00    1.4517781068e-01   -2.9047747651e-02    1.4517781068e-01    2.9047747651e-02    1.5815015673e-01    0.0000000000e+00
    4.500000e+00    8.4380134958e-01    0.0000000000e+00    1.4761027368e-01   -1.0055755801e-02    1.4761027368e-01    1.0055755801e-02    1.5619865042e-01    0.0000000000e+00
    4.550000e+00    8.4388137548e-01    0.0000000000e+00    1.5176532830e-01    8.3257229471e-03    1.5176532830e-01   -8.3257229471e-03    1.5611862452e-01    0.0000000000e+00
    4.600000e+00    8.4216732749e-01    0.0000000000e+00    1.5748895228e-01    2.5774618119e-02    1.5748895228e-01   -2.5774618119e-02    1.5783267251e-01    0.0000000000e+00
    4.650000e+00    8.3876722703e-01    0.0000000000e+00    1.6460253107e-01    4.2001491782e-02    1.6460253107e-01   -4.2001491782e-02    1.6123277297e-01    0.0000000000e+00
    4.700000e+00    8.3381622578e-01    0.0000000000e+00    1.7290762588e-01    5.6753810253e-02    1.7290762588e-01   -5.6753810253e-02    1.6618377422e-01    0.0000000000e+00
    4.750000e+00    8.2747274151e-01    0.0000000000e+00    1.8219093637e-01    6.9819254915e-02    1.8219093637e-01   -6.9819254915e-02    1.7252725849e-01    0.0000000000e+00
    4.800000e+00    8.1991431203e-01    0.0000000000e+00    1.9222934207e-01    8.1028049382e-02    1.9222934207e-01   -8.1028049382e-02    1.8008568797e-01    0.0000000000e+00
    4.850000e+00    8.1133326565e-01    0.0000000000e+00    2.0279491025e-01    9.0254302695e-02    2.0279491025e-01   -9.0254302695e-02    1.8866673435e-01    0.0000000000e+00
    4.900000e+00    8.0193230574e-01    0.0000000000e+00    2.1365976443e-01    9.7416389466e-02    2.1365976443e-01   -9.7416389466e-02    1.9806769426e-01    0.0000000000e+00
    4.950000e+00    7.9192010383e-01    0.0000000000e+00    2.2460071597e-01    1.0247640762e-01    2.2460071597e-01   -1.0247640762e-01    2.0807989617e-01    0.0000000000e+00
    5.000000e+00    7.8150699067e-01    0.0000000000e+00    2.3540357133e-01    1.0543877218e-01    2.3540357133e-01   -1.0543877218e-01    2.1849300933e-01    0.0000000000e+00
    5.050000e+00    7.7090082809e-01    0.0000000000e+00    2.4586703925e-01    1.0634801902e-01    2.4586703925e-01   -1.0634801902e-01    2.2909917191e-01    0.0000000000e+00
    5.100000e+00    7.6030313640e-01    0.0000000000e+00    2.5580617445e-01    1.0528590569e-01    2.5580617445e-01   -1.0528590569e-01    2.3969686360e-01    0.0000000000e+00
    5.150000e+00    7.4990554287e-01    0.0000000000e+00    2.6505530847e-01    1.0236790682e-01    2.6505530847e-01   -1.0236790682e-01    2.5009445713e-01    0.0000000000e+00
    5.200000e+00    7.3988660650e-01    0.0000000000e+00    2.7347043136e-01    9.7739209305e-02    2.7347043136e-01   -9.7739209305e-02    2.6011339350e-01    0.0000000000e+00
    5.250000e+00    7.3040906377e-01    0.0000000000e+00    2.8093100257e-01    9.1570317638e-02    2.8093100257e-01   -9.1570317638e-02    2.6959093623e-01    0.0000000000e+00
    5.300000e+00    7.2161752868e-01    0.0000000000e+00    2.8734118237e-01    8.4052381751e-02    2.8734118237e-01   -8.4052381751e-02    2.7838247132e-01    0.0000000000e+00
    5.350000e+00    7.1363666908e-01    0.0000000000e+00    2.9263048880e-01    7.5392359751e-02    2.9263048880e-01   -7.5392359751e-02    2.8636333092e-01    0.0000000000e+00
    5.400000e+00    7.0656987055e-01    0.0000000000e+00    2.9675389685e-01    6.5808124935e-02    2.9675389685e-01   -6.5808124935e-02    2.9343012945e-01    0.0000000000e+00
    5.450000e+00    7.0049838788e-01    0.0000000000e+00    2.9969140827e-01    5.5523621565e-02    2.9969140827e-01   -5.5523621565e-02    2.9950161212e-01    0.0000000000e+00
    5.500000e+00    6.9548097447e-01    0.0000000000e+00    3.0144712994e-01    4.4764166879e-02    3.0144712994e-01   -4.4764166879e-02    3.0451902553e-01    0.0000000000e+00
    5.550000e+00    6.9155397054e-01    0.0000000000e+00    3.0204790743e-01    3.3751988068e-02    3.0204790743e-01   -3.3751988068e-02    3.0844602946e-01    0.0000000000e+00
    5.600000e+00    6.8873182245e-01    0.0000000000e+00    3.0154156750e-01    2.2702072825e-02    3.0154156750e-01   -2.2702072825e-02    3.1126817755e-01    0.0000000000e+00
    5.650000e+00    6.8700799854e-01    0.0000000000e+00    2.9999482838e-01    1.1818400774e-02    2.9999482838e-01   -1.1818400774e-02    3.1299200146e-01    0.0000000000e+00
    5.700000e+00    6.8635626038e-01    0.0000000000e+00    2.9749094064e-01    1.2906110701e-03    2.9749094064e-01   -1.2906110701e-03    3.1364373962e-01    0.0000000000e+00
    5.750000e+00    6.8673224363e-01    0.0000000000e+00    2.9412712369e-01   -8.7088511042e-03    2.9412712369e-01    8.7088511042e-03    3.1326775637e-01    0.0000000000e+00
    5.800000e+00    6.8807529899e-01    0.0000000000e+00    2.9001186336e-01   -1.8027079089e-02    2.9001186336e-01    1.8027079089e-02    3.1192470101e-01    0.0000000000e+00
    5.850000e+00    6.9031054141e-01    0.0000000000e+00    2.8526213514e-01   -2.6532522869e-02    2.8526213514e-01    2.6532522869e-02    3.0968945859e-01    0.0000000000e+00
    5.900000e+00    6.9335105446e-01    0.0000000000e+00    2.8000061562e-01   -3.4116275451e-02    2.8000061562e-01    3.4116275451e-02    3.0664894554e-01    0.0000000000e+00
    5.950000e+00    6.9710019701e-01    0.0000000000e+00    2.7435294082e-01   -4.0692833695e-02    2.7435294082e-01    4.0692833695e-02    3.0289980299e-01    0.0000000000e+00
    6.000000e+00    7.0145396039e-01    0.0000000000e+00    2.6844506581e-01   -4.6200350452e-02    2.6844506581e-01    4.6200350452e-02    2.9854603961e-01    0.0000000000e+00
    6.050000e+00    7.0630332634e-01    0.0000000000e+00    2.6240077433e-01   -5.0600404475e-02    2.6240077433e-01    5.0600404475e-02    2.9369667366e-01    0.0000000000e+00
    6.100000e+00    7.1153657931e-01    0.0000000000e+00    2.5633938108e-01   -5.3877322986e-02    2.5633938108e-01    5.3877322986e-02    2.8846342069e-01    0.0000000000e+00
    6.150000e+00    7.1704153034e-01    0.0000000000e+00    2.5037366233e-01   -5.6037098900e-02    2.5037366233e-01    5.6037098900e-02    2.8295846966e-01    0.0000000000e+00
    6.200000e+00    7.2270761438e-01    0.0000000000e+00    2.4460804365e-01   -5.7105950463e-02    2.4460804365e-01    5.7105950463e-02    2.7729238562e-01    0.0000000000e+00
    6.250000e+00    7.2842782787e-01    0.0000000000e+00    2.3913706619e-01   -5.7128575407e-02    2.3913706619e-01    5.7128575407e-02    2.7157217213e-01    0.0000000000e+00
    6.300000e+00    7.3410047871e-01    0.0000000000e+00    2.3404414547e-01   -5.6166154646e-02    2.3404414547e-01    5.6166154646e-02    2.6589952129e-01    0.0000000000e+00
    6.350000e+00    7.3963072644e-01    0.0000000000e+00    2.2940062982e-01   -5.4294162123e-02    2.2940062982e-01    5.4294162123e-02    2.6036927356e-01    0.0000000000e+00
    6.400000e+00    7.4493189611e-01    0.0000000000e+00    2.2526515866e-01   -5.1600037619e-02    2.2526515866e-01    5.1600037619e-02    2.5506810389e-01    0.0000000000e+00
    6.450000e+00    7.4992655489e-01    0.0000000000e+00    2.2168331437e-01   -4.8180778398e-02    2.2168331437e-01    4.8180778398e-02    2.5007344511e-01    0.0000000000e+00
    6.500000e+00    7.5454734604e-01    0.0000000000e+00    2.1868755595e-01   -4.4140503386e-02    2.1868755595e-01    4.4140503386e-02    2.4545265396e-01    0.0000000000e+00
    6.550000e+00    7.5873758003e-01    0.0000000000e+00    2.1629741731e-01   -3.9588040523e-02    2.1629741731e-01    3.9588040523e-02    2.4126241997e-01    0.0000000000e+00
    6.600000e+00    7.6245158756e-01    0.0000000000e+00    2.1451994865e-01   -3.4634583915e-02    2.1451994865e-01    3.4634583915e-02    2.3754841244e-01    0.0000000000e+00
    6.650000e+00    7.6565484351e-01    0.0000000000e+00    2.1335037587e-01   -2.9391462748e-02    2.1335037587e-01    2.9391462748e-02    2.3434515649e-01    0.0000000000e+00
    6.700000e+00    7.6832387498e-01    0.0000000000e+00    2.1277294994e-01   -2.3968058669e-02    2.1277294994e-01    2.3968058669e-02    2.3167612502e-01    0.0000000000e+00
    6.750000e+00    7.7044596971e-01    0.0000000000e+00    2.1276195616e-01   -1.8469902706e-02    2.1276195616e-01    1.8469902706e-02    2.2955403029e-01    0.0000000000e+00
    6.800000e+00    7.7201870436e-01    0.0000000000e+00    2.1328285196e-01   -1.2996976897e-02    2.1328285196e-01    1.2996976897e-02    2.2798129564e-01    0.0000000000e+00
    6.850000e+00    7.7304931393e-01    0.0000000000e+00    2.1429350150e-01   -7.6422397914e-03    2.1429350150e-01    7.6422397914e-03    2.2695068607e-01    0.0000000000e+00
    6.900000e+00    7.7355392551e-01    0.0000000000e+00    2.1574547537e-01   -2.4903890342e-03    2.1574547537e-01    2.4903890342e-03    2.2644607449e-01    0.0000000000e+00
    6.950000e+00    7.7355668055e-01    0.0000000000e+00    2.1758538469e-01    2.3831315566e-03    2.1758538469e-01   -2.3831315566e-03    2.2644331945e-01    0.0000000000e+00
    7.000000e+00    7.7308877003e-01    0.0000000000e+00    2.1975622038e-01    6.9128785460e-03    2.1975622038e-01   -6.9128785460e-03    2.2691122997e-01    0.0000000000e+00
    7.050000e+00    7.7218740728e-01    0.0000000000e+00    2.2219867033e-01    1.1043912335e-02    2.2219867033e-01   -1.1043912335e-02    2.2781259272e-01    0.0000000000e+00
    7.100000e+00    7.7089476229e-01    0.0000000000e+00    2.2485238966e-01    1.4732065470e-02    2.2485238966e-01   -1.4732065470e-02    2.2910523771e-01    0.0000000000e+00
    7.150000e+00    7.6925688041e-01    0.0000000000e+00    2.2765720203e-01    1.7943987943e-02    2.2765720203e-01   -1.7943987943e-02    2.3074311959e-01    0.0000000000e+00
    7.200000e+00    7.6732260702e-01    0.0000000000e+00    2.3055421291e-01    2.0656985187e-02    2.3055421291e-01   -2.0656985187e-02    2.3267739298e-01    0.0000000000e+00
    7.250000e+00    7.6514253809e-01    0.0000000000e+00    2.3348681916e-01    2.2858667488e-02    2.3348681916e-01   -2.2858667488e-02    2.3485746191e-01    0.0000000000e+00
    7.300000e+00    7.6276801427e-01    0.0000000000e+00    2.3640160236e-01    2.4546431878e-02    2.3640160236e-01   -2.4546431878e-02    2.3723198573e-01    0.0000000000e+00
    7.350000e+00    7.6025017423e-01    0.0000000000e+00    2.3924909667e-01    2.5726799310e-02    2.3924909667e-01   -2.5726799310e-02    2.3974982577e-01    0.0000000000e+00
    7.400000e+00    7.5763908056e-01    0.0000000000e+00    2.4198442545e-01    2.6414631069e-02    2.4198442545e-01   -2.6414631069e-02    2.4236091944e-01    0.0000000000e+00
    7.450000e+00    7.5498292905e-01    0.0000000000e+00    2.4456780373e-01    2.6632248877e-02    2.4456780373e-01   -2.6632248877e-02    2.4501707095e-01    0.0000000000e+00
    7.500000e+00    7.5232734970e-01    0.0000000000e+00    2.4696490685e-01    2.6408483172e-02    2.4696490685e-01   -2.6408483172e-02    2.4767265030e-01    0.0000000000e+00
    7.550000e+00    7.4971480553e-01    0.0000000000e+00    2.4914710796e-01    2.5777673507e-02    2.4914710796e-01   -2.5777673507e-02    2.5028519447e-01    0.0000000000e+00
    7.600000e+00    7.4718409283e-01    0.0000000000e+00    2.5109158992e-01    2.4778644055e-02    2.5109158992e-01   -2.4778644055e-02    2.5281590717e-01    0.0000000000e+00
    7.650000e+00    7.4476994406e-01    0.0000000000e+00    2.5278133885e-01    2.3453675829e-02    2.5278133885e-01   -2.3453675829e-02    2.5523005594e-01    0.0000000000e+00
    7.700000e+00    7.4250273302e-01    0.0000000000e+00    2.5420502875e-01    2.1847495565e-02    2.5420502875e-01   -2.1847495565e-02    2.5749726698e-01    0.0000000000e+00
    7.750000e+00    7.4040827941e-01    0.0000000000e+00    2.5535680778e-01    2.0006299201e-02    2.5535680778e-01   -2.0006299201e-02    2.5959172059e-01    0.0000000000e+00
    7.800000e+00    7.3850774872e-01    0.0000000000e+00    2.5623599816e-01    1.7976825764e-02    2.5623599816e-01   -1.7976825764e-02    2.6149225128e-01    0.0000000000e+00
    7.850000e+00    7.3681764159e-01    0.0000000000e+00    2.5684672221e-01    1.5805495143e-02    2.5684672221e-01   -1.5805495143e-02    2.6318235841e-01    0.0000000000e+00
    7.900000e+00    7.3534986579e-01    0.0000000000e+00    2.5719746776e-01    1.3537620839e-02    2.5719746776e-01   -1.3537620839e-02    2.6465013421e-01    0.0000000000e+00
    7.950000e+00    7.3411188272e-01    0.0000000000e+00    2.5730060597e-01    1.1216706394e-02    2.5730060597e-01   -1.1216706394e-02    2.6588811728e-01    0.0000000000e+00
    8.000000e+00    7.3310691990e-01    0.0000000000e+00    2.5717187488e-01    8.8838317798e-03    2.5717187488e-01   -8.8838317798e-03    2.6689308010e-01    0.0000000000e+00
    8.050000e+00    7.3233424006e-01    0.0000000000e+00    2.5682984123e-01    6.5771337812e-03    2.5682984123e-01   -6.5771337812e-03    2.6766575994e-01    0.0000000000e+00
    8.100000e+00    7.3178945748e-01    0.0000000000e+00    2.5629535271e-01    4.3313821739e-03    2.5629535271e-01   -4.3313821739e-03    2.6821054252e-01    0.0000000000e+00
    8.150000e+00    7.3146489188e-01    0.0000000000e+00    2.5559099190e-01    2.1776515079e-03    2.5559099190e-01   -2.1776515079e-03    2.6853510812e-01    0.0000000000e+00
    8.200000e+00    7.3134995045e-01    0.0000000000e+00    2.5474054211e-01    1.4308644464e-04    2.5474054211e-01   -1.4308644464e-04    2.6865004955e-01    0.0000000000e+00
    8.250000e+00    7.3143152880e-01    0.0000000000e+00    2.5376847440e-01   -1.7492430307e-03    2.5376847440e-01    1.7492430307e-03    2.6856847120e-01    0.0000000000e+00
    8.300000e+00    7.3169442211e-01    0.0000000000e+00    2.5269946364e-01   -3.4804016240e-03    2.5269946364e-01    3.4804016240e-03    2.6830557789e-01    0.0000000000e+00
    8.350000e+00    7.3212173831e-01    0.0000000000e+00    2.5155794040e-01   -5.0355702542e-03    2.5155794040e-01    5.0355702542e-03    2.6787826169e-01    0.0000000000e+00
    8.400000e+00    7.3269530577e-01    0.0000000000e+00    2.5036768413e-01   -6.4039563200e-03    2.5036768413e-01    6.4039563200e-03    2.6730469423e-01    0.0000000000e+00
    8.450000e+00    7.3339606877e-01    0.0000000000e+00    2.4915146168e-01   -7.5786406624e-03    2.4915146168e-01    7.5786406624e-03    2.6660393123e-01    0.0000000000e+00
    8.500000e+00    7.3420446493e-01    0.0000000000e+00    2.4793071413e-01   -8.5563696716e-03    2.4793071413e-01    8.5563696716e-03    2.6579553507e-01    0.0000000000e+00
    8.550000e+00    7.3510077932e-01    0.0000000000e+00    2.4672529368e-01   -9.3373012616e-03    2.4672529368e-01    9.3373012616e-03    2.6489922068e-01    0.0000000000e+00
    8.600000e+00    7.3606547142e-01    0.0000000000e+00    2.4555325109e-01   -9.9247135188e-03    2.4555325109e-01    9.9247135188e-03    2.6393452858e-01    0.0000000000e+00
    8.650000e+00    7.3707947126e-01    0.0000000000e+00    2.4443067328e-01   -1.0324684723e-02    2.4443067328e-01    1.0324684723e-02    2.6292052874e-01    0.0000000000e+00
    8.700000e+00    7.3812444260e-01    0.0000000000e+00    2.4337156970e-01   -1.0545753174e-02    2.4337156970e-01    1.0545753174e-02    2.6187555740e-01    0.0000000000e+00
    8.750000e+00    7.3918301139e-01    0.0000000000e+00    2.4238780531e-01   -1.0598564851e-02    2.4238780531e-01    1.0598564851e-02    2.6081698861e-01    0.0000000000e+00
    8.800000e+00    7.4023895868e-01    0.0000000000e+00    2.4148907720e-01   -1.0495516395e-02    2.4148907720e-01    1.0495516395e-02    2.5976104132e-01    0.0000000000e+00
    8.850000e+00    7.4127737791e-01    0.0000000000e+00    2.4068293143e-01   -1.0250400295e-02    2.4068293143e-01    1.0250400295e-02    2.5872262209e-01    0.0000000000e+00
    8.900000e+00    7.4228479709e-01    0.0000000000e+00    2.3997481622e-01   -9.8780584407e-03    2.3997481622e-01    9.8780584407e-03    2.5771520291e-01    0.0000000000e+00
    8.950000e+00    7.4324926692e-01    0.0000000000e+00    2.3936816716e-01   -9.3940494656e-03    2.3936816716e-01    9.3940494656e-03    2.5675073308e-01    0.0000000000e+00
    9.000000e+00    7.4416041666e-01    0.0000000000e+00    2.3886452005e-01   -8.8143345156e-03    2.3886452005e-01    8.8143345156e-03    2.5583958334e-01    0.0000000000e+00
    9.050000e+00    7.4500947953e-01    0.0000000000e+00    2.3846364669e-01   -8.1549852787e-03    2.3846364669e-01    8.1549852787e-03    2.5499052047e-01    0.0000000000e+00
    9.100000e+00    7.4578929020e-01    0.0000000000e+00    2.3816370926e-01   -7.4319173206e-03    2.3816370926e-01    7.4319173206e-03    2.5421070980e-01    0.0000000000e+00
    9.150000e+00    7.4649425705e-01    0.0000000000e+00    2.3796142853e-01   -6.6606509992e-03    2.3796142853e-01    6.6606509992e-03    2.5350574295e-01    0.0000000000e+00
    9.200000e+00    7.4712031184e-01    0.0000000000e+00    2.3785226182e-01   -5.8561014917e-03    2.3785226182e-01    5.8561014917e-03    2.5287968816e-01    0.0000000000e+00
    9.250000e+00    7.4766483995e-01    0.0000000000e+00    2.3783058642e-01   -5.0323987742e-03    2.3783058642e-01    5.0323987742e-03    2.5233516005e-01    0.0000000000e+00
    9.300000e+00    7.4812659416e-01    0.0000000000e+00    2.3788988488e-01   -4.2027377589e-03    2.3788988488e-01    4.2027377589e-03    2.5187340584e-01    0.0000000000e+00
    9.350000e+00    7.4850559483e-01    0.0000000000e+00    2.3802292848e-01   -3.3792582137e-03    2.3802292848e-01    3.3792582137e-03    2.5149440517e-01    0.0000000000e+00
    9.400000e+00    7.4880301965e-01    0.0000000000e+00    2.3822195600e-01   -2.5729535844e-03    2.3822195600e-01    2.5729535844e-03    2.5119698035e-01    0.0000000000e+00
    9.450000e+00    7.4902108555e-01    0.0000000000e+00    2.3847884490e-01   -1.7936073965e-03    2.3847884490e-01    1.7936073965e-03    2.5097891445e-01    0.0000000000e+00
    9.500000e+00    7.4916292568e-01    0.0000000000e+00    2.3878527279e-01   -1.0497555528e-03    2.3878527279e-01    1.0497555528e-03    2.5083707432e-01    0.0000000000e+00
    9.550000e+00    7.4923246369e-01    0.0000000000e+00    2.3913286718e-01   -3.4867253985e-04    2.3913286718e-01    3.4867253985e-04    2.5076753631e-01    0.0000000000e+00
    9.600000e+00    7.4923428788e-01    0.0000000000e+00    2.3951334207e-01    3.0362066280e-04    2.3951334207e-01   -3.0362066280e-04    2.5076571212e-01    0.0000000000e+00
    9.650000e+00    7.4917352702e-01    0.0000000000e+00    2.3991862028e-01    9.0232934044e-04    2.3991862028e-01   -9.0232934044e-04    2.5082647298e-01    0.0000000000e+00
    9.700000e+00    7.4905572983e-01    0.0000000000e+00    2.4034094088e-01    1.4438409338e-03    2.4034094088e-01   -1.4438409338e-03    2.5094427017e-01    0.0000000000e+00
    9.750000e+00    7.4888674954e-01    0.0000000000e+00    2.4077295114e-01    1.9256665672e-03    2.4077295114e-01   -1.9256665672e-03    2.5111325046e-01    0.0000000000e+00
    9.800000e+00    7.4867263498e-01    0.0000000000e+00    2.4120778321e-01    2.3463707075e-03    2.4120778321e-01   -2.3463707075e-03    2.5132736502e-01    0.0000000000e+00
    9.850000e+00    7.4841952916e-01    0.0000000000e+00    2.4163911551e-01    2.7054913886e-03    2.4163911551e-01   -2.7054913886e-03    2.5158047084e-01    0.0000000000e+00
    9.900000e+00    7.4813357621e-01    0.0000000000e+00    2.4206121949e-01    3.0034533382e-03    2.4206121949e-01   -3.0034533382e-03    2.5186642379e-01    0.0000000000e+00
    9.950000e+00    7.4782083724e-01    0.0000000000e+00    2.4246899232e-01    3.2414762131e-03    2.4246899232e-01   -3.2414762131e-03    2.5217916276e-01    0.0000000000e+00
    1.000000e+01    7.4748721561e-01    0.0000000000e+00    2.4285797647e-01    3.4214799910e-03    2.4285797647e-01   -3.4214799910e-03    2.5251278439e-01    0.0000000000e+00
    1.005000e+01    7.4713839162e-01    0.0000000000e+00    2.4322436712e-01    3.5459893904e-03    2.4322436712e-01   -3.5459893904e-03    2.5286160838e-01    0.0000000000e+00
    1.010000e+01    7.4677976686e-01    0.0000000000e+00    2.4356500860e-01    3.6180389937e-03    2.4356500860e-01   -3.6180389937e-03    2.5322023314e-01    0.0000000000e+00
    1.015000e+01    7.4641641779e-01    0.0000000000e+00    2.4387738095e-01    3.6410805507e-03    2.4387738095e-01   -3.6410805507e-03    2.5358358221e-01    0.0000000000e+00
    1.020000e+01    7.4605305863e-01    0.0000000000e+00    2.4415957791e-01    3.6188937305e-03    2.4415957791e-01   -3.6188937305e-03    2.5394694137e-01    0.0000000000e+00
    1.025000e+01    7.4569401274e-01    0.0000000000e+00    2.4441027765e-01    3.5555013855e-03    2.4441027765e-01   -3.5555013855e-03    2.5430598726e-01    0.0000000000e+00
    1.030000e+01    7.4534319241e-01    0.0000000000e+00    2.4462870728e-01    3.4550901891e-03    2.4462870728e-01   -3.4550901891e-03    2.5465680759e-01    0.0000000000e+00
    1.035000e+01    7.4500408612e-01    0.0000000000e+00    2.4481460265e-01    3.3219373171e-03    2.4481460265e-01   -3.3219373171e-03    2.5499591388e-01    0.0000000000e+00
    1.040000e+01    7.4467975293e-01    0.0000000000e+00    2.4496816431e-01    3.1603436570e-03    2.4496816431e-01   -3.1603436570e-03    2.5532024707e-01    0.0000000000e+00
    1.045000e+01    7.4437282316e-01    0.0000000000e+00    2.4509001101e-01    2.9745738623e-03    2.4509001101e-01   -2.9745738623e-03    2.5562717684e-01    0.0000000000e+00
    1.050000e+01    7.4408550470e-01    0.0000000000e+00    2.4518113151e-01    2.7688034135e-03    2.4518113151e-01   -2.7688034135e-03    2.5591449530e-01    0.0000000000e+00
    1.055000e+01    7.4381959429e-01    0.0000000000e+00    2.4524283584e-01    2.5470727068e-03    2.4524283584e-01   -2.5470727068e-03    2.5618040571e-01    0.0000000000e+00
    1.060000e+01    7.4357649306e-01    0.0000000000e+00    2.4527670671e-01    2.3132480716e-03    2.4527670671e-01   -2.3132480716e-03    2.5642350694e-01    0.0000000000e+00
    1.065000e+01    7.4335722555e-01    0.0000000000e+00    2.4528455189e-01    2.0709895096e-03    2.4528455189e-01   -2.0709895096e-03    2.5664277445e-01    0.0000000000e+00
    1.070000e+01    7.4316246174e-01    0.0000000000e+00    2.4526835824e-01    1.8237248638e-03    2.4526835824e-01   -1.8237248638e-03    2.5683753826e-01    0.0000000000e+00
    1.075000e+01    7.4299254129e-01    0.0000000000e+00    2.4523024774e-01    1.5746300490e-03    2.4523024774e-01   -1.5746300490e-03    2.5700745871e-01    0.0000000000e+00
    1.080000e+01    7.4284749944e-01    0.0000000000e+00    2.4517243624e-01    1.3266149233e-03    2.4517243624e-01   -1.3266149233e-03    2.5715250056e-01    0.0000000000e+00
    1.085000e+01    7.4272709417e-01    0.0000000000e+00    2.4509719505e-01    1.0823143364e-03    2.4509719505e-01   -1.0823143364e-03    2.5727290583e-01    0.0000000000e+00
    1.090000e+01    7.4263083392e-01    0.0000000000e+00    2.4500681573e-01    8.4408386370e-04    2.4500681573e-01   -8.4408386370e-04    2.5736916608e-01    0.0000000000e+00
    1.095000e+01    7.4255800555e-01    0.0000000000e+00    2.4490357829e-01    6.1399972102e-04    2.4490357829e-01   -6.1399972102e-04    2.5744199445e-01    0.0000000000e+00
    1.100000e+01    7.4250770212e-01    0.0000000000e+00    2.4478972282e-01    3.9386234803e-04    2.4478972282e-01   -3.9386234803e-04    2.5749229788e-01    0.0000000000e+00
    1.105000e+01    7.4247885018e-01    0.0000000000e+00    2.4466742458e-01    1.8520315790e-04    2.4466742458e-01   -1.8520315790e-04    2.5752114982e-01    0.0000000000e+00
    1.110000e+01    7.4247023621e-01    0.0000000000e+00    2.4453877269e-01   -1.0706038032e-05    2.4453877269e-01    1.0706038032e-05    2.5752976379e-01    0.0000000000e+00
    1.115000e+01    7.4248053200e-01    0.0000000000e+00    2.4440575206e-01   -1.9284139935e-04    2.4440575206e-01    1.9284139935e-04    2.5751946800e-01    0.0000000000e+00
    1.120000e+01    7.4250831881e-01    0.0000000000e+00    2.4427022870e-01   -3.6041366197e-04    2.4427022870e-01    3.6041366197e-04    2.5749168119e-01    0.0000000000e+00
    1.125000e+01    7.4255211009e-01    0.0000000000e+00    2.4413393807e-01   -5.1285339147e-04    2.4413393807e-01    5.1285339147e-04    2.5744788991e-01    0.0000000000e+00
    1.130000e+01    7.4261037269e-01    0.0000000000e+00    2.4399847642e-01   -6.4979526178e-04    2.4399847642e-01    6.4979526178e-04    2.5738962731e-01    0.0000000000e+00
    1.135000e+01    7.4268154644e-01    0.0000000000e+00    2.4386529473e-01   -7.7106170082e-04    2.4386529473e-01    7.7106170082e-04    2.5731845356e-01    0.0000000000e+00
    1.140000e+01    7.4276406212e-01    0.0000000000e+00    2.4373569526e-01   -8.7664620722e-04    2.4373569526e-01    8.7664620722e-04    2.5723593788e-01    0.0000000000e+00
    1.145000e+01    7.4285635772e-01    0.0000000000e+00    2.4361083018e-01   -9.6669660548e-04    2.4361083018e-01    9.6669660548e-04    2.5714364228e-01    0.0000000000e+00
    1.150000e+01    7.4295689303e-01    0.0000000000e+00    2.4349170238e-01   -1.0414984698e-03    2.4349170238e-01    1.0414984698e-03    2.5704310697e-01    0.0000000000e+00
    1.155000e+01    7.4306416259e-01    0.0000000000e+00    2.4337916787e-01   -1.1014589115e-03    2.4337916787e-01    1.1014589115e-03    2.5693583741e-01    0.0000000000e+00
    1.160000e+01    7.4317670709e-01    0.0000000000e+00    2.4327393978e-01   -1.1470908914e-03    2.4327393978e-01    1.1470908914e-03    2.5682329291e-01    0.0000000000e+00
    1.165000e+01    7.4329312319e-01    0.0000000000e+00    2.4317659367e-01   -1.1789981868e-03    2.4317659367e-01    1.1789981868e-03    2.5670687681e-01    0.0000000000e+00
    1.170000e+01    7.4341207185e-01    0.0000000000e+00    2.4308757381e-01   -1.1978611132e-03    2.4308757381e-01    1.1978611132e-03    2.5658792815e-01    0.0000000000e+00
    1.175000e+01    7.4353228532e-01    0.0000000000e+00    2.4300720046e-01   -1.2044230755e-03    2.4300720046e-01    1.2044230755e-03    2.5646771468e-01    0.0000000000e+00
    1.180000e+01    7.4365257285e-01    0.0000000000e+00    2.4293567768e-01   -1.1994779975e-03    2.4293567768e-01    1.1994779975e-03    2.5634742715e-01    0.0000000000e+00
    1.185000e+01    7.4377182508e-01    0.0000000000e+00    2.4287310171e-01   -1.1838586611e-03    2.4287310171e-01    1.1838586611e-03    2.5622817492e-01    0.0000000000e+00
    1.190000e+01    7.4388901745e-01    0.0000000000e+00    2.4281946970e-01   -1.1584259647e-03    2.4281946970e-01    1.1584259647e-03    2.5611098255e-01    0.0000000000e+00
    1.195000e+01    7.4400321246e-01    0.0000000000e+00    2.4277468854e-01   -1.1240590973e-03    2.4277468854e-01    1.1240590973e-03    2.5599678754e-01    0.0000000000e+00
    1.200000e+01    7.4411356108e-01    0.0000000000e+00    2.4273858387e-01   -1.0816466119e-03    2.4273858387e-01    1.0816466119e-03    2.5588643892e-01    0.0000000000e+00
    1.205000e+01    7.4421930327e-01    0.0000000000e+00    2.4271090891e-01   -1.0320783700e-03    2.4271090891e-01    1.0320783700e-03    2.5578069673e-01    0.0000000000e+00
    1.210000e+01    7.4431976771e-01    0.0000000000e+00    2.4269135325e-01   -9.7623832300e-04    2.4269135325e-01    9.7623832300e-04    2.5568023229e-01    0.0000000000e+00
    1.215000e+01    7.4441437094e-01    0.0000000000e+00    2.4267955134e-01   -9.1499808810e-04    2.4267955134e-01    9.1499808810e-04    2.5558562906e-01    0.0000000000e+00
    1.220000e+01    7.4450261580e-01    0.0000000000e+00    2.4267509076e-01   -8.4921127446e-04    2.4267509076e-01    8.4921127446e-04    2.5549738420e-01    0.0000000000e+00
    1.225000e+01    7.4458408936e-01    0.0000000000e+00    2.4267752005e-01   -7.7970851062e-04    2.4267752005e-01    7.7970851062e-04    2.5541591064e-01    0.0000000000e+00
    1.230000e+01    7.4465846045e-01    0.0000000000e+00    2.4268635620e-01   -7.0729312451e-04    2.4268635620e-01    7.0729312451e-04    2.5534153955e-01    0.0000000000e+00
    1.235000e+01    7.4472547668e-01    0.0000000000e+00    2.4270109175e-01   -6.3273742682e-04    2.4270109175e-01    6.3273742682e-04    2.5527452332e-01    0.0000000000e+00
    1.240000e+01    7.4478496124e-01    0.0000000000e+00    2.4272120136e-01   -5.5677954959e-04    2.4272120136e-01    5.5677954959e-04    2.5521503876e-01    0.0000000000e+00
    1.245000e+01    7.4483680927e-01    0.0000000000e+00    2.4274614801e-01   -4.8012079344e-04    2.4274614801e-01    4.8012079344e-04    2.5516319073e-01    0.0000000000e+00
    1.250000e+01    7.4488098415e-01    0.0000000000e+00    2.4277538865e-01   -4.0342343962e-04    2.4277538865e-01    4.0342343962e-04    2.5511901585e-01    0.0000000000e+00
    1.255000e+01    7.4491751344e-01    0.0000000000e+00    2.4280837946e-01   -3.2730898533e-04    2.4280837946e-01    3.2730898533e-04    2.5508248656e-01    0.0000000000e+00
    1.260000e+01    7.4494648474e-01    0.0000000000e+00    2.4284458057e-01   -2.5235676415e-04    2.4284458057e-01    2.5235676415e-04    2.5505351526e-01    0.0000000000e+00
    1.265000e+01    7.4496804145e-01    0.0000000000e+00    2.4288346043e-01   -1.7910291648e-04    2.4288346043e-01    1.7910291648e-04    2.5503195855e-01    0.0000000000e+00
    1.270000e+01    7.4498237839e-01    0.0000000000e+00    2.4292449960e-01   -1.0803967811e-04    2.4292449960e-01    1.0803967811e-04    2.5501762161e-01    0.0000000000e+00
    1.275000e+01    7.4498973739e-01    0.0000000000e+00    2.4296719424e-01   -3.9614958184e-05    2.4296719424e-01    3.9614958184e-05    2.5501026261e-01    0.0000000000e+00
    1.280000e+01    7.4499040283e-01    0.0000000000e+00    2.4301105912e-01    2.5767819009e-05    2.4301105912e-01   -2.5767819009e-05    2.5500959717e-01    0.0000000000e+00
    1.285000e+01    7.4498469724e-01    0.0000000000e+00    2.4305563025e-01    8.7749631311e-05    2.4305563025e-01   -8.7749631311e-05    2.5501530276e-01    0.0000000000e+00
    1.290000e+01    7.4497297682e-01    0.0000000000e+00    2.4310046713e-01    1.4601555518e-04    2.4310046713e-01   -1.4601555518e-04    2.5502702318e-01    0.0000000000e+00
    1.295000e+01    7.4495562708e-01    0.0000000000e+00    2.4314515469e-01    2.0029425923e-04    2.4314515469e-01   -2.0029425923e-04    2.5504437292e-01    0.0000000000e+00
    1.300000e+01    7.4493305853e-01    0.0000000000e+00    2.4318930483e-01    2.5035731065e-04    2.4318930483e-01   -2.5035731065e-04    2.5506694147e-01    0.0000000000e+00
    1.305000e+01    7.4490570240e-01    0.0000000000e+00    2.4323255770e-01    2.9601830838e-04    2.4323255770e-01   -2.9601830838e-04    2.5509429760e-01    0.0000000000e+00
    1.310000e+01    7.4487400650e-01    0.0000000000e+00    2.4327458262e-01    3.3713185570e-04    2.4327458262e-01   -3.3713185570e-04    2.5512599350e-01    0.0000000000e+00
    1.315000e+01    7.4483843117e-01    0.0000000000e+00    2.4331507884e-01    3.7359238350e-04    2.4331507884e-01   -3.7359238350e-04    2.5516156883e-01    0.0000000000e+00
    1.320000e+01    7.4479944540e-01    0.0000000000e+00    2.4335377591e-01    4.0533283446e-04    2.4335377591e-01   -4.0533283446e-04    2.5520055460e-01    0.0000000000e+00
    1.325000e+01    7.4475752298e-01    0.0000000000e+00    2.4339043388e-01    4.3232321807e-04    2.4339043388e-01   -4.3232321807e-04    2.5524247702e-01    0.0000000000e+00
    1.330000e+01    7.4471313894e-01    0.0000000000e+00    2.4342484330e-01    4.5456904546e-04    2.4342484330e-01   -4.5456904546e-04    2.5528686106e-01    0.0000000000e+00
    1.335000e+01    7.4466676605e-01    0.0000000000e+00    2.4345682496e-01    4.7210965318e-04    2.4345682496e-01   -4.7210965318e-04    2.5533323395e-01    0.0000000000e+00
    1.340000e+01    7.4461887151e-01    0.0000000000e+00    2.4348622945e-01    4.8501642457e-04    2.4348622945e-01   -4.8501642457e-04    2.5538112849e-01    0.0000000000e+00
    1.345000e+01    7.4456991387e-01    0.0000000000e+00    2.4351293660e-01    4.9339091775e-04    2.4351293660e-01   -4.9339091775e-04    2.5543008613e-01    0.0000000000e+00
    1.350000e+01    7.4452034010e-01    0.0000000000e+00    2.4353685470e-01    4.9736290916e-04    2.4353685470e-01   -4.9736290916e-04    2.5547965990e-01    0.0000000000e+00
    1.355000e+01    7.4447058287e-01    0.0000000000e+00    2.4355791958e-01    4.9708836190e-04    2.4355791958e-01   -4.9708836190e-04    2.5552941713e-01    0.0000000000e+00
    1.360000e+01    7.4442105801e-01    0.0000000000e+00    2.4357609361e-01    4.9274732844e-04    2.4357609361e-01   -4.9274732844e-04    2.5557894199e-01    0.0000000000e+00
    1.365000e+01    7.4437216224e-01    0.0000000000e+00    2.4359136453e-01    4.8454179752e-04    2.4359136453e-01   -4.8454179752e-04    2.5562783776e-01    0.0000000000e+00
    1.370000e+01    7.4432427109e-01    0.0000000000e+00    2.4360374419e-01    4.7269349550e-04    2.4360374419e-01   -4.7269349550e-04    2.5567572891e-01    0.0000000000e+00
    1.375000e+01    7.4427773701e-01    0.0000000000e+00    2.4361326721e-01    4.5744165251e-04    2.4361326721e-01   -4.5744165251e-04    2.5572226299e-01    0.0000000000e+00
    1.380000e+01    7.4423288774e-01    0.0000000000e+00    2.4361998953e-01    4.3904074442e-04    2.4361998953e-01   -4.3904074442e-04    2.5576711226e-01    0.0000000000e+00
    1.385000e+01    7.4419002493e-01    0.0000000000e+00    2.4362398695e-01    4.1775822150e-04    2.4362398695e-01   -4.1775822150e-04    2.5580997507e-01    0.0000000000e+00
    1.390000e+01    7.4414942289e-01    0.0000000000e+00    2.4362535354e-01    3.9387223514e-04    2.4362535354e-01   -3.9387223514e-04    2.5585057711e-01    0.0000000000e+00
    1.395000e+01    7.4411132772e-01    0.0000000000e+00    2.4362420004e-01    3.6766937396e-04    2.4362420004e-01   -3.6766937396e-04    2.5588867228e-01    0.0000000000e+00
    1.400000e+01    7.4407595649e-01    0.0000000000e+00    2.4362065225e-01    3.3944242064e-04    2.4362065225e-01   -3.3944242064e-04    2.5592404351e-01    0.0000000000e+00
    1.405000e+01    7.4404349681e-01    0.0000000000e+00    2.4361484935e-01    3.0948814111e-04    2.4361484935e-01   -3.0948814111e-04    2.5595650319e-01    0.0000000000e+00
    1.410000e+01    7.4401410649e-01    0.0000000000e+00    2.4360694222e-01    2.7810511702e-04    2.4360694222e-01   -2.7810511702e-04    2.5598589351e-01    0.0000000000e+00
    1.415000e+01    7.4398791347e-01    0.0000000000e+00    2.4359709180e-01    2.4559163293e-04    2.4359709180e-01   -2.4559163293e-04    2.5601208653e-01    0.0000000000e+00
    1.420000e+01    7.4396501597e-01    0.0000000000e+00    2.4358546739e-01    2.1224362865e-04    2.4358546739e-01   -2.1224362865e-04    2.5603498403e-01    0.0000000000e+00
    1.425000e+01    7.4394548283e-01    0.0000000000e+00    2.4357224500e-01    1.7835272743e-04    2.4357224500e-01   -1.7835272743e-04    2.5605451717e-01    0.0000000000e+00
    1.430000e+01    7.4392935400e-01    0.0000000000e+00    2.4355760573e-01    1.4420434966e-04    2.4355760573e-01   -1.4420434966e-04    2.5607064600e-01    0.0000000000e+00
    1.435000e+01    7.4391664129e-01    0.0000000000e+00    2.4354173419e-01    1.1007592161e-04    2.4354173419e-01   -1.1007592161e-04    2.5608335871e-01    0.0000000000e+00
    1.440000e+01    7.4390732921e-01    0.0000000000e+00    2.4352481693e-01    7.6235187984e-05    2.4352481693e-01   -7.6235187984e-05    2.5609267079e-01    0.0000000000e+00
    1.445000e+01    7.4390137609e-01    0.0000000000e+00    2.4350704094e-01    4.2938636257e-05    2.4350704094e-01   -4.2938636257e-05    2.5609862391e-01    0.0000000000e+00
    1.450000e+01    7.4389871521e-01    0.0000000000e+00    2.4348859223e-01    1.0430040203e-05    2.4348859223e-01   -1.0430040203e-05    2.5610128479e-01    0.0000000000e+00
    1.455000e+01    7.4389925615e-01    0.0000000000e+00    2.4346965446e-01   -2.1060870918e-05    2.4346965446e-01    2.1060870918e-05    2.5610074385e-01    0.0000000000e+00
    1.460000e+01    7.4390288629e-01    0.0000000000e+00    2.4345040760e-01   -5.1319611833e-05    2.4345040760e-01    5.1319611833e-05    2.5609711371e-01    0.0000000000e+00
    1.465000e+01    7.4390947237e-01    0.0000000000e+00    2.4343102673e-01   -8.0148004632e-05    2.4343102673e-01    8.0148004632e-05    2.5609052763e-01    0.0000000000e+00
    1.470000e+01    7.4391886216e-01    0.0000000000e+00    2.4341168091e-01   -1.0736510220e-04    2.4341168091e-01    1.0736510220e-04    2.5608113784e-01    0.0000000000e+00
    1.475000e+01    7.4393088623e-01    0.0000000000e+00    2.4339253208e-01   -1.3280796884e-04    2.4339253208e-01    1.3280796884e-04    2.5606911377e-01    0.0000000000e+00
    1.480000e+01    7.4394535978e-01    0.0000000000e+00    2.4337373415e-01   -1.5633231606e-04    2.4337373415e-01    1.5633231606e-04    2.5605464022e-01    0.0000000000e+00
    1.485000e+01    7.4396208455e-01    0.0000000000e+00    2.4335543210e-01   -1.7781299274e-04    2.4335543210e-01    1.7781299274e-04    2.5603791545e-01    0.0000000000e+00
    1.490000e+01    7.4398085072e-01    0.0000000000e+00    2.4333776119e-01   -1.9714432946e-04    2.4333776119e-01    1.9714432946e-04    2.5601914928e-01    0.0000000000e+00
    1.495000e+01    7.4400143888e-01    0.0000000000e+00    2.4332084635e-01   -2.1424033815e-04    2.4332084635e-01    2.1424033815e-04    2.5599856112e-01    0.0000000000e+00
