    0.000000e+00    1.0000000000e+00    0.0000000000e+00    0.0000000000e+00    0.0000000000e+00    0.0000000000e+00    0.0000000000e+00    0.0000000000e+00    0.0000000000e+00
    5.000000e-02    9.9750437165e-01    0.0000000000e+00    2.4952123243e-03    4.9825201128e-02    2.4952123243e-03   -4.9825201128e-02    2.4956283525e-03    0.0000000000e+00
    1.000000e-01    9.9006978572e-01    0.0000000000e+00    9.9235883936e-03    9.8606424586e-02    9.9235883936e-03   -9.8606424586e-02    9.9302142808e-03    0.0000000000e+00
    1.500000e-01    9.7785193968e-01    0.0000000000e+00    2.2114773277e-02    1.4532364093e-01    2.2114773277e-02   -1.4532364093e-01    2.2148060324e-02    0.0000000000e+00
    2.000000e-01    9.6110635964e-01    0.0000000000e+00    3.8789562725e-02    1.8900411633e-01    3.8789562725e-02   -1.8900411633e-01    3.8893640362e-02    0.0000000000e+00
    2.500000e-01    9.4018255048e-01    0.0000000000e+00    5.9566850041e-02    2.2874457472e-01    5.9566850041e-02   -2.2874457472e-01    5.9817449521e-02    0.0000000000e+00
    3.000000e-01    9.1551601214e-01    0.0000000000e+00    8.3973087572e-02    2.6373162271e-01    8.3973087572e-02   -2.6373162271e-01    8.4483987861e-02    0.0000000000e+00
    3.500000e-01    8.8761832157e-01    0.0000000000e+00    1.1145400799e-01    2.9325993261e-01    1.1145400799e-01   -2.9325993261e-01    1.1238167843e-01    0.0000000000e+00
    4.000000e-01    8.5706552727e-01    0.0000000000e+00    1.4138829065e-01    3.1674773990e-01    1.4138829065e-01   -3.1674773990e-01    1.4293447273e-01    0.0000000000e+00
    4.500000e-01    8.2448514405e-01    0.0000000000e+00    1.7310280761e-01    3.3374928425e-01    1.7310280761e-01   -3.3374928425e-01    1.7551485595e-01    0.0000000000e+00
    5.000000e-01    7.9054206906e-01    0.0000000000e+00    2.0588904367e-01    3.4396390549e-01    2.0588904367e-01   -3.4396390549e-01    2.0945793094e-01    0.0000000000e+00
    5.500000e-01    7.5592376398e-01    0.0000000000e+00    2.3902025646e-01    3.4724159572e-01    2.3902025646e-01   -3.4724159572e-01    2.4407623602e-01    0.0000000000e+00
    6.000000e-01    7.2132506406e-01    0.0000000000e+00    2.7176892636e-01    3.4358490289e-01    2.7176892636e-01   -3.4358490289e-01    2.7867493594e-01    0.0000000000e+00
    6.500000e-01    6.8743297992e-01    0.0000000000e+00    3.0342404270e-01    3.3314717735e-01    3.0342404270e-01   -3.3314717735e-01    3.1256702008e-01    0.0000000000e+00
    7.000000e-01    6.5491185442e-01    0.0000000000e+00    3.3330778238e-01    3.1622724823e-01    3.3330778238e-01   -3.1622724823e-01    3.4508814558e-01    0.0000000000e+00
    7.500000e-01    6.2438922314e-01    0.0000000000e+00    3.6079115835e-01    2.9326070838e-01    3.6079115835e-01   -2.9326070838e-01    3.7561077686e-01    0.0000000000e+00
    8.000000e-01    5.9644270548e-01    0.0000000000e+00    3.8530824897e-01    2.6480807213e-01    3.8530824897e-01   -2.6480807213e-01    4.0355729452e-01    0.0000000000e+00
    8.500000e-01    5.7158822223e-01    0.0000000000e+00    4.0636866266e-01    2.3154014758e-01    4.0636866266e-01   -2.3154014758e-01    4.2841177777e-01    0.0000000000e+00
    9.000000e-01    5.5026979849e-01    0.0000000000e+00    4.2356794506e-01    1.9422103194e-01    4.2356794506e-01   -1.9422103194e-01    4.4973020151e-01    0.0000000000e+00
    9.500000e-01    5.3285116679e-01    0.0000000000e+00    4.3659569563e-01    1.5368919282e-01    4.3659569563e-01   -1.5368919282e-01    4.6714883321e-01    0.0000000000e+00
    1.000000e+00    5.1960933692e-01    0.0000000000e+00    4.4524122614e-01    1.1083713979e-01    4.4524122614e-01   -1.1083713979e-01    4.8039066308e-01    0.0000000000e+00
    1.050000e+00    5.1073024701e-01    0.0000000000e+00    4.4939666220e-01    6.6590216946e-02    4.4939666220e-01   -6.6590216946e-02    4.8926975299e-01    0.0000000000e+00
    1.100000e+00    5.0630655677e-01    0.0000000000e+00    4.4905745929e-01    2.1885059163e-02    4.4905745929e-01   -2.1885059163e-02    4.9369344323e-01    0.0000000000e+00
    1.150000e+00    5.0633758928e-01    0.0000000000e+00    4.4432037408e-01   -2.2351748629e-02    4.4432037408e-01    2.2351748629e-02    4.9366241072e-01    0.0000000000e+00
    1.200000e+00    5.1073137500e-01    0.0000000000e+00    4.3537899907e-01   -6.5224287098e-02    4.3537899907e-01    6.5224287098e-02    4.8926862500e-01    0.0000000000e+00
    1.250000e+00    5.1930870032e-01    0.0000000000e+00    4.2251703052e-01   -1.0588670255e-01    4.2251703052e-01    1.0588670255e-01    4.8069129968e-01    0.0000000000e+00
    1.300000e+00    5.3180901664e-01    0.0000000000e+00    4.0609949610e-01   -1.4356094434e-01    4.0609949610e-01    1.4356094434e-01    4.6819098336e-01    0.0000000000e+00
    1.350000e+00    5.4789802334e-01    0.0000000000e+00    3.8656221699e-01   -1.7755244725e-01    3.8656221699e-01    1.7755244725e-01    4.5210197666e-01    0.0000000000e+00
    1.400000e+00    5.6717670233e-01    0.0000000000e+00    3.6439981881e-01   -2.0726342988e-01    3.6439981881e-01    2.0726342988e-01    4.3282329767e-01    0.0000000000e+00
    1.450000e+00    5.8919155213e-01    0.0000000000e+00    3.4015263549e-01   -2.3220355098e-01    3.4015263549e-01    2.3220355098e-01    4.1080844787e-01    0.0000000000e+00
    1.500000e+00    6.1344574756e-01    0.0000000000e+00    3.1439286994e-01   -2.5199774073e-01    3.1439286994e-01    2.5199774073e-01    3.8655425244e-01    0.0000000000e+00
    1.550000e+00    6.3941093659e-01    0.0000000000e+00    2.8771038379e-01   -2.6639110228e-01    2.8771038379e-01    2.6639110228e-01    3.6058906341e-01    0.0000000000e+00
    1.600000e+00    6.6653937946e-01    0.0000000000e+00    2.6069848731e-01   -2.7525085697e-01    2.6069848731e-01    2.7525085697e-01    3.3346062054e-01    0.0000000000e+00
    1.650000e+00    6.9427613623e-01    0.0000000000e+00    2.3394008857e-01   -2.7856538320e-01    2.3394008857e-01    2.7856538320e-01    3.0572386377e-01    0.0000000000e+00
    1.700000e+00    7.2207101777e-01    0.0000000000e+00    2.0799453957e-01   -2.7644047136e-01    2.0799453957e-01    2.7644047136e-01    2.7792898223e-01    0.0000000000e+00
    1.750000e+00    7.4939003061e-01    0.0000000000e+00    1.8338548757e-01   -2.6909298383e-01    1.8338548757e-01    2.6909298383e-01    2.5060996939e-01    0.0000000000e+00
    1.800000e+00    7.7572606821e-01    0.0000000000e+00    1.6059000225e-01   -2.5684216819e-01    1.6059000225e-01    2.5684216819e-01    2.2427393179e-01    0.0000000000e+00
    1.850000e+00    8.0060862839e-01    0.0000000000e+00    1.4002920643e-01   -2.4009892237e-01    1.4002920643e-01    2.4009892237e-01    1.9939137161e-01    0.0000000000e+00
    1.900000e+00    8.2361236899e-01    0.0000000000e+00    1.2206059000e-01   -2.1935335045e-01    1.2206059000e-01    2.1935335045e-01    1.7638763101e-01    0.0000000000e+00
    1.950000e+00    8.4436434874e-01    0.0000000000e+00    1.0697213586e-01   -1.9516097804e-01    1.0697213586e-01    1.9516097804e-01    1.5563565126e-01    0.0000000000e+00
    2.000000e+00    8.6254983890e-01    0.0000000000e+00    9.4978334289e-02   -1.6812801485e-01    9.4978334289e-02    1.6812801485e-01    1.3745016110e-01    0.0000000000e+00
    2.050000e+00    8.7791662986e-01    0.0000000000e+00    8.6218109663e-02   -1.3889605960e-01    8.6218109663e-02    1.3889605960e-01    1.2208337014e-01    0.0000000000e+00
    2.100000e+00    8.9027779687e-01    0.0000000000e+00    8.0754632837e-02   -1.0812663982e-01    8.0754632837e-02    1.0812663982e-01    1.0972220313e-01    0.0000000000e+00
    2.150000e+00    8.9951292723e-01    0.0000000000e+00    7.8576944386e-02   -7.6485965243e-02    7.8576944386e-02    7.6485965243e-02    1.0048707277e-01    0.0000000000e+00
    2.200000e+00    9.0556784852e-01    0.0000000000e+00    7.9603270235e-02   -4.4630251373e-02    7.9603270235e-02    4.4630251373e-02    9.4432151478e-02    0.0000000000e+00
    2.250000e+00    9.0845293147e-01    0.0000000000e+00    8.3685872609e-02   -1.3191938459e-02    8.3685872609e-02    1.3191938459e-02    9.1547068529e-02    0.0000000000e+00
    2.300000e+00    9.0824007151e-01    0.0000000000e+00    9.0617246634e-02    1.7232906867e-02    9.0617246634e-02   -1.7232906867e-02    9.1759928489e-02    0.0000000000e+00
    2.350000e+00    9.0505848006e-01    0.0000000000e+00    1.0013744710e-01    4.6095763699e-02    1.0013744710e-01   -4.6095763699e-02    9.4941519943e-02    0.0000000000e+00
    2.400000e+00    8.9908943822e-01    0.0000000000e+00    1.1194231098e-01    7.2905207130e-02    1.1194231098e-01   -7.2905207130e-02    1.0091056178e-01    0.0000000000e+00
    2.450000e+00    8.9056018285e-01    0.0000000000e+00    1.2569232987e-01    9.7234691648e-02    1.2569232987e-01   -9.7234691648e-02    1.0943981715e-01    0.0000000000e+00
    2.500000e+00    8.7973710668e-01    0.0000000000e+00    1.4102192194e-01    1.1872847432e-01    1.4102192194e-01   -1.1872847432e-01    1.2026289332e-01    0.0000000000e+00
    2.550000e+00    8.6691846110e-01    0.0000000000e+00    1.5754885578e-01    1.3710563583e-01    1.5754885578e-01   -1.3710563583e-01    1.3308153890e-01    0.0000000000e+00
    2.600000e+00    8.5242675191e-01    0.0000000000e+00    1.7488358736e-01    1.5216220694e-01    1.7488358736e-01   -1.5216220694e-01    1.4757324809e-01    0.0000000000e+00
    2.650000e+00    8.3660101491e-01    0.0000000000e+00    1.9263828662e-01    1.6377145474e-01    1.9263828662e-01   -1.6377145474e-01    1.6339898509e-01    0.0000000000e+00
    2.700000e+00    8.1978915118e-01    0.0000000000e+00    2.1043534998e-01    1.7188242551e-01    2.1043534998e-01   -1.7188242551e-01    1.8021084882e-01    0.0000000000e+00
    2.750000e+00    8.0234048968e-01    0.0000000000e+00    2.2791521976e-01    1.7651687841e-01    2.2791521976e-01   -1.7651687841e-01    1.9765951032e-01    0.0000000000e+00
    2.800000e+00    7.8459873018e-01    0.0000000000e+00    2.4474335919e-01    1.7776477631e-01    2.4474335919e-01   -1.7776477631e-01    2.1540126982e-01    0.0000000000e+00
    2.850000e+00    7.6689540131e-01    0.0000000000e+00    2.6061626196e-01    1.7577852538e-01    2.6061626196e-01   -1.7577852538e-01    2.3310459869e-01    0.0000000000e+00
    2.900000e+00    7.4954394855e-01    0.0000000000e+00    2.7526640667e-01    1.7076617416e-01    2.7526640667e-01   -1.7076617416e-01    2.5045605145e-01    0.0000000000e+00
    2.950000e+00    7.3283454503e-01    0.0000000000e+00    2.8846609911e-01    1.6298379510e-01    2.8846609911e-01   -1.6298379510e-01    2.6716545497e-01    0.0000000000e+00
    3.000000e+00    7.1702969556e-01    0.0000000000e+00    3.0003017614e-01    1.5272727756e-01    3.0003017614e-01   -1.5272727756e-01    2.8297030444e-01    0.0000000000e+00
    3.050000e+00    7.0236068121e-01    0.0000000000e+00    3.0981757615e-01    1.4032376059e-01    3.0981757615e-01   -1.4032376059e-01    2.9763931879e-01    0.0000000000e+00
    3.100000e+00    6.8902486939e-01    0.0000000000e+00    3.1773180849e-01    1.2612292755e-01    3.1773180849e-01   -1.2612292755e-01    3.1097513061e-01    0.0000000000e+00
    3.150000e+00    6.7718389252e-01    0.0000000000e+00    3.2372038039e-01    1.1048837301e-01    3.2372038039e-01   -1.1048837301e-01    3.2281610748e-01    0.0000000000e+00
    3.200000e+00    6.6696267814e-01    0.0000000000e+00    3.2777326194e-01    9.3789236393e-02    3.2777326194e-01   -9.3789236393e-02    3.3303732186e-01    0.0000000000e+00
    3.250000e+00    6.5844929513e-01    0.0000000000e+00    3.2992048842e-01    7.6392276320e-02    3.2992048842e-01   -7.6392276320e-02    3.4155070487e-01    0.0000000000e+00
    3.300000e+00    6.5169556392e-01    0.0000000000e+00    3.3022901416e-01    5.8654537176e-02    3.3022901416e-01   -5.8654537176e-02    3.4830443608e-01    0.0000000000e+00
    3.350000e+00    6.4671836514e-01    0.0000000000e+00    3.2879894285e-01    4.0916733642e-02    3.2879894285e-01   -4.0916733642e-02    3.5328163486e-01    0.0000000000e+00
    3.400000e+00    6.4350156961e-01    0.0000000000e+00    3.2575926600e-01    2.3497452707e-02    3.2575926600e-01   -2.3497452707e-02    3.5649843039e-01    0.0000000000e+00
    3.450000e+00    6.4199850423e-01    0.0000000000e+00    3.2126324417e-01    6.6882453916e-03    3.2126324417e-01   -6.6882453916e-03    3.5800149577e-01    0.0000000000e+00
    3.500000e+00    6.4213486208e-01    0.0000000000e+00    3.1548356460e-01   -9.2503463947e-03    3.1548356460e-01    9.2503463947e-03    3.5786513792e-01    0.0000000000e+00
    3.550000e+00    6.4381196228e-01    0.0000000000e+00    3.0860740485e-01   -2.4091808422e-02    3.0860740485e-01    2.4091808422e-02    3.5618803772e-01    0.0000000000e+00
    3.600000e+00    6.4691026402e-01    0.0000000000e+00    3.0083152442e-01   -3.7645723075e-02    3.0083152442e-01    3.7645723075e-02    3.5308973598e-01    0.0000000000e+00
    3.650000e+00    6.5129304105e-01    0.0000000000e+00    2.9235749687e-01   -4.9758915928e-02    2.9235749687e-01    4.9758915928e-02    3.4870695895e-01    0.0000000000e+00
    3.700000e+00    6.5681012663e-01    0.0000000000e+00    2.8338718250e-01   -6.0315727064e-02    2.8338718250e-01    6.0315727064e-02    3.4318987337e-01    0.0000000000e+00
    3.750000e+00    6.6330164447e-01    0.0000000000e+00    2.7411852835e-01   -6.9237471234e-02    2.7411852835e-01    6.9237471234e-02    3.3669835553e-01    0.0000000000e+00
    3.800000e+00    6.7060164826e-01    0.0000000000e+00    2.6474176727e-01   -7.6481164955e-02    2.6474176727e-01    7.6481164955e-02    3.2939835174e-01    0.0000000000e+00
    3.850000e+00    6.7854160096e-01    0.0000000000e+00    2.5543607243e-01   -8.2037609436e-02    2.5543607243e-01    8.2037609436e-02    3.2145839904e-01    0.0000000000e+00
    3.900000e+00    6.8695363427e-01    0.0000000000e+00    2.4636670812e-01   -8.5928925944e-02    2.4636670812e-01    8.5928925944e-02    3.1304636573e-01    0.0000000000e+00
    3.950000e+00    6.9567353825e-01    0.0000000000e+00    2.3768270219e-01   -8.8205644750e-02    2.3768270219e-01    8.8205644750e-02    3.0432646175e-01    0.0000000000e+00
    4.000000e+00    7.0454344203e-01    0.0000000000e+00    2.2951505090e-01   -8.8943450504e-02    2.2951505090e-01    8.8943450504e-02    2.9545655797e-01    0.0000000000e+00
    4.050000e+00    7.1341415597e-01    0.0000000000e+00    2.2197545312e-01   -8.8239685784e-02    2.2197545312e-01    8.8239685784e-02    2.8658584403e-01    0.0000000000e+00
    4.100000e+00    7.2214715627e-01    0.0000000000e+00    2.1515555852e-01   -8.6209711099e-02    2.1515555852e-01    8.6209711099e-02    2.7785284373e-01    0.0000000000e+00
    4.150000e+00    7.3061620227e-01    0.0000000000e+00    2.0912670328e-01   -8.2983213990e-02    2.0912670328e-01    8.2983213990e-02    2.6938379773e-01    0.0000000000e+00
    4.200000e+00    7.3870858570e-01    0.0000000000e+00    2.0394009747e-01   -7.8700552506e-02    2.0394009747e-01    7.8700552506e-02    2.6129141430e-01    0.0000000000e+00
    4.250000e+00    7.4632601924e-01    0.0000000000e+00    1.9962742101e-01   -7.3509209510e-02    1.9962742101e-01    7.3509209510e-02    2.5367398076e-01    0.0000000000e+00
    4.300000e+00    7.5338517888e-01    0.0000000000e+00    1.9620177880e-01   -6.7560424441e-02    1.9620177880e-01    6.7560424441e-02    2.4661482112e-01    0.0000000000e+00
    4.350000e+00    7.5981792063e-01    0.0000000000e+00    1.9365896211e-01   -6.1006058603e-02    1.9365896211e-01    6.1006058603e-02    2.4018207937e-01    0.0000000000e+00
    4.400000e+00    7.6557119750e-01    0.0000000000e+00    1.9197896052e-01   -5.3995739211e-02    1.9197896052e-01    5.3995739211e-02    2.3442880250e-01    0.0000000000e+00
    4.450000e+00    7.7060670617e-01    0.0000000000e+00    1.9112766832e-01   -4.6674316481e-02    1.9112766832e-01    4.6674316481e-02    2.2939329383e-01    0.0000000000e+00
    4.500000e+00    7.7490029612e-01    0.0000000000e+00    1.9105872994e-01   -3.9179657431e-02    1.9105872994e-01    3.9179657431e-02    2.2509970388e-01    0.0000000000e+00
    4.550000e+00    7.7844117558e-01    0.0000000000e+00    1.9171547089e-01   -3.1640789919e-02    1.9171547089e-01    3.1640789919e-02    2.2155882442e-01    0.0000000000e+00
    4.600000e+00    7.8123094954e-01    0.0000000000e+00    1.9303286402e-01   -2.4176401029e-02    1.9303286402e-01    2.4176401029e-02    2.1876905046e-01    0.0000000000e+00
    4.650000e+00    7.8328252527e-01    0.0000000000e+00    1.9493948509e-01   -1.6893685397e-02    1.9493948509e-01    1.6893685397e-02    2.1671747473e-01    0.0000000000e+00
    4.700000e+00    7.8461891961e-01    0.0000000000e+00    1.9735941607e-01   -9.8875315365e-03    1.9735941607e-01    9.8875315365e-03    2.1538108039e-01    0.0000000000e+00
    4.750000e+00    7.8527200106e-01    0.0000000000e+00    2.0021406058e-01   -3.2400278473e-03    2.0021406058e-01    3.2400278473e-03    2.1472799894e-01    0.0000000000e+00
    4.800000e+00    7.8528119759e-01    0.0000000000e+00    2.0342384078e-01    2.9797353246e-03    2.0342384078e-01   -2.9797353246e-03    2.1471880241e-01    0.0000000000e+00
    4.850000e+00    7.8469219815e-01    0.0000000000e+00    2.0690975166e-01    8.7155952747e-03    2.0690975166e-01   -8.7155952747e-03    2.1530780185e-01    0.0000000000e+00
    4.900000e+00    7.8355567355e-01    0.0000000000e+00    2.1059475372e-01    1.3924008889e-02    2.1059475372e-01   -1.3924008889e-02    2.1644432645e-01    0.0000000000e+00
    4.950000e+00    7.8192603852e-01    0.0000000000e+00    2.1440499128e-01    1.8573539553e-02    2.1440499128e-01   -1.8573539553e-02    2.1807396148e-01    0.0000000000e+00
    5.000000e+00    7.7986027402e-01    0.0000000000e+00    2.1827082861e-01    2.2644172521e-02    2.1827082861e-01   -2.2644172521e-02    2.2013972598e-01    0.0000000000e+00
    5.050000e+00    7.7741682521e-01    0.0000000000e+00    2.2212770126e-01    2.6126492223e-02    2.2212770126e-01   -2.6126492223e-02    2.2258317479e-01    0.0000000000e+00
    5.100000e+00    7.7465458714e-01    0.0000000000e+00    2.2591678421e-01    2.9020754180e-02    2.2591678421e-01   -2.9020754180e-02    2.2534541286e-01    0.0000000000e+00
    5.150000e+00    7.7163198729e-01    0.0000000000e+00    2.2958548259e-01    3.1335882668e-02    2.2958548259e-01   -3.1335882668e-02    2.2836801271e-01    0.0000000000e+00
    5.200000e+00    7.6840617082e-01    0.0000000000e+00    2.3308775391e-01    3.3088423201e-02    2.3308775391e-01   -3.3088423201e-02    2.3159382918e-01    0.0000000000e+00
    5.250000e+00    7.6503229167e-01    0.0000000000e+00    2.3638427355e-01    3.4301476393e-02    2.3638427355e-01   -3.4301476393e-02    2.3496770833e-01    0.0000000000e+00
    5.300000e+00    7.6156291025e-01    0.0000000000e+00    2.3944245744e-01    3.5003636889e-02    2.3944245744e-01   -3.5003636889e-02    2.3843708975e-01    0.0000000000e+00
    5.350000e+00    7.5804749611e-01    0.0000000000e+00    2.4223635726e-01    3.5227958006e-02    2.4223635726e-01   -3.5227958006e-02    2.4195250389e-01    0.0000000000e+00
    5.400000e+00    7.5453203210e-01    0.0000000000e+00    2.4474644464e-01    3.5010959547e-02    2.4474644464e-01   -3.5010959547e-02    2.4546796790e-01    0.0000000000e+00
    5.450000e+00    7.5105871498e-01    0.0000000000e+00    2.4695930140e-01    3.4391693077e-02    2.4695930140e-01   -3.4391693077e-02    2.4894128502e-01    0.0000000000e+00
    5.500000e+00    7.4766574614e-01    0.0000000000e+00    2.4886723260e-01    3.3410875829e-02    2.4886723260e-01   -3.3410875829e-02    2.5233425386e-01    0.0000000000e+00
    5.550000e+00    7.4438720523e-01    0.0000000000e+00    2.5046781926e-01    3.2110101434e-02    2.5046781926e-01   -3.2110101434e-02    2.5561279477e-01    0.0000000000e+00
    5.600000e+00    7.4125299848e-01    0.0000000000e+00    2.5176342632e-01    3.0531132907e-02    2.5176342632e-01   -3.0531132907e-02    2.5874700152e-01    0.0000000000e+00
    5.650000e+00    7.3828887366e-01    0.0000000000e+00    2.5276068110e-01    2.8715280765e-02    2.5276068110e-01   -2.8715280765e-02    2.6171112634e-01    0.0000000000e+00
    5.700000e+00    7.3551649277e-01    0.0000000000e+00    2.5346993558e-01    2.6702866929e-02    2.5346993558e-01   -2.6702866929e-02    2.6448350723e-01    0.0000000000e+00
    5.750000e+00    7.3295355425e-01    0.0000000000e+00    2.5390472503e-01    2.4532773059e-02    2.5390472503e-01   -2.4532773059e-02    2.6704644575e-01    0.0000000000e+00
    5.800000e+00    7.3061395611e-01    0.0000000000e+00    2.5408123371e-01    2.2242070358e-02    2.5408123371e-01   -2.2242070358e-02    2.6938604389e-01    0.0000000000e+00
    5.850000e+00    7.2850799229e-01    0.0000000000e+00    2.5401777687e-01    1.9865726486e-02    2.5401777687e-01   -1.9865726486e-02    2.7149200771e-01    0.0000000000e+00
    5.900000e+00    7.2664257466e-01    0.0000000000e+00    2.5373430679e-01    1.7436384204e-02    2.5373430679e-01   -1.7436384204e-02    2.7335742534e-01    0.0000000000e+00
    5.950000e+00    7.2502147379e-01    0.0000000000e+00    2.5325194908e-01    1.4984205580e-02    2.5325194908e-01   -1.4984205580e-02    2.7497852621e-01    0.0000000000e+00
    6.000000e+00    7.2364557235e-01    0.0000000000e+00    2.5259257386e-01    1.2536775073e-02    2.5259257386e-01   -1.2536775073e-02    2.7635442765e-01    0.0000000000e+00
    6.050000e+00    7.2251312553e-01    0.0000000000e+00    2.5177840532e-01    1.0119054544e-02    2.5177840532e-01   -1.0119054544e-02    2.7748687447e-01    0.0000000000e+00
    6.100000e+00    7.2162002360e-01    0.0000000000e+00    2.5083167168e-01    7.7533831823e-03    2.5083167168e-01   -7.7533831823e-03    2.7837997640e-01    0.0000000000e+00
    6.150000e+00    7.2096005264e-01    0.0000000000e+00    2.4977429659e-01    5.4595154314e-03    2.4977429659e-01   -5.4595154314e-03    2.7903994736e-01    0.0000000000e+00
    6.200000e+00    7.2052514973e-01    0.0000000000e+00    2.4862763193e-01    3.2546902863e-03    2.4862763193e-01   -3.2546902863e-03    2.7947485027e-01    0.0000000000e+00
    6.250000e+00    7.2030565000e-01    0.0000000000e+00    2.4741223121e-01    1.1537256976e-03    2.4741223121e-01   -1.1537256976e-03    2.7969435000e-01    0.0000000000e+00
    6.300000e+00    7.2029052313e-01    0.0000000000e+00    2.4614766209e-01   -8.3086768995e-04    2.4614766209e-01    8.3086768995e-04    2.7970947687e-01    0.0000000000e+00
    6.350000e+00    7.2046759785e-01    0.0000000000e+00    2.4485235580e-01   -2.6887587005e-03    2.4485235580e-01    2.6887587005e-03    2.7953240215e-01    0.0000000000e+00
    6.400000e+00    7.2082377305e-01    0.0000000000e+00    2.4354349103e-01   -4.4116583437e-03    2.4354349103e-01    4.4116583437e-03    2.7917622695e-01    0.0000000000e+00
    6.450000e+00    7.2134521488e-01    0.0000000000e+00    2.4223690943e-01   -5.9931771336e-03    2.4223690943e-01    5.9931771336e-03    2.7865478512e-01    0.0000000000e+00
    6.500000e+00    7.2201753950e-01    0.0000000000e+00    2.4094705977e-01   -7.4286804528e-03    2.4094705977e-01    7.4286804528e-03    2.7798246050e-01    0.0000000000e+00
    6.550000e+00    7.2282598137e-01    0.0000000000e+00    2.3968696749e-01   -8.7151448218e-03    2.3968696749e-01    8.7151448218e-03    2.7717401863e-01    0.0000000000e+00
    6.600000e+00    7.2375554726e-01    0.0000000000e+00    2.3846822663e-01   -9.8510173688e-03    2.3846822663e-01    9.8510173688e-03    2.7624445274e-01    0.0000000000e+00
    6.650000e+00    7.2479115651e-01    0.0000000000e+00    2.3730101112e-01   -1.0836080280e-02    2.3730101112e-01    1.0836080280e-02    2.7520884349e-01    0.0000000000e+00
    6.700000e+00    7.2591776805e-01    0.0000000000e+00    2.3619410228e-01   -1.1671321535e-02    2.3619410228e-01    1.1671321535e-02    2.7408223195e-01    0.0000000000e+00
    6.750000e+00    7.2712049475e-01    0.0000000000e+00    2.3515493002e-01   -1.2358812804e-02    2.3515493002e-01    1.2358812804e-02    2.7287950525e-01    0.0000000000e+00
    6.800000e+00    7.2838470602e-01    0.0000000000e+00    2.3418962496e-01   -1.2901595036e-02    2.3418962496e-01    1.2901595036e-02    2.7161529398e-01    0.0000000000e+00
    6.850000e+00    7.2969611939e-01    0.0000000000e+00    2.3330307919e-01   -1.3303571920e-02    2.3330307919e-01    1.3303571920e-02    2.7030388061e-01    0.0000000000e+00
    6.900000e+00    7.3104088174e-01    0.0000000000e+00    2.3249901362e-01   -1.3569411179e-02    2.3249901362e-01    1.3569411179e-02    2.6895911826e-01    0.0000000000e+00
    6.950000e+00    7.3240564108e-01    0.0000000000e+00    2.3178004999e-01   -1.3704453429e-02    2.3178004999e-01    1.3704453429e-02    2.6759435892e-01    0.0000000000e+00
    7.000000e+00    7.3377760961e-01    0.0000000000e+00    2.3114778590e-01   -1.3714628185e-02    2.3114778590e-01    1.3714628185e-02    2.6622239039e-01    0.0000000000e+00
    7.050000e+00    7.3514461868e-01    0.0000000000e+00    2.3060287154e-01   -1.3606376477e-02    2.3060287154e-01    1.3606376477e-02    2.6485538132e-01    0.0000000000e+00
    7.100000e+00    7.3649516631e-01    0.0000000000e+00    2.3014508696e-01   -1.3386579482e-02    2.3014508696e-01    1.3386579482e-02    2.6350483369e-01    0.0000000000e+00
    7.150000e+00    7.3781845789e-01    0.0000000000e+00    2.2977341882e-01   -1.3062492520e-02    2.2977341882e-01    1.3062492520e-02    2.6218154211e-01    0.0000000000e+00
    7.200000e+00    7.3910444047e-01    0.0000000000e+00    2.2948613599e-01   -1.2641683770e-02    2.2948613599e-01    1.2641683770e-02    2.6089555953e-01    0.0000000000e+00
    7.250000e+00    7.4034383116e-01    0.0000000000e+00    2.2928086328e-01   -1.2131977084e-02    2.2928086328e-01    1.2131977084e-02    2.5965616884e-01    0.0000000000e+00
    7.300000e+00    7.4152813998e-01    0.0000000000e+00    2.2915465297e-01   -1.1541398284e-02    2.2915465297e-01    1.1541398284e-02    2.5847186002e-01    0.0000000000e+00
    7.350000e+00    7.4264968753e-01    0.0000000000e+00    2.2910405363e-01   -1.0878124422e-02    2.2910405363e-01    1.0878124422e-02    2.5735031247e-01    0.0000000000e+00
    7.400000e+00    7.4370161764e-01    0.0000000000e+00    2.2912517625e-01   -1.0150435516e-02    2.2912517625e-01    1.0150435516e-02    2.5629838236e-01    0.0000000000e+00
    7.450000e+00    7.4467790535e-01    0.0000000000e+00    2.2921375730e-01   -9.3666683577e-03    2.2921375730e-01    9.3666683577e-03    2.5532209465e-01    0.0000000000e+00
    7.500000e+00    7.4557336037e-01    0.0000000000e+00    2.2936521881e-01   -8.5351720558e-03    2.2936521881e-01    8.5351720558e-03    2.5442663963e-01    0.0000000000e+00
    7.550000e+00    7.4638362615e-01    0.0000000000e+00    2.2957472545e-01   -7.6642650678e-03    2.2957472545e-01    7.6642650678e-03    2.5361637385e-01    0.0000000000e+00
    7.600000e+00    7.4710517469e-01    0.0000000000e+00    2.2983723852e-01   -6.7621935266e-03    2.2983723852e-01    6.7621935266e-03    2.5289482531e-01    0.0000000000e+00
    7.650000e+00    7.4773529732e-01    0.0000000000e+00    2.3014756706e-01   -5.8370907550e-03    2.3014756706e-01    5.8370907550e-03    2.5226470268e-01    0.0000000000e+00
    7.700000e+00    7.4827209139e-01    0.0000000000e+00    2.3050041600e-01   -4.8969379158e-03    2.3050041600e-01    4.8969379158e-03    2.5172790861e-01    0.0000000000e+00
    7.750000e+00    7.4871444318e-01    0.0000000000e+00    2.3089043156e-01   -3.9495258076e-03    2.3089043156e-01    3.9495258076e-03    2.5128555682e-01    0.0000000000e+00
    7.800000e+00    7.4906200698e-01    0.0000000000e+00    2.3131224384e-01   -3.0024178656e-03    2.3131224384e-01    3.0024178656e-03    2.5093799302e-01    0.0000000000e+00
    7.850000e+00    7.4931518056e-01    0.0000000000e+00    2.3176050688e-01   -2.0629144691e-03    2.3176050688e-01    2.0629144691e-03    2.5068481944e-01    0.0000000000e+00
    7.900000e+00    7.4947507716e-01    0.0000000000e+00    2.3222993595e-01   -1.1380186940e-03    2.3222993595e-01    1.1380186940e-03    2.5052492284e-01    0.0000000000e+00
    7.950000e+00    7.4954349406e-01    0.0000000000e+00    2.3271534249e-01   -2.3440367406e-04    2.3271534249e-01    2.3440367406e-04    2.5045650594e-01    0.0000000000e+00
    8.000000e+00    7.4952287810e-01    0.0000000000e+00    2.3321166645e-01    6.4161824507e-04    2.3321166645e-01   -6.4161824507e-04    2.5047712190e-01    0.0000000000e+00
    8.050000e+00    7.4941628807e-01    0.0000000000e+00    2.3371400619e-01    1.4841243637e-03    2.3371400619e-01   -1.4841243637e-03    2.5058371193e-01    0.0000000000e+00
    8.100000e+00    7.4922735445e-01    0.0000000000e+00    2.3421764603e-01    2.2876082965e-03    2.3421764603e-01   -2.2876082965e-03    2.5077264555e-01    0.0000000000e+00
    8.150000e+00    7.4896023652e-01    0.0000000000e+00    2.3471808134e-01    3.0470042526e-03    2.3471808134e-01   -3.0470042526e-03    2.5103976348e-01    0.0000000000e+00
    8.200000e+00    7.4861957719e-01    0.0000000000e+00    2.3521104126e-01    3.7577087328e-03    2.3521104126e-01   -3.7577087328e-03    2.5138042281e-01    0.0000000000e+00
    8.250000e+00    7.4821045579e-01    0.0000000000e+00    2.3569250902e-01    4.4155994650e-03    2.3569250902e-01   -4.4155994650e-03    2.5178954421e-01    0.0000000000e+00
    8.300000e+00    7.4773833916e-01    0.0000000000e+00    2.3615873986e-01    5.0170514105e-03    2.3615873986e-01   -5.0170514105e-03    2.5226166084e-01    0.0000000000e+00
    8.350000e+00    7.4720903121e-01    0.0000000000e+00    2.3660627665e-01    5.5589496969e-03    2.3660627665e-01   -5.5589496969e-03    2.5279096879e-01    0.0000000000e+00
    8.400000e+00    7.4662862142e-01    0.0000000000e+00    2.3703196300e-01    6.0386993538e-03    2.3703196300e-01   -6.0386993538e-03    2.5337137858e-01    0.0000000000e+00
    8.450000e+00    7.4600343250e-01    0.0000000000e+00    2.3743295410e-01    6.4542317545e-03    2.3743295410e-01   -6.4542317545e-03    2.5399656750e-01    0.0000000000e+00
    8.500000e+00    7.4533996754e-01    0.0000000000e+00    2.3780672509e-01    6.8040076909e-03    2.3780672509e-01   -6.8040076909e-03    2.5466003246e-01    0.0000000000e+00
    8.550000e+00    7.4464485710e-01    0.0000000000e+00    2.3815107719e-01    7.0870170402e-03    2.3815107719e-01   -7.0870170402e-03    2.5535514290e-01    0.0000000000e+00
    8.600000e+00    7.4392480642e-01    0.0000000000e+00    2.3846414138e-01    7.3027750070e-03    2.3846414138e-01   -7.3027750070e-03    2.5607519358e-01    0.0000000000e+00
    8.650000e+00    7.4318654326e-01    0.0000000000e+00    2.3874437982e-01    7.4513149572e-03    2.3874437982e-01   -7.4513149572e-03    2.5681345674e-01    0.0000000000e+00
    8.700000e+00    7.4243676655e-01    0.0000000000e+00    2.3899058508e-01    7.5331778855e-03    2.3899058508e-01   -7.5331778855e-03    2.5756323345e-01    0.0000000000e+00
    8.750000e+00    7.4168209629e-01    0.0000000000e+00    2.3920187703e-01    7.5493985893e-03    2.3920187703e-01   -7.5493985893e-03    2.5831790371e-01    0.0000000000e+00
    8.800000e+00    7.4092902503e-01    0.0000000000e+00    2.3937769772e-01    7.5014886476e-03    2.3937769772e-01   -7.5014886476e-03    2.5907097497e-01    0.0000000000e+00
    8.850000e+00    7.4018387112e-01    0.0000000000e+00    2.3951780413e-01    7.3914163321e-03    2.3951780413e-01   -7.3914163321e-03    2.5981612888e-01    0.0000000000e+00
    8.900000e+00    7.3945273423e-01    0.0000000000e+00    2.3962225893e-01    7.2215835992e-03    2.3962225893e-01   -7.2215835992e-03    2.6054726577e-01    0.0000000000e+00
    8.950000e+00    7.3874145317e-01    0.0000000000e+00    2.3969141944e-01    6.9948003401e-03    2.3969141944e-01   -6.9948003401e-03    2.6125854683e-01    0.0000000000e+00
    9.000000e+00    7.3805556658e-01    0.0000000000e+00    2.3972592475e-01    6.7142560831e-03    2.3972592475e-01   -6.7142560831e-03    2.6194443342e-01    0.0000000000e+00
    9.050000e+00    7.3740027639e-01    0.0000000000e+00    2.3972668124e-01    6.3834893658e-03    2.3972668124e-01   -6.3834893658e-03    2.6259972361e-01    0.0000000000e+00
    9.100000e+00    7.3678041461e-01    0.0000000000e+00    2.3969484661e-01    6.0063550111e-03    2.3969484661e-01   -6.0063550111e-03    2.6321958539e-01    0.0000000000e+00
    9.150000e+00    7.3620041337e-01    0.0000000000e+00    2.3963181248e-01    5.5869895571e-03    2.3963181248e-01   -5.5869895571e-03    2.6379958663e-01    0.0000000000e+00
    9.200000e+00    7.3566427856e-01    0.0000000000e+00    2.3953918586e-01    5.1297751039e-03    2.3953918586e-01   -5.1297751039e-03    2.6433572144e-01    0.0000000000e+00
    9.250000e+00    7.3517556716e-01    0.0000000000e+00    2.3941876948e-01    4.6393018534e-03    2.3941876948e-01   -4.6393018534e-03    2.6482443284e-01    0.0000000000e+00
    9.300000e+00    7.3473736830e-01    0.0000000000e+00    2.3927254122e-01    4.1203296239e-03    2.3927254122e-01   -4.1203296239e-03    2.6526263170e-01    0.0000000000e+00
    9.350000e+00    7.3435228829e-01    0.0000000000e+00    2.3910263289e-01    3.5777486327e-03    2.3910263289e-01   -3.5777486327e-03    2.6564771171e-01    0.0000000000e+00
    9.400000e+00    7.3402243956e-01    0.0000000000e+00    2.3891130833e-01    3.0165398384e-03    2.3891130833e-01   -3.0165398384e-03    2.6597756044e-01    0.0000000000e+00
    9.450000e+00    7.3374943354e-01    0.0000000000e+00    2.3870094118e-01    2.4417351418e-03    2.3870094118e-01   -2.4417351418e-03    2.6625056646e-01    0.0000000000e+00
    9.500000e+00    7.3353437759e-01    0.0000000000e+00    2.3847399242e-01    1.8583777391e-03    2.3847399242e-01   -1.8583777391e-03    2.6646562241e-01    0.0000000000e+00
    9.550000e+00    7.3337787583e-01    0.0000000000e+00    2.3823298777e-01    1.2714829227e-03    2.3823298777e-01   -1.2714829227e-03    2.6662212417e-01    0.0000000000e+00
    9.600000e+00    7.3328003384e-01    0.0000000000e+00    2.3798049534e-01    6.8599961619e-04    2.3798049534e-01   -6.8599961619e-04    2.6671996616e-01    0.0000000000e+00
    9.650000e+00    7.3324046720e-01    0.0000000000e+00    2.3771910341e-01    1.0677292463e-04    2.3771910341e-01   -1.0677292463e-04    2.6675953280e-01    0.0000000000e+00
    9.700000e+00    7.3325831367e-01    0.0000000000e+00    2.3745139872e-01   -4.6149202807e-04    2.3745139872e-01    4.6149202807e-04    2.6674168633e-01    0.0000000000e+00
    9.750000e+00    7.3333224896e-01    0.0000000000e+00    2.3717994533e-01   -1.0142647156e-03    2.3717994533e-01    1.0142647156e-03    2.6666775104e-01    0.0000000000e+00
    9.800000e+00    7.3346050583e-01    0.0000000000e+00    2.3690726420e-01   -1.5472220323e-03    2.3690726420e-01    1.5472220323e-03    2.6653949417e-01    0.0000000000e+00
    9.850000e+00    7.3364089640e-01    0.0000000000e+00    2.3663581362e-01   -2.0562790927e-03    2.3663581362e-01    2.0562790927e-03    2.6635910360e-01    0.0000000000e+00
    9.900000e+00    7.3387083738e-01    0.0000000000e+00    2.3636797070e-01   -2.5376177913e-03    2.3636797070e-01    2.5376177913e-03    2.6612916262e-01    0.0000000000e+00
    9.950000e+00    7.3414737815e-01    0.0000000000e+00    2.3610601387e-01   -2.9877129294e-03    2.3610601387e-01    2.9877129294e-03    2.6585262185e-01    0.0000000000e+00
    1.000000e+01    7.3446723118e-01    0.0000000000e+00    2.3585210676e-01   -3.4033557308e-03    2.3585210676e-01    3.4033557308e-03    2.6553276882e-01    0.0000000000e+00
    1.005000e+01    7.3482680477e-01    0.0000000000e+00    2.3560828321e-01   -3.7816745931e-03    2.3560828321e-01    3.7816745931e-03    2.6517319523e-01    0.0000000000e+00
    1.010000e+01    7.3522223767e-01    0.0000000000e+00    2.3537643388e-01   -4.1201529412e-03    2.3537643388e-01    4.1201529412e-03    2.6477776233e-01    0.0000000000e+00
    1.015000e+01    7.3564943536e-01    0.0000000000e+00    2.3515829421e-01   -4.4166440743e-03    2.3515829421e-01    4.4166440743e-03    2.6435056464e-01    0.0000000000e+00
    1.020000e+01    7.3610410764e-01    0.0000000000e+00    2.3495543400e-01   -4.6693829210e-03    2.3495543400e-01    4.6693829210e-03    2.6389589236e-01    0.0000000000e+00
    1.025000e+01    7.3658180727e-01    0.0000000000e+00    2.3476924852e-01   -4.8769946408e-03    2.3476924852e-01    4.8769946408e-03    2.6341819273e-01    0.0000000000e+00
    1.030000e+01    7.3707796925e-01    0.0000000000e+00    2.3460095132e-01   -5.0385000365e-03    2.3460095132e-01    5.0385000365e-03    2.6292203075e-01    0.0000000000e+00
    1.035000e+01    7.3758795058e-01    0.0000000000e+00    2.3445156864e-01   -5.1533177660e-03    2.3445156864e-01    5.1533177660e-03    2.6241204942e-01    0.0000000000e+00
    1.040000e+01    7.3810706996e-01    0.0000000000e+00    2.3432193549e-01   -5.2212633675e-03    2.3432193549e-01    5.2212633675e-03    2.6189293004e-01    0.0000000000e+00
    1.045000e+01    7.3863064736e-01    0.0000000000e+00    2.3421269339e-01   -5.2425451360e-03    2.3421269339e-01    5.2425451360e-03    2.6136935264e-01    0.0000000000e+00
    1.050000e+01    7.3915404291e-01    0.0000000000e+00    2.3412428975e-01   -5.2177569141e-03    2.3412428975e-01    5.2177569141e-03    2.6084595709e-01    0.0000000000e+00
    1.055000e+01    7.3967269498e-01    0.0000000000e+00    2.3405697886e-01   -5.1478678837e-03    2.3405697886e-01    5.1478678837e-03    2.6032730502e-01    0.0000000000e+00
    1.060000e+01    7.4018215712e-01    0.0000000000e+00    2.3401082444e-01   -5.0342094675e-03    2.3401082444e-01    5.0342094675e-03    2.5981784288e-01    0.0000000000e+00
    1.065000e+01    7.4067813346e-01    0.0000000000e+00    2.3398570369e-01   -4.8784594715e-03    2.3398570369e-01    4.8784594715e-03    2.5932186654e-01    0.0000000000e+00
    1.070000e+01    7.4115651248e-01    0.0000000000e+00    2.3398131283e-01   -4.6826236216e-03    2.3398131283e-01    4.6826236216e-03    2.5884348752e-01    0.0000000000e+00
    1.075000e+01    7.4161339876e-01    0.0000000000e+00    2.3399717398e-01   -4.4490146642e-03    2.3399717398e-01    4.4490146642e-03    2.5838660124e-01    0.0000000000e+00
    1.080000e+01    7.4204514257e-01    0.0000000000e+00    2.3403264333e-01   -4.1802292216e-03    2.3403264333e-01    4.1802292216e-03    2.5795485743e-01    0.0000000000e+00
    1.085000e+01    7.4244836698e-01    0.0000000000e+00    2.3408692057e-01   -3.8791226083e-03    2.3408692057e-01    3.8791226083e-03    2.5755163302e-01    0.0000000000e+00
    1.090000e+01    7.4281999240e-01    0.0000000000e+00    2.3415905931e-01   -3.5487818283e-03    2.3415905931e-01    3.5487818283e-03    2.5718000760e-01    0.0000000000e+00
    1.095000e+01    7.4315725835e-01    0.0000000000e+00    2.3424797861e-01   -3.1924969882e-03    2.3424797861e-01    3.1924969882e-03    2.5684274165e-01    0.0000000000e+00
    1.100000e+01    7.4345774228e-01    0.0000000000e+00    2.3435247528e-01   -2.8137313701e-03    2.3435247528e-01    2.8137313701e-03    2.5654225772e-01    0.0000000000e+00
    1.105000e+01    7.4371937532e-01    0.0000000000e+00    2.3447123705e-01   -2.4160904186e-03    2.3447123705e-01    2.4160904186e-03    2.5628062468e-01    0.0000000000e+00
    1.110000e+01    7.4394045495e-01    0.0000000000e+00    2.3460285627e-01   -2.0032899034e-03    2.3460285627e-01    2.0032899034e-03    2.5605954505e-01    0.0000000000e+00
    1.115000e+01    7.4411965439e-01    0.0000000000e+00    2.3474584420e-01   -1.5791235213e-03    2.3474584420e-01    1.5791235213e-03    2.5588034561e-01    0.0000000000e+00
    1.120000e+01    7.4425602875e-01    0.0000000000e+00    2.3489864562e-01   -1.1474302076e-03    2.3489864562e-01    1.1474302076e-03    2.5574397125e-01    0.0000000000e+00
    1.125000e+01    7.4434901794e-01    0.0000000000e+00    2.3505965378e-01   -7.1206142572e-04    2.3505965378e-01    7.1206142572e-04    2.5565098206e-01    0.0000000000e+00
    1.130000e+01    7.4439844629e-01    0.0000000000e+00    2.3522722540e-01   -2.7684870031e-04    2.3522722540e-01    2.7684870031e-04    2.5560155371e-01    0.0000000000e+00
    1.135000e+01    7.4440451896e-01    0.0000000000e+00    2.3539969568e-01    1.5442834026e-04    2.3539969568e-01   -1.5442834026e-04    2.5559548104e-01    0.0000000000e+00
    1.140000e+01    7.4436781516e-01    0.0000000000e+00    2.3557539326e-01    5.7807315665e-04    2.3557539326e-01   -5.7807315665e-04    2.5563218484e-01    0.0000000000e+00
    1.145000e+01    7.4428927834e-01    0.0000000000e+00    2.3575265481e-01    9.9050247624e-04    2.3575265481e-01   -9.9050247624e-04    2.5571072166e-01    0.0000000000e+00
    1.150000e+01    7.4417020340e-01    0.0000000000e+00    2.3592983939e-01    1.3882752164e-03    2.3592983939e-01   -1.3882752164e-03    2.5582979660e-01    0.0000000000e+00
    1.155000e+01    7.4401222111e-01    0.0000000000e+00    2.3610534222e-01    1.7681199261e-03    2.3610534222e-01   -1.7681199261e-03    2.5598777889e-01    0.0000000000e+00
    1.160000e+01    7.4381727980e-01    0.0000000000e+00    2.3627760796e-01    2.1269605317e-03    2.3627760796e-01   -2.1269605317e-03    2.5618272020e-01    0.0000000000e+00
    1.165000e+01    7.4358762464e-01    0.0000000000e+00    2.3644514322e-01    2.4619401885e-03    2.3644514322e-01   -2.4619401885e-03    2.5641237536e-01    0.0000000000e+00
    1.170000e+01    7.4332577461e-01    0.0000000000e+00    2.3660652836e-01    2.7704430565e-03    2.3660652836e-01   -2.7704430565e-03    2.5667422539e-01    0.0000000000e+00
    1.175000e+01    7.4303449740e-01    0.0000000000e+00    2.3676042842e-01    3.0501138372e-03    2.3676042842e-01   -3.0501138372e-03    2.5696550260e-01    0.0000000000e+00
    1.180000e+01    7.4271678249e-01    0.0000000000e+00    2.3690560306e-01    3.2988749275e-03    2.3690560306e-01   -3.2988749275e-03    2.5728321751e-01    0.0000000000e+00
    1.185000e+01    7.4237581259e-01    0.0000000000e+00    2.3704091556e-01    3.5149410670e-03    2.3704091556e-01   -3.5149410670e-03    2.5762418741e-01    0.0000000000e+00
    1.190000e+01    7.4201493382e-01    0.0000000000e+00    2.3716534073e-01    3.6968313795e-03    2.3716534073e-01   -3.6968313795e-03    2.5798506618e-01    0.0000000000e+00
    1.195000e+01    7.4163762477e-01    0.0000000000e+00    2.3727797170e-01    3.8433787258e-03    2.3727797170e-01   -3.8433787258e-03    2.5836237523e-01    0.0000000000e+00
    1.200000e+01    7.4124746476e-01    0.0000000000e+00    2.3737802555e-01    3.9537363150e-03    2.3737802555e-01   -3.9537363150e-03    2.5875253524e-01    0.0000000000e+00
    1.205000e+01    7.4084810161e-01    0.0000000000e+00    2.3746484783e-01    4.0273815391e-03    2.3746484783e-01   -4.0273815391e-03    2.5915189839e-01    0.0000000000e+00
    1.210000e+01    7.4044321914e-01    0.0000000000e+00    2.3753791579e-01    4.0641170210e-03    2.3753791579e-01   -4.0641170210e-03    2.5955678086e-01    0.0000000000e+00
    1.215000e+01    7.4003650468e-01    0.0000000000e+00    2.3759684050e-01    4.0640688911e-03    2.3759684050e-01   -4.0640688911e-03    2.5996349532e-01    0.0000000000e+00
    1.220000e+01    7.3963161699e-01    0.0000000000e+00    2.3764136765e-01    4.0276823267e-03    2.3764136765e-01   -4.0276823267e-03    2.6036838301e-01    0.0000000000e+00
    1.225000e+01    7.3923215460e-01    0.0000000000e+00    2.3767137735e-01    3.9557144160e-03    2.3767137735e-01   -3.9557144160e-03    2.6076784540e-01    0.0000000000e+00
    1.230000e+01    7.3884162516e-01    0.0000000000e+00    2.3768688254e-01    3.8492244253e-03    2.3768688254e-01   -3.8492244253e-03    2.6115837484e-01    0.0000000000e+00
    1.235000e+01    7.3846341578e-01    0.0000000000e+00    2.3768802648e-01    3.7095615754e-03    2.3768802648e-01   -3.7095615754e-03    2.6153658422e-01    0.0000000000e+00
    1.240000e+01    7.3810076474e-01    0.0000000000e+00    2.3767507899e-01    3.5383504466e-03    2.3767507899e-01   -3.5383504466e-03    2.6189923526e-01    0.0000000000e+00
    1.245000e+01    7.3775673480e-01    0.0000000000e+00    2.3764843175e-01    3.3374741571e-03    2.3764843175e-01   -3.3374741571e-03    2.6224326520e-01    0.0000000000e+00
    1.250000e+01    7.3743418824e-01    0.0000000000e+00    2.3760859259e-01    3.1090554742e-03    2.3760859259e-01   -3.1090554742e-03    2.6256581176e-01    0.0000000000e+00
    1.255000e+01    7.3713576395e-01    0.0000000000e+00    2.3755617882e-01    2.8554360335e-03    2.3755617882e-01   -2.8554360335e-03    2.6286423605e-01    0.0000000000e+00
    1.260000e+01    7.3686385665e-01    0.0000000000e+00    2.3749190979e-01    2.5791538601e-03    2.3749190979e-01   -2.5791538601e-03    2.6313614335e-01    0.0000000000e+00
    1.265000e+01    7.3662059842e-01    0.0000000000e+00    2.3741659864e-01    2.2829193936e-03    2.3741659864e-01   -2.2829193936e-03    2.6337940158e-01    0.0000000000e+00
    1.270000e+01    7.3640784272e-01    0.0000000000e+00    2.3733114336e-01    1.9695902356e-03    2.3733114336e-01   -1.9695902356e-03    2.6359215728e-01    0.0000000000e+00
    1.275000e+01    7.3622715101e-01    0.0000000000e+00    2.3723651729e-01    1.6421448429e-03    2.3723651729e-01   -1.6421448429e-03    2.6377284899e-01    0.0000000000e+00
    1.280000e+01    7.3607978196e-01    0.0000000000e+00    2.3713375910e-01    1.3036554022e-03    2.3713375910e-01   -1.3036554022e-03    2.6392021804e-01    0.0000000000e+00
    1.285000e+01    7.3596668350e-01    0.0000000000e+00    2.3702396237e-01    9.5726012229e-04    2.3702396237e-01   -9.5726012229e-04    2.6403331650e-01    0.0000000000e+00
    1.290000e+01    7.3588848761e-01    0.0000000000e+00    2.3690826484e-01    6.0613518815e-04    2.3690826484e-01   -6.0613518815e-04    2.6411151239e-01    0.0000000000e+00
    1.295000e+01    7.3584550790e-01    0.0000000000e+00    2.3678783747e-01    2.5346661971e-04    2.3678783747e-01   -2.5346661971e-04    2.6415449210e-01    0.0000000000e+00
    1.300000e+01    7.3583774009e-01    0.0000000000e+00    2.3666387341e-01   -9.7577721659e-05    2.3666387341e-01    9.7577721659e-05    2.6416225991e-01    0.0000000000e+00
    1.305000e+01    7.3586486515e-01    0.0000000000e+00    2.3653757687e-01   -4.4387573850e-04    2.3653757687e-01    4.4387573850e-04    2.6413513485e-01    0.0000000000e+00
    1.310000e+01    7.3592625527e-01    0.0000000000e+00    2.3641015221e-01   -7.8237807893e-04    2.3641015221e-01    7.8237807893e-04    2.6407374473e-01    0.0000000000e+00
    1.315000e+01    7.3602098243e-01    0.0000000000e+00    2.3628279305e-01   -1.1101342658e-03    2.3628279305e-01    1.1101342658e-03    2.6397901757e-01    0.0000000000e+00
    1.320000e+01    7.3614782954e-01    0.0000000000e+00    2.3615667179e-01   -1.4243177535e-03    2.3615667179e-01    1.4243177535e-03    2.6385217046e-01    0.0000000000e+00
    1.325000e+01    7.3630530407e-01    0.0000000000e+00    2.3603292940e-01   -1.7222497025e-03    2.3603292940e-01    1.7222497025e-03    2.6369469593e-01    0.0000000000e+00
    1.330000e+01    7.3649165392e-01    0.0000000000e+00    2.3591266569e-01   -2.0014212745e-03    2.3591266569e-01    2.0014212745e-03    2.6350834608e-01    0.0000000000e+00
    1.335000e+01    7.3670488547e-01    0.0000000000e+00    2.3579693008e-01   -2.2595142655e-03    2.3579693008e-01    2.2595142655e-03    2.6329511453e-01    0.0000000000e+00
    1.340000e+01    7.3694278361e-01    0.0000000000e+00    2.3568671297e-01   -2.4944199073e-03    2.3568671297e-01    2.4944199073e-03    2.6305721639e-01    0.0000000000e+00
    1.345000e+01    7.3720293352e-01    0.0000000000e+00    2.3558293780e-01   -2.7042556882e-03    2.3558293780e-01    2.7042556882e-03    2.6279706648e-01    0.0000000000e+00
    1.350000e+01    7.3748274409e-01    0.0000000000e+00    2.3548645378e-01   -2.8873800589e-03    2.3548645378e-01    2.8873800589e-03    2.6251725591e-01    0.0000000000e+00
    1.355000e+01    7.3777947259e-01    0.0000000000e+00    2.3539802944e-01   -3.0424049090e-03    2.3539802944e-01    3.0424049090e-03    2.6222052741e-01    0.0000000000e+00
    1.360000e+01    7.3809025063e-01    0.0000000000e+00    2.3531834698e-01   -3.1682057221e-03    2.3531834698e-01    3.1682057221e-03    2.6190974937e-01    0.0000000000e+00
    1.365000e+01    7.3841211085e-01    0.0000000000e+00    2.3524799747e-01   -3.2639293340e-03    2.3524799747e-01    3.2639293340e-03    2.6158788915e-01    0.0000000000e+00
    1.370000e+01    7.3874201440e-01    0.0000000000e+00    2.3518747694e-01   -3.3289992443e-03    2.3518747694e-01    3.3289992443e-03    2.6125798560e-01    0.0000000000e+00
    1.375000e+01    7.3907687870e-01    0.0000000000e+00    2.3513718342e-01   -3.3631184485e-03    2.3513718342e-01    3.3631184485e-03    2.6092312130e-01    0.0000000000e+00
    1.380000e+01    7.3941360552e-01    0.0000000000e+00    2.3509741484e-01   -3.3662697851e-03    2.3509741484e-01    3.3662697851e-03    2.6058639448e-01    0.0000000000e+00
    1.385000e+01    7.3974910878e-01    0.0000000000e+00    2.3506836792e-01   -3.3387138076e-03    2.3506836792e-01    3.3387138076e-03    2.6025089122e-01    0.0000000000e+00
    1.390000e+01    7.4008034219e-01    0.0000000000e+00    2.3505013794e-01   -3.2809842194e-03    2.3505013794e-01    3.2809842194e-03    2.5991965781e-01    0.0000000000e+00
    1.395000e+01    7.4040432621e-01    0.0000000000e+00    2.3504271940e-01   -3.1938809245e-03    2.3504271940e-01    3.1938809245e-03    2.5959567379e-01    0.0000000000e+00
    1.400000e+01    7.4071817421e-01    0.0000000000e+00    2.3504600770e-01   -3.0784607727e-03    2.3504600770e-01    3.0784607727e-03    2.5928182579e-01    0.0000000000e+00
    1.405000e+01    7.4101911763e-01    0.0000000000e+00    2.3505980153e-01   -2.9360260944e-03    2.3505980153e-01    2.9360260944e-03    2.5898088237e-01    0.0000000000e+00
    1.410000e+01    7.4130452985e-01    0.0000000000e+00    2.3508380620e-01   -2.7681111403e-03    2.3508380620e-01    2.7681111403e-03    2.5869547015e-01    0.0000000000e+00
    1.415000e+01    7.4157194864e-01    0.0000000000e+00    2.3511763772e-01   -2.5764665590e-03    2.3511763772e-01    2.5764665590e-03    2.5842805136e-01    0.0000000000e+00
    1.420000e+01    7.4181909696e-01    0.0000000000e+00    2.3516082762e-01   -2.3630420618e-03    2.3516082762e-01    2.3630420618e-03    2.5818090304e-01    0.0000000000e+00
    1.425000e+01    7.4204390187e-01    0.0000000000e+00    2.3521282851e-01   -2.1299674394e-03    2.3521282851e-01    2.1299674394e-03    2.5795609813e-01    0.0000000000e+00
    1.430000e+01    7.4224451160e-01    0.0000000000e+00    2.3527302024e-01   -1.8795321086e-03    2.3527302024e-01    1.8795321086e-03    2.5775548840e-01    0.0000000000e+00
    1.435000e+01    7.4241931039e-01    0.0000000000e+00    2.3534071657e-01   -1.6141633790e-03    2.3534071657e-01    1.6141633790e-03    2.5758068961e-01    0.0000000000e+00
    1.440000e+01    7.4256693115e-01    0.0000000000e+00    2.3541517250e-01   -1.3364036406e-03    2.3541517250e-01    1.3364036406e-03    2.5743306885e-01    0.0000000000e+00
    1.445000e+01    7.4268626580e-01    0.0000000000e+00    2.3549559183e-01   -1.0488866812e-03    2.3549559183e-01    1.0488866812e-03    2.5731373420e-01    0.0000000000e+00
    1.450000e+01    7.4277647322e-01    0.0000000000e+00    2.3558113526e-01   -7.5431334854e-04    2.3558113526e-01    7.5431334854e-04    2.5722352678e-01    0.0000000000e+00
    1.455000e+01    7.4283698468e-01    0.0000000000e+00    2.3567092862e-01   -4.5542677866e-04    2.3567092862e-01    4.5542677866e-04    2.5716301532e-01    0.0000000000e+00
    1.460000e+01    7.4286750683e-01    0.0000000000e+00    2.3576407143e-01   -1.5498741173e-04    2.3576407143e-01    1.5498741173e-04    2.5713249317e-01    0.0000000000e+00
    1.465000e+01    7.4286802219e-01    0.0000000000e+00    2.3585964546e-01    1.4425197934e-04    2.3585964546e-01   -1.4425197934e-04    2.5713197781e-01    0.0000000000e+00
    1.470000e+01    7.4283878717e-01    0.0000000000e+00    2.3595672343e-01    4.3957102619e-04    2.3595672343e-01   -4.3957102619e-04    2.5716121283e-01    0.0000000000e+00
    1.475000e+01    7.4278032755e-01    0.0000000000e+00    2.3605437762e-01    7.2830604860e-04    2.3605437762e-01   -7.2830604860e-04    2.5721967245e-01    0.0000000000e+00
    1.480000e+01    7.4269343166e-01    0.0000000000e+00    2.3615168835e-01    1.0078736705e-03    2.3615168835e-01   -1.0078736705e-03    2.5730656834e-01    0.0000000000e+00
    1.485000e+01    7.4257914121e-01    0.0000000000e+00    2.3624775237e-01    1.2757935613e-03    2.3624775237e-01   -1.2757935613e-03    2.5742085879e-01    0.0000000000e+00
    1.490000e+01    7.4243873988e-01    0.0000000000e+00    2.3634169087e-01    1.5297101045e-03    2.3634169087e-01   -1.5297101045e-03    2.5756126012e-01    0.0000000000e+00
    1.495000e+01    7.4227373983e-01    0.0000000000e+00    2.3643265720e-01    1.7674128057e-03    2.3643265720e-01   -1.7674128057e-03    2.5772626017e-01    0.0000000000e+00
