    0.000000e+00    1.0000000000e+00    0.0000000000e+00    0.0000000000e+00    0.0000000000e+00    0.0000000000e+00    0.0000000000e+00    0.0000000000e+00    0.0000000000e+00
    5.000000e-02    9.9750457936e-01    0.0000000000e+00    2.4945887465e-03    4.9816904825e-02    2.4945887465e-03   -4.9816904825e-02    2.4954206366e-03    0.0000000000e+00
    1.000000e-01    9.9007307967e-01    0.0000000000e+00    9.9136791486e-03    9.8540937844e-02    9.9136791486e-03   -9.8540937844e-02    9.9269203343e-03    0.0000000000e+00
    1.500000e-01    9.7786836842e-01    0.0000000000e+00    2.2065176996e-02    1.4510753742e-01    2.2065176996e-02   -1.4510753742e-01    2.2131631577e-02    0.0000000000e+00
    2.000000e-01    9.6115720428e-01    0.0000000000e+00    3.8635303376e-02    1.8850790104e-01    3.8635303376e-02   -1.8850790104e-01    3.8842795717e-02    0.0000000000e+00
    2.500000e-01    9.4030335584e-01    0.0000000000e+00    5.9197932595e-02    2.2781474227e-01    5.9197932595e-02   -2.2781474227e-01    5.9696644163e-02    0.0000000000e+00
    3.000000e-01    9.1575826181e-01    0.0000000000e+00    8.3227215944e-02    2.6220558420e-01    8.3227215944e-02   -2.6220558420e-01    8.4241738192e-02    0.0000000000e+00
    3.500000e-01    8.8804951403e-01    0.0000000000e+00    1.1011306295e-01    2.9098290437e-01    1.1011306295e-01   -2.9098290437e-01    1.1195048597e-01    0.0000000000e+00
    4.000000e-01    8.5776750786e-01    0.0000000000e+00    1.3917895827e-01    3.1359055543e-01    1.3917895827e-01   -3.1359055543e-01    1.4223249214e-01    0.0000000000e+00
    4.500000e-01    8.2555065596e-01    0.0000000000e+00    1.6970151885e-01    3.2962601432e-01    1.6970151885e-01   -3.2962601432e-01    1.7444934404e-01    0.0000000000e+00
    5.000000e-01    7.9206959903e-01    0.0000000000e+00    2.0093114500e-01    3.3884815536e-01    2.0093114500e-01   -3.3884815536e-01    2.0793040097e-01    0.0000000000e+00
    5.500000e-01    7.5801087010e-01    0.0000000000e+00    2.3211309230e-01    3.4118039310e-01    2.3211309230e-01   -3.4118039310e-01    2.4198912990e-01    0.0000000000e+00
    6.000000e-01    7.2406047673e-01    0.0000000000e+00    2.6250828908e-01    3.3670919430e-01    2.6250828908e-01   -3.3670919430e-01    2.7593952327e-01    0.0000000000e+00
    6.500000e-01    6.9088785789e-01    0.0000000000e+00    2.9141324710e-01    3.2567810860e-01    2.9141324710e-01   -3.2567810860e-01    3.0911214211e-01    0.0000000000e+00
    7.000000e-01    6.5913065034e-01    0.0000000000e+00    3.1817845817e-01    3.0847760889e-01    3.1817845817e-01   -3.0847760889e-01    3.4086934966e-01    0.0000000000e+00
    7.500000e-01    6.2938066345e-01    0.0000000000e+00    3.4222473593e-01    2.8563115996e-01    3.4222473593e-01   -2.8563115996e-01    3.7061933655e-01    0.0000000000e+00
    8.000000e-01    6.0217141420e-01    0.0000000000e+00    3.6305704607e-01    2.5777804374e-01    3.6305704607e-01   -2.5777804374e-01    3.9782858580e-01    0.0000000000e+00
    8.500000e-01    5.7796751640e-01    0.0000000000e+00    3.8027546604e-01    2.2565355724e-01    3.8027546604e-01   -2.2565355724e-01    4.2203248360e-01    0.0000000000e+00
    9.000000e-01    5.5715615340e-01    0.0000000000e+00    3.9358302320e-01    1.9006726283e-01    3.9358302320e-01   -1.9006726283e-01    4.4284384660e-01    0.0000000000e+00
    9.500000e-01    5.4004079336e-01    0.0000000000e+00    4.0279027334e-01    1.5188000864e-01    4.0279027334e-01   -1.5188000864e-01    4.5995920664e-01    0.0000000000e+00
    1.000000e+00    5.2683723347e-01    0.0000000000e+00    4.0781659567e-01    1.1198044816e-01    4.0781659567e-01   -1.1198044816e-01    4.7316276653e-01    0.0000000000e+00
    1.050000e+00    5.1767198748e-01    0.0000000000e+00    4.0868829078e-01    7.1261774501e-02    4.0868829078e-01   -7.1261774501e-02    4.8232801252e-01    0.0000000000e+00
    1.100000e+00    5.1258296045e-01    0.0000000000e+00    4.0553367094e-01    3.0599346573e-02    4.0553367094e-01   -3.0599346573e-02    4.8741703955e-01    0.0000000000e+00
    1.150000e+00    5.1152229039e-01    0.0000000000e+00    3.9857542418e-01   -9.1701750675e-03    3.9857542418e-01    9.1701750675e-03    4.8847770961e-01    0.0000000000e+00
    1.200000e+00    5.1436117792e-01    0.0000000000e+00    3.8812061100e-01   -4.7267642804e-02    3.8812061100e-01    4.7267642804e-02    4.8563882208e-01    0.0000000000e+00
    1.250000e+00    5.2089647583e-01    0.0000000000e+00    3.7454871403e-01   -8.2987739720e-02    3.7454871403e-01    8.2987739720e-02    4.7910352417e-01    0.0000000000e+00
    1.300000e+00    5.3085877086e-01    0.0000000000e+00    3.5829820433e-01   -1.1571245621e-01    3.5829820433e-01    1.1571245621e-01    4.6914122914e-01    0.0000000000e+00
    1.350000e+00    5.4392166067e-01    0.0000000000e+00    3.3985211277e-01   -1.4492149027e-01    3.3985211277e-01    1.4492149027e-01    4.5607833933e-01    0.0000000000e+00
    1.400000e+00    5.5971191160e-01    0.0000000000e+00    3.1972310118e-01   -1.7019944711e-01    3.1972310118e-01    1.7019944711e-01    4.4028808840e-01    0.0000000000e+00
    1.450000e+00    5.7782017504e-01    0.0000000000e+00    2.9843851645e-01   -1.9123982240e-01    2.9843851645e-01    1.9123982240e-01    4.2217982496e-01    0.0000000000e+00
    1.500000e+00    5.9781194471e-01    0.0000000000e+00    2.7652588285e-01   -2.0784585557e-01    2.7652588285e-01    2.0784585557e-01    4.0218805529e-01    0.0000000000e+00
    1.550000e+00    6.1923844968e-01    0.0000000000e+00    2.5449924609e-01   -2.1992843258e-01    2.5449924609e-01    2.1992843258e-01    3.8076155032e-01    0.0000000000e+00
    1.600000e+00    6.4164720089e-01    0.0000000000e+00    2.3284672830e-01   -2.2750129787e-01    2.3284672830e-01    2.2750129787e-01    3.5835279911e-01    0.0000000000e+00
    1.650000e+00    6.6459193747e-01    0.0000000000e+00    2.1201959071e-01   -2.3067390145e-01    2.1201959071e-01    2.3067390145e-01    3.3540806253e-01    0.0000000000e+00
    1.700000e+00    6.8764175517e-01    0.0000000000e+00    1.9242303171e-01   -2.2964225734e-01    1.9242303171e-01    2.2964225734e-01    3.1235824483e-01    0.0000000000e+00
    1.750000e+00    7.1038923811e-01    0.0000000000e+00    1.7440887580e-01   -2.2467822353e-01    1.7440887580e-01    2.2467822353e-01    2.8961076189e-01    0.0000000000e+00
    1.800000e+00    7.3245745746e-01    0.0000000000e+00    1.5827023713e-01   -2.1611763106e-01    1.5827023713e-01    2.1611763106e-01    2.6754254254e-01    0.0000000000e+00
    1.850000e+00    7.5350574334e-01    0.0000000000e+00    1.4423817119e-01   -2.0434769150e-01    1.4423817119e-01    2.0434769150e-01    2.4649425666e-01    0.0000000000e+00
    1.900000e+00    7.7323417887e-01    0.0000000000e+00    1.3248026379e-01   -1.8979409936e-01    1.3248026379e-01    1.8979409936e-01    2.2676582113e-01    0.0000000000e+00
    1.950000e+00    7.9138680562e-01    0.0000000000e+00    1.2310104826e-01   -1.7290821986e-01    1.2310104826e-01    1.7290821986e-01    2.0861319438e-01    0.0000000000e+00
    2.000000e+00    8.0775356698e-01    0.0000000000e+00    1.1614409263e-01   -1.5415471621e-01    1.1614409263e-01    1.5415471621e-01    1.9224643302e-01    0.0000000000e+00
    2.050000e+00    8.2217104938e-01    0.0000000000e+00    1.1159555832e-01   -1.3399992497e-01    1.1159555832e-01    1.3399992497e-01    1.7782895062e-01    0.0000000000e+00
    2.100000e+00    8.3452210932e-01    0.0000000000e+00    1.0938900250e-01   -1.1290123679e-01    1.0938900250e-01    1.1290123679e-01    1.6547789068e-01    0.0000000000e+00
    2.150000e+00    8.4473449748e-01    0.0000000000e+00    1.0941117691e-01   -9.1297684463e-02    1.0941117691e-01    9.1297684463e-02    1.5526550252e-01    0.0000000000e+00
    2.200000e+00    8.5277860817e-01    0.0000000000e+00    1.1150856684e-01   -6.9601883707e-02    1.1150856684e-01    6.9601883707e-02    1.4722139183e-01    0.0000000000e+00
    2.250000e+00    8.5866449459e-01    0.0000000000e+00    1.1549441430e-01   -4.8193415957e-02    1.1549441430e-01    4.8193415957e-02    1.4133550541e-01    0.0000000000e+00
    2.300000e+00    8.6243829609e-01    0.0000000000e+00    1.2115597884e-01   -2.7413689472e-02    1.2115597884e-01    2.7413689472e-02    1.3756170391e-01    0.0000000000e+00
    2.350000e+00    8.6417822511e-01    0.0000000000e+00    1.2826180551e-01   -7.5622659024e-03    1.2826180551e-01    7.5622659024e-03    1.3582177489e-01    0.0000000000e+00
    2.400000e+00    8.6399025796e-01    0.0000000000e+00    1.3656879271e-01    1.1105403717e-02    1.3656879271e-01   -1.1105403717e-02    1.3600974204e-01    0.0000000000e+00
    2.450000e+00    8.6200366586e-01    0.0000000000e+00    1.4582887934e-01    2.8378926386e-02    1.4582887934e-01   -2.8378926386e-02    1.3799633414e-01    0.0000000000e+00
    2.500000e+00    8.5836651210e-01    0.0000000000e+00    1.5579520181e-01    4.4092720364e-02    1.5579520181e-01   -4.4092720364e-02    1.4163348790e-01    0.0000000000e+00
    2.550000e+00    8.5324122765e-01    0.0000000000e+00    1.6622760332e-01    5.8124718794e-02    1.6622760332e-01   -5.8124718794e-02    1.4675877235e-01    0.0000000000e+00
    2.600000e+00    8.4680036224e-01    0.0000000000e+00    1.7689741055e-01    7.0394183074e-02    1.7689741055e-01   -7.0394183074e-02    1.5319963776e-01    0.0000000000e+00
    2.650000e+00    8.3922259173e-01    0.0000000000e+00    1.8759142490e-01    8.0858793133e-02    1.8759142490e-01   -8.0858793133e-02    1.6077740827e-01    0.0000000000e+00
    2.700000e+00    8.3068904554e-01    0.0000000000e+00    1.9811510526e-01    8.9511183029e-02    1.9811510526e-01   -8.9511183029e-02    1.6931095446e-01    0.0000000000e+00
    2.750000e+00    8.2138000139e-01    0.0000000000e+00    2.0829494647e-01    9.6375085857e-02    2.0829494647e-01   -9.6375085857e-02    1.7861999861e-01    0.0000000000e+00
    2.800000e+00    8.1147197859e-01    0.0000000000e+00    2.1798008158e-01    1.0150124265e-01    2.1798008158e-01   -1.0150124265e-01    1.8852802141e-01    0.0000000000e+00
    2.850000e+00    8.0113524634e-01    0.0000000000e+00    2.2704315613e-01    1.0496321671e-01    2.2704315613e-01   -1.0496321671e-01    1.9886475366e-01    0.0000000000e+00
    2.900000e+00    7.9053174990e-01    0.0000000000e+00    2.3538053837e-01    1.0685323870e-01    2.3538053837e-01   -1.0685323870e-01    2.0946825010e-01    0.0000000000e+00
    2.950000e+00    7.7981344633e-01    0.0000000000e+00    2.4291194141e-01    1.0727818955e-01    2.4291194141e-01   -1.0727818955e-01    2.2018655367e-01    0.0000000000e+00
    3.000000e+00    7.6912103116e-01    0.0000000000e+00    2.4957954105e-01    1.0635580919e-01    2.4957954105e-01   -1.0635580919e-01    2.3087896884e-01    0.0000000000e+00
    3.050000e+00    7.5858303009e-01    0.0000000000e+00    2.5534667706e-01    1.0421119962e-01    2.5534667706e-01   -1.0421119962e-01    2.4141696991e-01    0.0000000000e+00
    3.100000e+00    7.4831522339e-01    0.0000000000e+00    2.6019622623e-01    1.0097367163e-01    2.6019622623e-01   -1.0097367163e-01    2.5168477661e-01    0.0000000000e+00
    3.150000e+00    7.3842036720e-01    0.0000000000e+00    2.6412873356e-01    9.6773967186e-02    2.6412873356e-01   -9.6773967186e-02    2.6157963280e-01    0.0000000000e+00
    3.200000e+00    7.2898817297e-01    0.0000000000e+00    2.6716038248e-01    9.1741872566e-02    2.6716038248e-01   -9.1741872566e-02    2.7101182703e-01    0.0000000000e+00
    3.250000e+00    7.2009550605e-01    0.0000000000e+00    2.6932087898e-01    8.6004223445e-02    2.6932087898e-01   -8.6004223445e-02    2.7990449395e-01    0.0000000000e+00
    3.300000e+00    7.1180676455e-01    0.0000000000e+00    2.7065131571e-01    7.9683290790e-02    2.7065131571e-01   -7.9683290790e-02    2.8819323545e-01    0.0000000000e+00
    3.350000e+00    7.0417440141e-01    0.0000000000e+00    2.7120207334e-01    7.2895526482e-02    2.7120207334e-01   -7.2895526482e-02    2.9582559859e-01    0.0000000000e+00
    3.400000e+00    6.9723955511e-01    0.0000000000e+00    2.7103080655e-01    6.5750639985e-02    2.7103080655e-01   -6.5750639985e-02    3.0276044489e-01    0.0000000000e+00
    3.450000e+00    6.9103275751e-01    0.0000000000e+00    2.7020055265e-01    5.8350971950e-02    2.7020055265e-01   -5.8350971950e-02    3.0896724249e-01    0.0000000000e+00
    3.500000e+00    6.8557469116e-01    0.0000000000e+00    2.6877799106e-01    5.0791127228e-02    2.6877799106e-01   -5.0791127228e-02    3.1442530884e-01    0.0000000000e+00
    3.550000e+00    6.8087697180e-01    0.0000000000e+00    2.6683187341e-01    4.3157828223e-02    2.6683187341e-01   -4.3157828223e-02    3.1912302820e-01    0.0000000000e+00
    3.600000e+00    6.7694293630e-01    0.0000000000e+00    2.6443163553e-01    3.5529949579e-02    2.6443163553e-01   -3.5529949579e-02    3.2305706370e-01    0.0000000000e+00
    3.650000e+00    6.7376841949e-01    0.0000000000e+00    2.6164619597e-01    2.7978696545e-02    2.6164619597e-01   -2.7978696545e-02    3.2623158051e-01    0.0000000000e+00
    3.700000e+00    6.7134250757e-01    0.0000000000e+00    2.5854293936e-01    2.0567891842e-02    2.5854293936e-01   -2.0567891842e-02    3.2865749243e-01    0.0000000000e+00
    3.750000e+00    6.6964825871e-01    0.0000000000e+00    2.5518687787e-01    1.3354339055e-02    2.5518687787e-01   -1.3354339055e-02    3.3035174129e-01    0.0000000000e+00
    3.800000e+00    6.6866338463e-01    0.0000000000e+00    2.5163998048e-01    6.3882343630e-03    2.5163998048e-01   -6.3882343630e-03    3.3133661537e-01    0.0000000000e+00
    3.850000e+00    6.6836088971e-01    0.0000000000e+00    2.4796065653e-01   -2.8639749899e-04    2.4796065653e-01    2.8639749899e-04    3.3163911029e-01    0.0000000000e+00
    3.900000e+00    6.6870966603e-01    0.0000000000e+00    2.4420337829e-01   -6.6312629724e-03    2.4420337829e-01    6.6312629724e-03    3.3129033397e-01    0.0000000000e+00
    3.950000e+00    6.6967504495e-01    0.0000000000e+00    2.4041842629e-01   -1.2613370908e-02    2.4041842629e-01    1.2613370908e-02    3.3032495505e-01    0.0000000000e+00
    4.000000e+00    6.7121930680e-01    0.0000000000e+00    2.3665174057e-01   -1.8204627191e-02    2.3665174057e-01    1.8204627191e-02    3.2878069320e-01    0.0000000000e+00
    4.050000e+00    6.7330215166e-01    0.0000000000e+00    2.3294486160e-01   -2.3381461049e-02    2.3294486160e-01    2.3381461049e-02    3.2669784834e-01    0.0000000000e+00
    4.100000e+00    6.7588113447e-01    0.0000000000e+00    2.2933494502e-01   -2.8124488121e-02    2.2933494502e-01    2.8124488121e-02    3.2411886553e-01    0.0000000000e+00
    4.150000e+00    6.7891206850e-01    0.0000000000e+00    2.2585483594e-01   -3.2418212584e-02    2.2585483594e-01    3.2418212584e-02    3.2108793150e-01    0.0000000000e+00
    4.200000e+00    6.8234940092e-01    0.0000000000e+00    2.2253318940e-01   -3.6250768309e-02    2.2253318940e-01    3.6250768309e-02    3.1765059908e-01    0.0000000000e+00
    4.250000e+00    6.8614656436e-01    0.0000000000e+00    2.1939462566e-01   -3.9613697167e-02    2.1939462566e-01    3.9613697167e-02    3.1385343564e-01    0.0000000000e+00
    4.300000e+00    6.9025630812e-01    0.0000000000e+00    2.1645991011e-01   -4.2501761144e-02    2.1645991011e-01    4.2501761144e-02    3.0974369188e-01    0.0000000000e+00
    4.350000e+00    6.9463101197e-01    0.0000000000e+00    2.1374614964e-01   -4.4912783939e-02    2.1374614964e-01    4.4912783939e-02    3.0536898803e-01    0.0000000000e+00
    4.400000e+00    6.9922298546e-01    0.0000000000e+00    2.1126699853e-01   -4.6847517067e-02    2.1126699853e-01    4.6847517067e-02    3.0077701454e-01    0.0000000000e+00
    4.450000e+00    7.0398475487e-01    0.0000000000e+00    2.0903286847e-01   -4.8309525131e-02    2.0903286847e-01    4.8309525131e-02    2.9601524513e-01    0.0000000000e+00
    4.500000e+00    7.0886933930e-01    0.0000000000e+00    2.0705113870e-01   -4.9305084915e-02    2.0705113870e-01    4.9305084915e-02    2.9113066070e-01    0.0000000000e+00
    4.550000e+00    7.1383051732e-01    0.0000000000e+00    2.0532636325e-01   -4.9843093103e-02    2.0532636325e-01    4.9843093103e-02    2.8616948268e-01    0.0000000000e+00
    4.600000e+00    7.1882308443e-01    0.0000000000e+00    2.0386047330e-01   -4.9934977771e-02    2.0386047330e-01    4.9934977771e-02    2.8117691557e-01    0.0000000000e+00
    4.650000e+00    7.2380310182e-01    0.0000000000e+00    2.0265297350e-01   -4.9594609292e-02    2.0265297350e-01    4.9594609292e-02    2.7619689818e-01    0.0000000000e+00
    4.700000e+00    7.2872813599e-01    0.0000000000e+00    2.0170113170e-01   -4.8838206853e-02    2.0170113170e-01    4.8838206853e-02    2.7127186401e-01    0.0000000000e+00
    4.750000e+00    7.3355748858e-01    0.0000000000e+00    2.0100016194e-01   -4.7684237408e-02    2.0100016194e-01    4.7684237408e-02    2.6644251142e-01    0.0000000000e+00
    4.800000e+00    7.3825241578e-01    0.0000000000e+00    2.0054340107e-01   -4.6153304529e-02    2.0054340107e-01    4.6153304529e-02    2.6174758422e-01    0.0000000000e+00
    4.850000e+00    7.4277633586e-01    0.0000000000e+00    2.0032247950e-01   -4.4268025281e-02    2.0032247950e-01    4.4268025281e-02    2.5722366414e-01    0.0000000000e+00
    4.900000e+00    7.4709502384e-01    0.0000000000e+00    2.0032748656e-01   -4.2052893829e-02    2.0032748656e-01    4.2052893829e-02    2.5290497616e-01    0.0000000000e+00
    4.950000e+00    7.5117679184e-01    0.0000000000e+00    2.0054713130e-01   -3.9534131131e-02    2.0054713130e-01    3.9534131131e-02    2.4882320816e-01    0.0000000000e+00
    5.000000e+00    7.5499265360e-01    0.0000000000e+00    2.0096889927e-01   -3.6739520528e-02    2.0096889927e-01    3.6739520528e-02    2.4500734640e-01    0.0000000000e+00
    5.050000e+00    7.5851647194e-01    0.0000000000e+00    2.0157920582e-01   -3.3698229598e-02    2.0157920582e-01    3.3698229598e-02    2.4148352806e-01    0.0000000000e+00
    5.100000e+00    7.6172508776e-01    0.0000000000e+00    2.0236354641e-01   -3.0440619022e-02    2.0236354641e-01    3.0440619022e-02    2.3827491224e-01    0.0000000000e+00
    5.150000e+00    7.6459842925e-01    0.0000000000e+00    2.0330664420e-01   -2.6998039575e-02    2.0330664420e-01    2.6998039575e-02    2.3540157075e-01    0.0000000000e+00
    5.200000e+00    7.6711960035e-01    0.0000000000e+00    2.0439259512e-01   -2.3402618677e-02    2.0439259512e-01    2.3402618677e-02    2.3288039965e-01    0.0000000000e+00
    5.250000e+00    7.6927494731e-01    0.0000000000e+00    2.0560501043e-01   -1.9687038166e-02    2.0560501043e-01    1.9687038166e-02    2.3072505269e-01    0.0000000000e+00
    5.300000e+00    7.7105410279e-01    0.0000000000e+00    2.0692715660e-01   -1.5884305172e-02    2.0692715660e-01    1.5884305172e-02    2.2894589721e-01    0.0000000000e+00
    5.350000e+00    7.7245000670e-01    0.0000000000e+00    2.0834209235e-01   -1.2027518077e-02    2.0834209235e-01    1.2027518077e-02    2.2754999330e-01    0.0000000000e+00
    5.400000e+00    7.7345890346e-01    0.0000000000e+00    2.0983280253e-01   -8.1496296923e-03    2.0983280253e-01    8.1496296923e-03    2.2654109654e-01    0.0000000000e+00
    5.450000e+00    7.7408031561e-01    0.0000000000e+00    2.1138232821e-01   -4.2832097959e-03    2.1138232821e-01    4.2832097959e-03    2.2591968439e-01    0.0000000000e+00
    5.500000e+00    7.7431699368e-01    0.0000000000e+00    2.1297389271e-01   -4.6020923277e-04    2.1297389271e-01    4.6020923277e-04    2.2568300632e-01    0.0000000000e+00
    5.550000e+00    7.7417484262e-01    0.0000000000e+00    2.1459102286e-01    3.2882722570e-03    2.1459102286e-01   -3.2882722570e-03    2.2582515738e-01    0.0000000000e+00
    5.600000e+00    7.7366282538e-01    0.0000000000e+00    2.1621766487e-01    6.9322123426e-03    2.1621766487e-01   -6.9322123426e-03    2.2633717462e-01    0.0000000000e+00
    5.650000e+00    7.7279284409e-01    0.0000000000e+00    2.1783829429e-01    1.0442884468e-02    2.1783829429e-01   -1.0442884468e-02    2.2720715591e-01    0.0000000000e+00
    5.700000e+00    7.7157960005e-01    0.0000000000e+00    2.1943801946e-01    1.3793066292e-02    2.1943801946e-01   -1.3793066292e-02    2.2842039995e-01    0.0000000000e+00
    5.750000e+00    7.7004043332e-01    0.0000000000e+00    2.2100267769e-01    1.6957236323e-02    2.2100267769e-01   -1.6957236323e-02    2.2995956668e-01    0.0000000000e+00
    5.800000e+00    7.6819514338e-01    0.0000000000e+00    2.2251892382e-01    1.9911756981e-02    2.2251892382e-01   -1.9911756981e-02    2.3180485662e-01    0.0000000000e+00
    5.850000e+00    7.6606579222e-01    0.0000000000e+00    2.2397431055e-01    2.2635042480e-02    2.2397431055e-01   -2.2635042480e-02    2.3393420778e-01    0.0000000000e+00
    5.900000e+00    7.6367649142e-01    0.0000000000e+00    2.2535736003e-01    2.5107710031e-02    2.2535736003e-01   -2.5107710031e-02    2.3632350858e-01    0.0000000000e+00
    5.950000e+00    7.6105317509e-01    0.0000000000e+00    2.2665762642e-01    2.7312713064e-02    2.2665762642e-01   -2.7312713064e-02    2.3894682491e-01    0.0000000000e+00
    6.000000e+00    7.5822336033e-01    0.0000000000e+00    2.2786574907e-01    2.9235455321e-02    2.2786574907e-01   -2.9235455321e-02    2.4177663967e-01    0.0000000000e+00
    6.050000e+00    7.5521589736e-01    0.0000000000e+00    2.2897349593e-01    3.0863884832e-02    2.2897349593e-01   -3.0863884832e-02    2.4478410264e-01    0.0000000000e+00
    6.100000e+00    7.5206071124e-01    0.0000000000e+00    2.2997379725e-01    3.2188566999e-02    2.2997379725e-01   -3.2188566999e-02    2.4793928876e-01    0.0000000000e+00
    6.150000e+00    7.4878853739e-01    0.0000000000e+00    2.3086076926e-01    3.3202736167e-02    2.3086076926e-01   -3.3202736167e-02    2.5121146261e-01    0.0000000000e+00
    6.200000e+00    7.4543065302e-01    0.0000000000e+00    2.3162972798e-01    3.3902325278e-02    2.3162972798e-01   -3.3902325278e-02    2.5456934698e-01    0.0000000000e+00
    6.250000e+00    7.4201860670e-01    0.0000000000e+00    2.3227719309e-01    3.4285973378e-02    2.3227719309e-01   -3.4285973378e-02    2.5798139330e-01    0.0000000000e+00
    6.300000e+00    7.3858394831e-01    0.0000000000e+00    2.3280088211e-01    3.4355010948e-02    2.3280088211e-01   -3.4355010948e-02    2.6141605169e-01    0.0000000000e+00
    6.350000e+00    7.3515796157e-01    0.0000000000e+00    2.3319969504e-01    3.4113423218e-02    2.3319969504e-01   -3.4113423218e-02    2.6484203843e-01    0.0000000000e+00
    6.400000e+00    7.3177140126e-01    0.0000000000e+00    2.3347368985e-01    3.3567791817e-02    2.3347368985e-01   -3.3567791817e-02    2.6822859874e-01    0.0000000000e+00
    6.450000e+00    7.2845423740e-01    0.0000000000e+00    2.3362404906e-01    3.2727215285e-02    2.3362404906e-01   -3.2727215285e-02    2.7154576260e-01    0.0000000000e+00
    6.500000e+00    7.2523540841e-01    0.0000000000e+00    2.3365303797e-01    3.1603209182e-02    2.3365303797e-01   -3.1603209182e-02    2.7476459159e-01    0.0000000000e+00
    6.550000e+00    7.2214258518e-01    0.0000000000e+00    2.3356395500e-01    3.0209586664e-02    2.3356395500e-01   -3.0209586664e-02    2.7785741482e-01    0.0000000000e+00
    6.600000e+00    7.1920194809e-01    0.0000000000e+00    2.3336107458e-01    2.8562320598e-02    2.3336107458e-01   -2.8562320598e-02    2.8079805191e-01    0.0000000000e+00
    6.650000e+00    7.1643797864e-01    0.0000000000e+00    2.3304958345e-01    2.6679388419e-02    2.3304958345e-01   -2.6679388419e-02    2.8356202136e-01    0.0000000000e+00
    6.700000e+00    7.1387326741e-01    0.0000000000e+00    2.3263551074e-01    2.4580601105e-02    2.3263551074e-01   -2.4580601105e-02    2.8612673259e-01    0.0000000000e+00
    6.750000e+00    7.1152833990e-01    0.0000000000e+00    2.3212565276e-01    2.2287417741e-02    2.3212565276e-01   -2.2287417741e-02    2.8847166010e-01    0.0000000000e+00
    6.800000e+00    7.0942150148e-01    0.0000000000e+00    2.3152749303e-01    1.9822747320e-02    2.3152749303e-01   -1.9822747320e-02    2.9057849852e-01    0.0000000000e+00
    6.850000e+00    7.0756870282e-01    0.0000000000e+00    2.3084911847e-01    1.7210739480e-02    2.3084911847e-01   -1.7210739480e-02    2.9243129718e-01    0.0000000000e+00
    6.900000e+00    7.0598342666e-01    0.0000000000e+00    2.3009913239e-01    1.4476566006e-02    2.3009913239e-01   -1.4476566006e-02    2.9401657334e-01    0.0000000000e+00
    6.950000e+00    7.0467659683e-01    0.0000000000e+00    2.2928656514e-01    1.1646194992e-02    2.2928656514e-01   -1.1646194992e-02    2.9532340317e-01    0.0000000000e+00
    7.000000e+00    7.0365651017e-01    0.0000000000e+00    2.2842078322e-01    8.7461596234e-03    2.2842078322e-01   -8.7461596234e-03    2.9634348983e-01    0.0000000000e+00
    7.050000e+00    7.0292879170e-01    0.0000000000e+00    2.2751139753e-01    5.8033235607e-03    2.2751139753e-01   -5.8033235607e-03    2.9707120830e-01    0.0000000000e+00
    7.100000e+00    7.0249637338e-01    0.0000000000e+00    2.2656817175e-01    2.8446449756e-03    2.2656817175e-01   -2.8446449756e-03    2.9750362662e-01    0.0000000000e+00
    7.150000e+00    7.0235949646e-01    0.0000000000e+00    2.2560093137e-01   -1.0305874712e-04    2.2560093137e-01    1.0305874712e-04    2.9764050354e-01    0.0000000000e+00
    7.200000e+00    7.0251573717e-01    0.0000000000e+00    2.2461947435e-01   -3.0133436065e-03    2.2461947435e-01    3.0133436065e-03    2.9748426283e-01    0.0000000000e+00
    7.250000e+00    7.0296005555e-01    0.0000000000e+00    2.2363348397e-01   -5.8603668872e-03    2.2363348397e-01    5.8603668872e-03    2.9703994445e-01    0.0000000000e+00
    7.300000e+00    7.0368486667e-01    0.0000000000e+00    2.2265244468e-01   -8.6191084124e-03    2.2265244468e-01    8.6191084124e-03    2.9631513333e-01    0.0000000000e+00
    7.350000e+00    7.0468013363e-01    0.0000000000e+00    2.2168556150e-01   -1.1265583256e-02    2.2168556150e-01    1.1265583256e-02    2.9531986637e-01    0.0000000000e+00
    7.400000e+00    7.0593348127e-01    0.0000000000e+00    2.2074168372e-01   -1.3777044103e-02    2.2074168372e-01    1.3777044103e-02    2.9406651873e-01    0.0000000000e+00
    7.450000e+00    7.0743032955e-01    0.0000000000e+00    2.1982923332e-01   -1.6132171534e-02    2.1982923332e-01    1.6132171534e-02    2.9256967045e-01    0.0000000000e+00
    7.500000e+00    7.0915404533e-01    0.0000000000e+00    2.1895613878e-01   -1.8311250632e-02    2.1895613878e-01    1.8311250632e-02    2.9084595467e-01    0.0000000000e+00
    7.550000e+00    7.1108611098e-01    0.0000000000e+00    2.1812977459e-01   -2.0296332424e-02    2.1812977459e-01    2.0296332424e-02    2.8891388902e-01    0.0000000000e+00
    7.600000e+00    7.1320630837e-01    0.0000000000e+00    2.1735690705e-01   -2.2071378797e-02    2.1735690705e-01    2.2071378797e-02    2.8679369163e-01    0.0000000000e+00
    7.650000e+00    7.1549291650e-01    0.0000000000e+00    2.1664364651e-01   -2.3622389709e-02    2.1664364651e-01    2.3622389709e-02    2.8450708350e-01    0.0000000000e+00
    7.700000e+00    7.1792292086e-01    0.0000000000e+00    2.1599540651e-01   -2.4937511633e-02    2.1599540651e-01    2.4937511633e-02    2.8207707914e-01    0.0000000000e+00
    7.750000e+00    7.2047223269e-01    0.0000000000e+00    2.1541686998e-01   -2.6007126370e-02    2.1541686998e-01    2.6007126370e-02    2.7952776731e-01    0.0000000000e+00
    7.800000e+00    7.2311591613e-01    0.0000000000e+00    2.1491196256e-01   -2.6823919536e-02    2.1491196256e-01    2.6823919536e-02    2.7688408387e-01    0.0000000000e+00
    7.850000e+00    7.2582842114e-01    0.0000000000e+00    2.1448383335e-01   -2.7382928199e-02    2.1448383335e-01    2.7382928199e-02    2.7417157886e-01    0.0000000000e+00
    7.900000e+00    7.2858382013e-01    0.0000000000e+00    2.1413484294e-01   -2.7681567341e-02    2.1413484294e-01    2.7681567341e-02    2.7141617987e-01    0.0000000000e+00
    7.950000e+00    7.3135604625e-01    0.0000000000e+00    2.1386655873e-01   -2.7719635002e-02    2.1386655873e-01    2.7719635002e-02    2.6864395375e-01    0.0000000000e+00
    8.000000e+00    7.3411913099e-01    0.0000000000e+00    2.1367975750e-01   -2.7499296158e-02    2.1367975750e-01    2.7499296158e-02    2.6588086901e-01    0.0000000000e+00
    8.050000e+00    7.3684743923e-01    0.0000000000e+00    2.1357443499e-01   -2.7025045567e-02    2.1357443499e-01    2.7025045567e-02    2.6315256077e-01    0.0000000000e+00
    8.100000e+00    7.3951589950e-01    0.0000000000e+00    2.1354982240e-01   -2.6303650004e-02    2.1354982240e-01    2.6303650004e-02    2.6048410050e-01    0.0000000000e+00
    8.150000e+00    7.4210022744e-01    0.0000000000e+00    2.1360440933e-01   -2.5344070507e-02    2.1360440933e-01    2.5344070507e-02    2.5789977256e-01    0.0000000000e+00
    8.200000e+00    7.4457714054e-01    0.0000000000e+00    2.1373597309e-01   -2.4157365403e-02    2.1373597309e-01    2.4157365403e-02    2.5542285946e-01    0.0000000000e+00
    8.250000e+00    7.4692456229e-01    0.0000000000e+00    2.1394161381e-01   -2.2756575073e-02    2.1394161381e-01    2.2756575073e-02    2.5307543771e-01    0.0000000000e+00
    8.300000e+00    7.4912181383e-01    0.0000000000e+00    2.1421779498e-01   -2.1156589573e-02    2.1421779498e-01    2.1156589573e-02    2.5087818617e-01    0.0000000000e+00
    8.350000e+00    7.5114979170e-01    0.0000000000e+00    2.1456038904e-01   -1.9374000376e-02    2.1456038904e-01    1.9374000376e-02    2.4885020830e-01    0.0000000000e+00
    8.400000e+00    7.5299112993e-01    0.0000000000e+00    2.1496472743e-01   -1.7426937636e-02    2.1496472743e-01    1.7426937636e-02    2.4700887007e-01    0.0000000000e+00
    8.450000e+00    7.5463034524e-01    0.0000000000e+00    2.1542565460e-01   -1.5334894500e-02    2.1542565460e-01    1.5334894500e-02    2.4536965476e-01    0.0000000000e+00
    8.500000e+00    7.5605396404e-01    0.0000000000e+00    2.1593758544e-01   -1.3118540129e-02    2.1593758544e-01    1.3118540129e-02    2.4394603596e-01    0.0000000000e+00
    8.550000e+00    7.5725063032e-01    0.0000000000e+00    2.1649456554e-01   -1.0799523135e-02    2.1649456554e-01    1.0799523135e-02    2.4274936968e-01    0.0000000000e+00
    8.600000e+00    7.5821119341e-01    0.0000000000e+00    2.1709033370e-01   -8.4002672810e-03    2.1709033370e-01    8.4002672810e-03    2.4178880659e-01    0.0000000000e+00
    8.650000e+00    7.5892877504e-01    0.0000000000e+00    2.1771838609e-01   -5.9437613127e-03    2.1771838609e-01    5.9437613127e-03    2.4107122496e-01    0.0000000000e+00
    8.700000e+00    7.5939881517e-01    0.0000000000e+00    2.1837204141e-01   -3.4533448564e-03    2.1837204141e-01    3.4533448564e-03    2.4060118483e-01    0.0000000000e+00
    8.750000e+00    7.5961909624e-01    0.0000000000e+00    2.1904450655e-01   -9.5249234064e-04    2.1904450655e-01    9.5249234064e-04    2.4038090376e-01    0.0000000000e+00
    8.800000e+00    7.5958974587e-01    0.0000000000e+00    2.1972894197e-01    1.5354030861e-03    2.1972894197e-01   -1.5354030861e-03    2.4041025413e-01    0.0000000000e+00
    8.850000e+00    7.5931321801e-01    0.0000000000e+00    2.2041852644e-01    3.9872436776e-03    2.2041852644e-01   -3.9872436776e-03    2.4068678199e-01    0.0000000000e+00
    8.900000e+00    7.5879425282e-01    0.0000000000e+00    2.2110652035e-01    6.3804373125e-03    2.2110652035e-01   -6.3804373125e-03    2.4120574718e-01    0.0000000000e+00
    8.950000e+00    7.5803981586e-01    0.0000000000e+00    2.2178632723e-01    8.6931019197e-03    2.2178632723e-01   -8.6931019197e-03    2.4196018414e-01    0.0000000000e+00
    9.000000e+00    7.5705901713e-01    0.0000000000e+00    2.2245155272e-01    1.0904262267e-02    2.2245155272e-01   -1.0904262267e-02    2.4294098287e-01    0.0000000000e+00
    9.050000e+00    7.5586301099e-01    0.0000000000e+00    2.2309606080e-01    1.2994037352e-02    2.2309606080e-01   -1.2994037352e-02    2.4413698901e-01    0.0000000000e+00
    9.100000e+00    7.5446487778e-01    0.0000000000e+00    2.2371402649e-01    1.4943816723e-02    2.2371402649e-01   -1.4943816723e-02    2.4553512222e-01    0.0000000000e+00
    9.150000e+00    7.5287948848e-01    0.0000000000e+00    2.2429998490e-01    1.6736424162e-02    2.2429998490e-01   -1.6736424162e-02    2.4712051152e-01    0.0000000000e+00
    9.200000e+00    7.5112335367e-01    0.0000000000e+00    2.2484887596e-01    1.8356267304e-02    2.2484887596e-01   -1.8356267304e-02    2.4887664633e-01    0.0000000000e+00
    9.250000e+00    7.4921445834e-01    0.0000000000e+00    2.2535608473e-01    1.9789471855e-02    2.2535608473e-01   -1.9789471855e-02    2.5078554166e-01    0.0000000000e+00
    9.300000e+00    7.4717208402e-01    0.0000000000e+00    2.2581747685e-01    2.1023999271e-02    2.2581747685e-01   -2.1023999271e-02    2.5282791598e-01    0.0000000000e+00
    9.350000e+00    7.4501662006e-01    0.0000000000e+00    2.2622942893e-01    2.2049746883e-02    2.2622942893e-01   -2.2049746883e-02    2.5498337994e-01    0.0000000000e+00
    9.400000e+00    7.4276936579e-01    0.0000000000e+00    2.2658885370e-01    2.2858629612e-02    2.2658885370e-01   -2.2858629612e-02    2.5723063421e-01    0.0000000000e+00
    9.450000e+00    7.4045232549e-01    0.0000000000e+00    2.2689321973e-01    2.3444642627e-02    2.2689321973e-01   -2.3444642627e-02    2.5954767451e-01    0.0000000000e+00
    9.500000e+00    7.3808799803e-01    0.0000000000e+00    2.2714056567e-01    2.3803904434e-02    2.2714056567e-01   -2.3803904434e-02    2.6191200197e-01    0.0000000000e+00
    9.550000e+00    7.3569916320e-01    0.0000000000e+00    2.2732950893e-01    2.3934680092e-02    2.2732950893e-01   -2.3934680092e-02    2.6430083680e-01    0.0000000000e+00
    9.600000e+00    7.3330866676e-01    0.0000000000e+00    2.2745924883e-01    2.3837384431e-02    2.2745924883e-01   -2.3837384431e-02    2.6669133324e-01    0.0000000000e+00
    9.650000e+00    7.3093920609e-01    0.0000000000e+00    2.2752956427e-01    2.3514565330e-02    2.2752956427e-01   -2.3514565330e-02    2.6906079391e-01    0.0000000000e+00
    9.700000e+00    7.2861311859e-01    0.0000000000e+00    2.2754080606e-01    2.2970867291e-02    2.2754080606e-01   -2.2970867291e-02    2.7138688141e-01    0.0000000000e+00
    9.750000e+00    7.2635217461e-01    0.0000000000e+00    2.2749388398e-01    2.2212975744e-02    2.2749388398e-01   -2.2212975744e-02    2.7364782539e-01    0.0000000000e+00
    9.800000e+00    7.2417737691e-01    0.0000000000e+00    2.2739024890e-01    2.1249542672e-02    2.2739024890e-01   -2.1249542672e-02    2.7582262309e-01    0.0000000000e+00
    9.850000e+00    7.2210876854e-01    0.0000000000e+00    2.2723187000e-01    2.0091094332e-02    2.2723187000e-01   -2.0091094332e-02    2.7789123146e-01    0.0000000000e+00
    9.900000e+00    7.2016525067e-01    0.0000000000e+00    2.2702120769e-01    1.8749922008e-02    2.2702120769e-01   -1.8749922008e-02    2.7983474933e-01    0.0000000000e+00
    9.950000e+00    7.1836441224e-01    0.0000000000e+00    2.2676118218e-01    1.7239956882e-02    2.2676118218e-01   -1.7239956882e-02    2.8163558776e-01    0.0000000000e+00
    1.000000e+01    7.1672237284e-01    0.0000000000e+00    2.2645513836e-01    1.5576630252e-02    2.2645513836e-01   -1.5576630252e-02    2.8327762716e-01    0.0000000000e+00
    1.005000e+01    7.1525364027e-01    0.0000000000e+00    2.2610680718e-01    1.3776720467e-02    2.2610680718e-01   -1.3776720467e-02    2.8474635973e-01    0.0000000000e+00
    1.010000e+01    7.1397098396e-01    0.0000000000e+00    2.2572026405e-01    1.1858188052e-02    2.2572026405e-01   -1.1858188052e-02    2.8602901604e-01    0.0000000000e+00
    1.015000e+01    7.1288532541e-01    0.0000000000e+00    2.2529988466e-01    9.8400006170e-03    2.2529988466e-01   -9.8400006170e-03    2.8711467459e-01    0.0000000000e+00
    1.020000e+01    7.1200564667e-01    0.0000000000e+00    2.2485029862e-01    7.7419492258e-03    2.2485029862e-01   -7.7419492258e-03    2.8799435333e-01    0.0000000000e+00
    1.025000e+01    7.1133891738e-01    0.0000000000e+00    2.2437634144e-01    5.5844579658e-03    2.2437634144e-01   -5.5844579658e-03    2.8866108262e-01    0.0000000000e+00
    1.030000e+01    7.1089004128e-01    0.0000000000e+00    2.2388300536e-01    3.3883885346e-03    2.2388300536e-01   -3.3883885346e-03    2.8910995872e-01    0.0000000000e+00
    1.035000e+01    7.1066182230e-01    0.0000000000e+00    2.2337538939e-01    1.1748416853e-03    2.2337538939e-01   -1.1748416853e-03    2.8933817770e-01    0.0000000000e+00
    1.040000e+01    7.1065495068e-01    0.0000000000e+00    2.2285864914e-01   -1.0350425995e-03    2.2285864914e-01    1.0350425995e-03    2.8934504932e-01    0.0000000000e+00
    1.045000e+01    7.1086800901e-01    0.0000000000e+00    2.2233794684e-01   -3.2202843299e-03    2.2233794684e-01    3.2202843299e-03    2.8913199099e-01    0.0000000000e+00
    1.050000e+01    7.1129749808e-01    0.0000000000e+00    2.2181840210e-01   -5.3602602657e-03    2.2181840210e-01    5.3602602657e-03    2.8870250192e-01    0.0000000000e+00
    1.055000e+01    7.1193788225e-01    0.0000000000e+00    2.2130504374e-01   -7.4348963748e-03    2.2130504374e-01    7.4348963748e-03    2.8806211775e-01    0.0000000000e+00
    1.060000e+01    7.1278165372e-01    0.0000000000e+00    2.2080276328e-01   -9.4248542087e-03    2.2080276328e-01    9.4248542087e-03    2.8721834628e-01    0.0000000000e+00
    1.065000e+01    7.1381941513e-01    0.0000000000e+00    2.2031627030e-01   -1.1311709470e-02    2.2031627030e-01    1.1311709470e-02    2.8618058487e-01    0.0000000000e+00
    1.070000e+01    7.1503997945e-01    0.0000000000e+00    2.1985005031e-01   -1.3078121134e-02    2.1985005031e-01    1.3078121134e-02    2.8496002055e-01    0.0000000000e+00
    1.075000e+01    7.1643048637e-01    0.0000000000e+00    2.1940832526e-01   -1.4707989567e-02    2.1940832526e-01    1.4707989567e-02    2.8356951363e-01    0.0000000000e+00
    1.080000e+01    7.1797653382e-01    0.0000000000e+00    2.1899501713e-01   -1.6186602212e-02    2.1899501713e-01    1.6186602212e-02    2.8202346618e-01    0.0000000000e+00
    1.085000e+01    7.1966232335e-01    0.0000000000e+00    2.1861371492e-01   -1.7500765513e-02    2.1861371492e-01    1.7500765513e-02    2.8033767665e-01    0.0000000000e+00
    1.090000e+01    7.2147081809e-01    0.0000000000e+00    2.1826764530e-01   -1.8638921904e-02    2.1826764530e-01    1.8638921904e-02    2.7852918191e-01    0.0000000000e+00
    1.095000e+01    7.2338391146e-01    0.0000000000e+00    2.1795964699e-01   -1.9591250814e-02    2.1795964699e-01    1.9591250814e-02    2.7661608854e-01    0.0000000000e+00
    1.100000e+01    7.2538260525e-01    0.0000000000e+00    2.1769214935e-01   -2.0349752805e-02    2.1769214935e-01    2.0349752805e-02    2.7461739475e-01    0.0000000000e+00
    1.105000e+01    7.2744719524e-01    0.0000000000e+00    2.1746715502e-01   -2.0908316125e-02    2.1746715502e-01    2.0908316125e-02    2.7255280476e-01    0.0000000000e+00
    1.110000e+01    7.2955746248e-01    0.0000000000e+00    2.1728622696e-01   -2.1262765108e-02    2.1728622696e-01    2.1262765108e-02    2.7044253752e-01    0.0000000000e+00
    1.115000e+01    7.3169286860e-01    0.0000000000e+00    2.1715047975e-01   -2.1410890056e-02    2.1715047975e-01    2.1410890056e-02    2.6830713140e-01    0.0000000000e+00
    1.120000e+01    7.3383275308e-01    0.0000000000e+00    2.1706057536e-01   -2.1352458372e-02    2.1706057536e-01    2.1352458372e-02    2.6616724692e-01    0.0000000000e+00
    1.125000e+01    7.3595653078e-01    0.0000000000e+00    2.1701672327e-01   -2.1089206937e-02    2.1701672327e-01    2.1089206937e-02    2.6404346922e-01    0.0000000000e+00
    1.130000e+01    7.3804388770e-01    0.0000000000e+00    2.1701868480e-01   -2.0624815869e-02    2.1701868480e-01    2.0624815869e-02    2.6195611230e-01    0.0000000000e+00
    1.135000e+01    7.4007497322e-01    0.0000000000e+00    2.1706578178e-01   -1.9964863982e-02    2.1706578178e-01    1.9964863982e-02    2.5992502678e-01    0.0000000000e+00
    1.140000e+01    7.4203058702e-01    0.0000000000e+00    2.1715690917e-01   -1.9116766449e-02    2.1715690917e-01    1.9116766449e-02    2.5796941298e-01    0.0000000000e+00
    1.145000e+01    7.4389235888e-01    0.0000000000e+00    2.1729055165e-01   -1.8089695324e-02    2.1729055165e-01    1.8089695324e-02    2.5610764112e-01    0.0000000000e+00
    1.150000e+01    7.4564291968e-01    0.0000000000e+00    2.1746480387e-01   -1.6894483744e-02    2.1746480387e-01    1.6894483744e-02    2.5435708032e-01    0.0000000000e+00
    1.155000e+01    7.4726606213e-01    0.0000000000e+00    2.1767739411e-01   -1.5543514789e-02    2.1767739411e-01    1.5543514789e-02    2.5273393787e-01    0.0000000000e+00
    1.160000e+01    7.4874688955e-01    0.0000000000e+00    2.1792571116e-01   -1.4050596099e-02    2.1792571116e-01    1.4050596099e-02    2.5125311045e-01    0.0000000000e+00
    1.165000e+01    7.5007195155e-01    0.0000000000e+00    2.1820683408e-01   -1.2430821515e-02    2.1820683408e-01    1.2430821515e-02    2.4992804845e-01    0.0000000000e+00
    1.170000e+01    7.5122936524e-01    0.0000000000e+00    2.1851756446e-01   -1.0700421089e-02    2.1851756446e-01    1.0700421089e-02    2.4877063476e-01    0.0000000000e+00
    1.175000e+01    7.5220892088e-01    0.0000000000e+00    2.1885446095e-01   -8.8766009350e-03    2.1885446095e-01    8.8766009350e-03    2.4779107912e-01    0.0000000000e+00
    1.180000e+01    7.5300217118e-01    0.0000000000e+00    2.1921387570e-01   -6.9773744953e-03    2.1921387570e-01    6.9773744953e-03    2.4699782882e-01    0.0000000000e+00
    1.185000e+01    7.5360250324e-01    0.0000000000e+00    2.1959199213e-01   -5.0213868362e-03    2.1959199213e-01    5.0213868362e-03    2.4639749676e-01    0.0000000000e+00
    1.190000e+01    7.5400519274e-01    0.0000000000e+00    2.1998486403e-01   -3.0277336885e-03    2.1998486403e-01    3.0277336885e-03    2.4599480726e-01    0.0000000000e+00
    1.195000e+01    7.5420743977e-01    0.0000000000e+00    2.2038845522e-01   -1.0157769638e-03    2.2038845522e-01    1.0157769638e-03    2.4579256023e-01    0.0000000000e+00
    1.200000e+01    7.5420838619e-01    0.0000000000e+00    2.2079867964e-01    9.9504148214e-04    2.2079867964e-01   -9.9504148214e-04    2.4579161381e-01    0.0000000000e+00
    1.205000e+01    7.5400911426e-01    0.0000000000e+00    2.2121144136e-01    2.9853860605e-03    2.2121144136e-01   -2.9853860605e-03    2.4599088574e-01    0.0000000000e+00
    1.210000e+01    7.5361262679e-01    0.0000000000e+00    2.2162267420e-01    4.9362118624e-03    2.2162267420e-01   -4.9362118624e-03    2.4638737321e-01    0.0000000000e+00
    1.215000e+01    7.5302380901e-01    0.0000000000e+00    2.2202838055e-01    6.8289455240e-03    2.2202838055e-01   -6.8289455240e-03    2.4697619099e-01    0.0000000000e+00
    1.220000e+01    7.5224937254e-01    0.0000000000e+00    2.2242466901e-01    8.6456608351e-03    2.2242466901e-01   -8.6456608351e-03    2.4775062746e-01    0.0000000000e+00
    1.225000e+01    7.5129778222e-01    0.0000000000e+00    2.2280779055e-01    1.0369247436e-02    2.2280779055e-01   -1.0369247436e-02    2.4870221778e-01    0.0000000000e+00
    1.230000e+01    7.5017916641e-01    0.0000000000e+00    2.2317417288e-01    1.1983571022e-02    2.2317417288e-01   -1.1983571022e-02    2.4982083359e-01    0.0000000000e+00
    1.235000e+01    7.4890521179e-01    0.0000000000e+00    2.2352045263e-01    1.3473623555e-02    2.2352045263e-01   -1.3473623555e-02    2.5109478821e-01    0.0000000000e+00
    1.240000e+01    7.4748904371e-01    0.0000000000e+00    2.2384350516e-01    1.4825662096e-02    2.2384350516e-01   -1.4825662096e-02    2.5251095629e-01    0.0000000000e+00
    1.245000e+01    7.4594509323e-01    0.0000000000e+00    2.2414047171e-01    1.6027334962e-02    2.2414047171e-01   -1.6027334962e-02    2.5405490677e-01    0.0000000000e+00
    1.250000e+01    7.4428895229e-01    0.0000000000e+00    2.2440878365e-01    1.7067794061e-02    2.2440878365e-01   -1.7067794061e-02    2.5571104771e-01    0.0000000000e+00
    1.255000e+01    7.4253721832e-01    0.0000000000e+00    2.2464618363e-01    1.7937792383e-02    2.2464618363e-01   -1.7937792383e-02    2.5746278168e-01    0.0000000000e+00
    1.260000e+01    7.4070732993e-01    0.0000000000e+00    2.2485074348e-01    1.8629765758e-02    2.2485074348e-01   -1.8629765758e-02    2.5929267007e-01    0.0000000000e+00
    1.265000e+01    7.3881739520e-01    0.0000000000e+00    2.2502087880e-01    1.9137898173e-02    2.2502087880e-01   -1.9137898173e-02    2.6118260480e-01    0.0000000000e+00
    1.270000e+01    7.3688601434e-01    0.0000000000e+00    2.2515535992e-01    1.9458170081e-02    2.2515535992e-01   -1.9458170081e-02    2.6311398566e-01    0.0000000000e+00
    1.275000e+01    7.3493209832e-01    0.0000000000e+00    2.2525331946e-01    1.9588389284e-02    2.2525331946e-01   -1.9588389284e-02    2.6506790168e-01    0.0000000000e+00
    1.280000e+01    7.3297468534e-01    0.0000000000e+00    2.2531425625e-01    1.9528204194e-02    2.2531425625e-01   -1.9528204194e-02    2.6702531466e-01    0.0000000000e+00
    1.285000e+01    7.3103275682e-01    0.0000000000e+00    2.2533803565e-01    1.9279099368e-02    2.2533803565e-01   -1.9279099368e-02    2.6896724318e-01    0.0000000000e+00
    1.290000e+01    7.2912505481e-01    0.0000000000e+00    2.2532488643e-01    1.8844373457e-02    2.2532488643e-01   -1.8844373457e-02    2.7087494519e-01    0.0000000000e+00
    1.295000e+01    7.2726990230e-01    0.0000000000e+00    2.2527539405e-01    1.8229099831e-02    2.2527539405e-01   -1.8229099831e-02    2.7273009770e-01    0.0000000000e+00
    1.300000e+01    7.2548502853e-01    0.0000000000e+00    2.2519049078e-01    1.7440070315e-02    2.2519049078e-01   -1.7440070315e-02    2.7451497147e-01    0.0000000000e+00
    1.305000e+01    7.2378740058e-01    0.0000000000e+00    2.2507144238e-01    1.6485722644e-02    2.2507144238e-01   -1.6485722644e-02    2.7621259942e-01    0.0000000000e+00
    1.310000e+01    7.2219306304e-01    0.0000000000e+00    2.2491983189e-01    1.5376052395e-02    2.2491983189e-01   -1.5376052395e-02    2.7780693696e-01    0.0000000000e+00
    1.315000e+01    7.2071698732e-01    0.0000000000e+00    2.2473754049e-01    1.4122510285e-02    2.2473754049e-01   -1.4122510285e-02    2.7928301268e-01    0.0000000000e+00
    1.320000e+01    7.1937293174e-01    0.0000000000e+00    2.2452672567e-01    1.2737885878e-02    2.2452672567e-01   -1.2737885878e-02    2.8062706826e-01    0.0000000000e+00
    1.325000e+01    7.1817331408e-01    0.0000000000e+00    2.2428979711e-01    1.1236178869e-02    2.2428979711e-01   -1.1236178869e-02    2.8182668592e-01    0.0000000000e+00
    1.330000e+01    7.1712909741e-01    0.0000000000e+00    2.2402939027e-01    9.6324592242e-03    2.2402939027e-01   -9.6324592242e-03    2.8287090259e-01    0.0000000000e+00
    1.335000e+01    7.1624969049e-01    0.0000000000e+00    2.2374833820e-01    7.9427175526e-03    2.2374833820e-01   -7.9427175526e-03    2.8375030951e-01    0.0000000000e+00
    1.340000e+01    7.1554286352e-01    0.0000000000e+00    2.2344964175e-01    6.1837071929e-03    2.2344964175e-01   -6.1837071929e-03    2.8445713648e-01    0.0000000000e+00
    1.345000e+01    7.1501468010e-01    0.0000000000e+00    2.2313643847e-01    4.3727795526e-03    2.2313643847e-01   -4.3727795526e-03    2.8498531990e-01    0.0000000000e+00
    1.350000e+01    7.1466944582e-01    0.0000000000e+00    2.2281197059e-01    2.5277143113e-03    2.2281197059e-01   -2.5277143113e-03    2.8533055418e-01    0.0000000000e+00
    1.355000e+01    7.1450967409e-01    0.0000000000e+00    2.2247955234e-01    6.6654613773e-04    2.2247955234e-01   -6.6654613773e-04    2.8549032591e-01    0.0000000000e+00
    1.360000e+01    7.1453606943e-01    0.0000000000e+00    2.2214253695e-01   -1.1926104011e-03    2.2214253695e-01    1.1926104011e-03    2.8546393057e-01    0.0000000000e+00
    1.365000e+01    7.1474752818e-01    0.0000000000e+00    2.2180428360e-01   -3.0317360468e-03    2.2180428360e-01    3.0317360468e-03    2.8525247182e-01    0.0000000000e+00
    1.370000e+01    7.1514115678e-01    0.0000000000e+00    2.2146812478e-01   -4.8330804864e-03    2.2146812478e-01    4.8330804864e-03    2.8485884322e-01    0.0000000000e+00
    1.375000e+01    7.1571230720e-01    0.0000000000e+00    2.2113733419e-01   -6.5793327521e-03    2.2113733419e-01    6.5793327521e-03    2.8428769280e-01    0.0000000000e+00
    1.380000e+01    7.1645462920e-01    0.0000000000e+00    2.2081509561e-01   -8.2537867551e-03    2.2081509561e-01    8.2537867551e-03    2.8354537080e-01    0.0000000000e+00
    1.385000e+01    7.1736013885e-01    0.0000000000e+00    2.2050447297e-01   -9.8405003750e-03    2.2050447297e-01    9.8405003750e-03    2.8263986115e-01    0.0000000000e+00
    1.390000e+01    7.1841930252e-01    0.0000000000e+00    2.2020838194e-01   -1.1324446594e-02    2.2020838194e-01    1.1324446594e-02    2.8158069748e-01    0.0000000000e+00
    1.395000e+01    7.1962113559e-01    0.0000000000e+00    2.1992956321e-01   -1.2691655245e-02    2.1992956321e-01    1.2691655245e-02    2.8037886441e-01    0.0000000000e+00
    1.400000e+01    7.2095331479e-01    0.0000000000e+00    2.1967055786e-01   -1.3929344044e-02    2.1967055786e-01    1.3929344044e-02    2.7904668521e-01    0.0000000000e+00
    1.405000e+01    7.2240230299e-01    0.0000000000e+00    2.1943368480e-01   -1.5026037675e-02    2.1943368480e-01    1.5026037675e-02    2.7759769701e-01    0.0000000000e+00
    1.410000e+01    7.2395348540e-01    0.0000000000e+00    2.1922102072e-01   -1.5971673815e-02    2.1922102072e-01    1.5971673815e-02    2.7604651460e-01    0.0000000000e+00
    1.415000e+01    7.2559131550e-01    0.0000000000e+00    2.1903438255e-01   -1.6757695132e-02    2.1903438255e-01    1.6757695132e-02    2.7440868450e-01    0.0000000000e+00
    1.420000e+01    7.2729946959e-01    0.0000000000e+00    2.1887531267e-01   -1.7377126407e-02    2.1887531267e-01    1.7377126407e-02    2.7270053041e-01    0.0000000000e+00
    1.425000e+01    7.2906100818e-01    0.0000000000e+00    2.1874506685e-01   -1.7824636087e-02    2.1874506685e-01    1.7824636087e-02    2.7093899182e-01    0.0000000000e+00
    1.430000e+01    7.3085854277e-01    0.0000000000e+00    2.1864460521e-01   -1.8096581723e-02    2.1864460521e-01    1.8096581723e-02    2.6914145723e-01    0.0000000000e+00
    1.435000e+01    7.3267440632e-01    0.0000000000e+00    2.1857458607e-01   -1.8191038916e-02    2.1857458607e-01    1.8191038916e-02    2.6732559368e-01    0.0000000000e+00
    1.440000e+01    7.3449082588e-01    0.0000000000e+00    2.1853536283e-01   -1.8107813544e-02    2.1853536283e-01    1.8107813544e-02    2.6550917412e-01    0.0000000000e+00
    1.445000e+01    7.3629009544e-01    0.0000000000e+00    2.1852698379e-01   -1.7848437196e-02    2.1852698379e-01    1.7848437196e-02    2.6370990456e-01    0.0000000000e+00
    1.450000e+01    7.3805474763e-01    0.0000000000e+00    2.1854919498e-01   -1.7416145929e-02    2.1854919498e-01    1.7416145929e-02    2.6194525237e-01    0.0000000000e+00
    1.455000e+01    7.3976772243e-01    0.0000000000e+00    2.1860144589e-01   -1.6815842600e-02    2.1860144589e-01    1.6815842600e-02    2.6023227757e-01    0.0000000000e+00
    1.460000e+01    7.4141253123e-01    0.0000000000e+00    2.1868289799e-01   -1.6054043187e-02    2.1868289799e-01    1.6054043187e-02    2.5858746877e-01    0.0000000000e+00
    1.465000e+01    7.4297341490e-01    0.0000000000e+00    2.1879243595e-01   -1.5138807679e-02    2.1879243595e-01    1.5138807679e-02    2.5702658510e-01    0.0000000000e+00
    1.470000e+01    7.4443549405e-01    0.0000000000e+00    2.1892868147e-01   -1.4079656254e-02    2.1892868147e-01    1.4079656254e-02    2.5556450595e-01    0.0000000000e+00
    1.475000e+01    7.4578491032e-01    0.0000000000e+00    2.1909000950e-01   -1.2887471585e-02    2.1909000950e-01    1.2887471585e-02    2.5421508968e-01    0.0000000000e+00
    1.480000e+01    7.4700895716e-01    0.0000000000e+00    2.1927456665e-01   -1.1574388300e-02    2.1927456665e-01    1.1574388300e-02    2.5299104284e-01    0.0000000000e+00
    1.485000e+01    7.4809619906e-01    0.0000000000e+00    2.1948029169e-01   -1.0153670668e-02    2.1948029169e-01    1.0153670668e-02    2.5190380094e-01    0.0000000000e+00
    1.490000e+01    7.4903657790e-01    0.0000000000e+00    2.1970493780e-01   -8.6395797640e-03    2.1970493780e-01    8.6395797640e-03    2.5096342210e-01    0.0000000000e+00
    1.495000e+01    7.4982150565e-01    0.0000000000e+00    2.1994609644e-01   -7.0472314163e-03    2.1994609644e-01    7.0472314163e-03    2.5017849435e-01    0.0000000000e+00
