0.0 	1.0	0.0	0.0	0.0	0.0	0.0	0.0	0.0	
0.025 	0.9993752667977199	0.0	0.0006247203637857016	0.024978658095169783	0.0006247203637857016	-0.024978658095169783	0.0006247332022800781	0.0	
0.05 	0.9975042664702941	0.0	0.0024955281679050175	0.04982940231796187	0.0024955281679050175	-0.04982940231796187	0.002495733529705841	0.0	
0.075 	0.9943965796743964	0.0	0.0056023824039187166	0.0744250057353812	0.0056023824039187166	-0.0744250057353812	0.005603420325603438	0.0	
0.1 	0.990068116996231	0.0	0.009928610821689679	0.09863961141478794	0.009928610821689679	-0.09863961141478794	0.009931883003768835	0.0	
0.125 	0.9845410335282857	0.0	0.015451003680916956	0.12234940774329464	0.015451003680916956	-0.12234940774329464	0.01545896647171406	0.0	
0.15 	0.9778436099532035	0.0	0.02213994421626581	0.1454332921935626	0.02213994421626581	-0.1454332921935626	0.022156390046796186	0.0	
0.175 	0.970010100806323	0.0	0.029959575035196744	0.16777351979478022	0.029959575035196744	-0.16777351979478022	0.02998989919367677	0.0	
0.2 	0.9610805507732625	0.0	0.03886799945372594	0.18925633266089628	0.03886799945372594	-0.18925633266089628	0.038919449226737415	0.0	
0.225 	0.9511005800585262	0.0	0.04881751656829471	0.20977256704350103	0.04881751656829471	-0.20977256704350103	0.04889941994147383	0.0	
0.25 	0.9401211400344135	0.0	0.059754888663064075	0.22921823451325027	0.059754888663064075	-0.22921823451325027	0.05987885996558645	0.0	
0.275 	0.9281982405454838	0.0	0.07162163936258154	0.24749507403042936	0.07162163936258154	-0.24749507403042936	0.0718017594545161	0.0	
0.3 	0.9153926504014795	0.0	0.08435438076110079	0.26451107184102246	0.08435438076110079	-0.26451107184102246	0.08460734959852056	0.0	
0.325 	0.9017695727400261	0.0	0.0978851675929807	0.2801809463282424	0.0978851675929807	-0.2801809463282424	0.09823042725997395	0.0	
0.35 	0.8873982970787454	0.0	0.1121418763545516	0.2944265951595264	0.1121418763545516	-0.2944265951595264	0.11260170292125465	0.0	
0.375 	0.8723518300038455	0.0	0.12704860714750385	0.30717750229404794	0.12704860714750385	-0.30717750229404794	0.12764816999615453	0.0	
0.4 	0.8567065065580957	0.0	0.1425261058879972	0.31837110265430635	0.1425261058879972	-0.31837110265430635	0.14329349344190417	0.0	
0.425 	0.8405415844946988	0.0	0.1584922044149598	0.32795310251571497	0.1584922044149598	-0.32795310251571497	0.159458415505301	0.0	
0.45 	0.8239388236544031	0.0	0.17486227593597164	0.3358777539286585	0.17486227593597164	-0.3358777539286585	0.1760611763455967	0.0	
0.475 	0.8069820528007805	0.0	0.1915497031701113	0.3421080817565325	0.1915497031701113	-0.3421080817565325	0.19301794719921928	0.0	
0.5 	0.789756726312549	0.0	0.20846635648447592	0.346616062189089	0.20846635648447592	-0.346616062189089	0.2102432736874506	0.0	
0.525 	0.7723494731818484	0.0	0.22552307927492826	0.3493827518712527	0.22552307927492826	-0.3493827518712527	0.22765052681815134	0.0	
0.55 	0.7548476408032754	0.0	0.2426301778120324	0.3503983670717255	0.2426301778120324	-0.3503983670717255	0.24515235919672423	0.0	
0.575 	0.7373388360601322	0.0	0.2596979127600647	0.34966231260143216	0.2596979127600647	-0.34966231260143216	0.26266116393986727	0.0	
0.6 	0.7199104662216875	0.0	0.2766369895802644	0.347183160477491	0.2766369895802644	-0.347183160477491	0.28008953377831175	0.0	
0.625 	0.7026492821583662	0.0	0.29335904504887345	0.3429785786122806	0.29335904504887345	-0.3429785786122806	0.2973507178416331	0.0	
0.65 	0.6856409263607656	0.0	0.3097771271556652	0.33707521008768293	0.3097771271556652	-0.33707521008768293	0.31435907363923343	0.0	
0.675 	0.6689694882134897	0.0	0.3258061656991558	0.3295085038501827	0.3258061656991558	-0.3295085038501827	0.3310305117865094	0.0	
0.7 	0.6527170689262369	0.0	0.34136343096003546	0.32032249793168294	0.34136343096003546	-0.32032249793168294	0.34728293107376207	0.0	
0.725 	0.6369633584627766	0.0	0.35636897791398553	0.3095695565622306	0.35636897791398553	-0.3095695565622306	0.3630366415372224	0.0	
0.75 	0.6217852267337877	0.0	0.37074607353835026	0.29731006279297684	0.37074607353835026	-0.29731006279297684	0.37821477326621156	0.0	
0.775 	0.6072563312325314	0.0	0.3844216048734185	0.2836120684893324	0.3844216048734185	-0.2836120684893324	0.3927436687674677	0.0	
0.8 	0.5934467431935376	0.0	0.3973264656176389	0.2685509037842184	0.3973264656176389	-0.2685509037842184	0.4065532568064614	0.0	
0.825 	0.5804225942444942	0.0	0.4093959191661736	0.2522087482984195	0.4093959191661736	-0.2522087482984195	0.4195774057555048	0.0	
0.85 	0.5682457454010514	0.0	0.4205699361429897	0.23467416663828253	0.4205699361429897	-0.23467416663828253	0.43175425459894773	0.0	
0.875 	0.5569734801239565	0.0	0.4307935046273819	0.21604161086939258	0.4307935046273819	-0.21604161086939258	0.4430265198760425	0.0	
0.9 	0.5466582230186268	0.0	0.44001691143555083	0.19641089283752897	0.44001691143555083	-0.19641089283752897	0.45334177698137246	0.0	
0.925 	0.5373472856097211	0.0	0.44819599298575535	0.17588662936435062	0.44819599298575535	-0.17588662936435062	0.46265271439027805	0.0	
0.95 	0.5290826404683625	0.0	0.4552923544507266	0.15457766348417373	0.4552923544507266	-0.15457766348417373	0.4709173595316366	0.0	
0.975 	0.521900724808232	0.0	0.4612735560825486	0.13259646500925187	0.4612735560825486	-0.13259646500925187	0.4780992751917672	0.0	
1.0 	0.5158322744997512	0.0	0.46611326578216317	0.11005851381360733	0.46611326578216317	-0.11005851381360733	0.48416772550024784	0.0	
1.025 	0.5109021892798868	0.0	0.46979137717708513	0.08708166930923043	0.46979137717708513	-0.08708166930923043	0.4890978107201122	0.0	
1.05 	0.5071294297597296	0.0	0.4722940926658766	0.06378552965298409	0.4722940926658766	-0.06378552965298409	0.4928705702402693	0.0	
1.075 	0.5045269466538764	0.0	0.47361397108544545	0.040290784267535934	0.47361397108544545	-0.040290784267535934	0.4954730533461225	0.0	
1.1 	0.503101642475762	0.0	0.4737499398563323	0.016718563284885163	0.4737499398563323	-0.016718563284885163	0.4968983575242371	0.0	
1.125 	0.5028543657624442	0.0	0.472707271660838	-0.006810212473562621	0.472707271660838	0.006810212473562621	0.49714563423755476	0.0	
1.15 	0.5037799377119285	0.0	0.4704975259081262	-0.030175477380919174	0.4704975259081262	0.030175477380919174	0.49622006228807053	0.0	
1.175 	0.5058672109369146	0.0	0.4671384554382993	-0.0532586591876088	0.4671384554382993	0.0532586591876088	0.49413278906308444	0.0	
1.2 	0.5090991598618704	0.0	0.4626538791128858	-0.07594330599190999	0.4626538791128858	0.07594330599190999	0.49090084013812874	0.0	
1.225 	0.5134530021165287	0.0	0.45707352113117206	-0.09811569856055252	0.45707352113117206	0.09811569856055252	0.4865469978834702	0.0	
1.25 	0.5189003501092577	0.0	0.4504328180993401	-0.11966544465420947	0.4504328180993401	0.11966544465420947	0.48109964989074117	0.0	
1.275 	0.5254073917991967	0.0	0.44277269506141825	-0.14048605212391654	0.44277269506141825	0.14048605212391654	0.4745926082008022	0.0	
1.3 	0.5329350995275142	0.0	0.4341393118766014	-0.16047547767377948	0.4341393118766014	0.16047547767377948	0.4670649004724847	0.0	
1.325 	0.541439465616509	0.0	0.42458378149553766	-0.17953664833216676	0.42458378149553766	0.17953664833216676	0.45856053438349	0.0	
1.35 	0.5508717633014084	0.0	0.4141618618477191	-0.1975779528372025	0.4141618618477191	0.1975779528372025	0.44912823669859064	0.0	
1.375 	0.5611788314244333	0.0	0.4029336232021815	-0.21451370032195058	0.4029336232021815	0.21451370032195058	0.43882116857556597	0.0	
1.4 	0.5723033811947723	0.0	0.3909630930033549	-0.23026454387928902	0.3909630930033549	0.23026454387928902	0.42769661880522686	0.0	
1.425 	0.5841843232022714	0.0	0.3783178803121965	-0.24475786679509112	0.3783178803121965	0.24475786679509112	0.41581567679772763	0.0	
1.45 	0.5967571127675552	0.0	0.3650687820988022	-0.2579281294598346	0.3650687820988022	0.2579281294598346	0.40324288723244417	0.0	
1.475 	0.6099541116175903	0.0	0.3512893737356891	-0.26971717520193694	0.3512893737356891	0.26971717520193694	0.3900458883824093	0.0	
1.5 	0.6237049637939169	0.0	0.33705558613010045	-0.2800744935296523	0.33705558613010045	0.2800744935296523	0.3762950362060825	0.0	
1.525 	0.6379369836313882	0.0	0.32244527200829065	-0.28895743952087516	0.32244527200829065	0.28895743952087516	0.3620630163686114	0.0	
1.55 	0.6525755535886971	0.0	0.307537763924154	-0.2963314083601791	0.307537763924154	0.2963314083601791	0.3474244464113024	0.0	
1.575 	0.6675445296685731	0.0	0.292413426608224	-0.30216996428834814	0.292413426608224	0.30216996428834814	0.3324554703314264	0.0	
1.6 	0.6827666521355182	0.0	0.2771532063005181	-0.30645492349988074	0.2771532063005181	0.30645492349988074	0.3172333478644813	0.0	
1.625 	0.6981639592225579	0.0	0.26183817972157575	-0.3091763907968034	0.26183817972157575	0.3091763907968034	0.30183604077744147	0.0	
1.65 	0.7136582015157285	0.0	0.24654910533009278	-0.31033275008087086	0.24654910533009278	0.31033275008087086	0.2863417984842709	0.0	
1.675 	0.7291712547159634	0.0	0.23136597949265367	-0.30993060903910197	0.23136597949265367	0.30993060903910197	0.270828745284036	0.0	
1.7 	0.7446255285025564	0.0	0.21636760015120454	-0.3079846986478004	0.21636760015120454	0.3079846986478004	0.2553744714974431	0.0	
1.725 	0.7599443692603011	0.0	0.20163114051722586	-0.30451772838594054	0.20163114051722586	0.30451772838594054	0.24005563073969818	0.0	
1.75 	0.7750524544834708	0.0	0.18723173524830927	-0.29956019830826325	0.18723173524830927	0.29956019830826325	0.2249475455165285	0.0	
1.775 	0.7898761767336347	0.0	0.17324208147343806	-0.2931501693798522	0.17324208147343806	0.2931501693798522	0.2101238232663645	0.0	
1.8 	0.8043440151044925	0.0	0.15973205692824846	-0.2853329937156038	0.15973205692824846	0.2853329937156038	0.19565598489550678	0.0	
1.825 	0.8183868922348726	0.0	0.14676835734161145	-0.2761610065981918	0.14676835734161145	0.2761610065981918	0.18161310776512654	0.0	
1.85 	0.8319385150102164	0.0	0.13441415508084203	-0.26569318236523964	0.13441415508084203	0.26569318236523964	0.16806148498978268	0.0	
1.875 	0.8449356972025241	0.0	0.12272878091568518	-0.2539947564589369	0.12272878091568518	0.2539947564589369	0.1550643027974749	0.0	
1.9 	0.8573186624181397	0.0	0.1117674306020323	-0.2411368161178527	0.1117674306020323	0.2411368161178527	0.14268133758185939	0.0	
1.925 	0.8690313258510388	0.0	0.1015808978163068	-0.22719586235991696	0.1015808978163068	0.22719586235991696	0.1309686741489602	0.0	
1.95 	0.8800215534755856	0.0	0.09221533479193855	-0.21225334605630297	0.09221533479193855	0.21225334605630297	0.11997844652441327	0.0	
1.975 	0.8902413974560723	0.0	0.08371204182174578	-0.1963951810272494	0.08371204182174578	0.1963951810272494	0.10975860254392654	0.0	
2.0 	0.8996473066997702	0.0	0.07610728659585635	-0.179711237201862	0.07610728659585635	0.179711237201862	0.10035269330022857	0.0	
2.025 	0.9082003116346641	0.0	0.06943215414559337	-0.16229481697396841	0.06943215414559337	0.16229481697396841	0.09179968836533477	0.0	
2.05 	0.9158661824514458	0.0	0.06371242796113409	-0.14424211795467515	0.06371242796113409	0.14424211795467515	0.08413381754855309	0.0	
2.075 	0.9226155602106415	0.0	0.058968502646366557	-0.12565168536909269	0.058968502646366557	0.12565168536909269	0.07738443978935733	0.0	
2.1 	0.9284240603788317	0.0	0.0552153282698645	-0.10662385736964751	0.0552153282698645	0.10662385736964751	0.07157593962116716	0.0	
2.125 	0.9332723485217145	0.0	0.05246238636791649	-0.08726020654156152	0.05246238636791649	0.08726020654156152	0.06672765147828433	0.0	
2.15 	0.9371461880451737	0.0	0.05071369735568831	-0.06766298085773166	0.05071369735568831	0.06766298085773166	0.06285381195482524	0.0	
2.175 	0.9400364600374719	0.0	0.04996785890742356	-0.047934547300831215	0.04996785890742356	0.047934547300831215	0.05996353996252697	0.0	
2.2 	0.9419391554251737	0.0	0.050218114677586856	-0.02817684131061867	0.050218114677586856	0.02817684131061867	0.058060844574825174	0.0	
2.225 	0.9428553398113891	0.0	0.05145245255342576	-0.008490825134979924	0.05145245255342576	0.008490825134979924	0.057144660188609704	0.0	
2.25 	0.942791091516484	0.0	0.05365373145687057	0.011024041934899611	0.05365373145687057	-0.011024041934899611	0.057208908483515085	0.0	
2.275 	0.9417574134875946	0.0	0.05679983555118542	0.030270318580531207	0.05679983555118542	-0.030270318580531207	0.058242586512404625	0.0	
2.3 	0.9397701198832913	0.0	0.060863854556381186	0.04915307899062412	0.060863854556381186	-0.04915307899062412	0.060229880116707865	0.0	
2.325 	0.9368496982727456	0.0	0.06581428873801119	0.06758039032847268	0.06581428873801119	-0.06758039032847268	0.0631503017272538	0.0	
2.35 	0.9330211485140754	0.0	0.07161527700736005	0.08546376770723534	0.07161527700736005	-0.08546376770723534	0.06697885148592404	0.0	
2.375 	0.9283137994935291	0.0	0.07822684645781733	0.10271860442082062	0.07822684645781733	-0.10271860442082062	0.07168620050647047	0.0	
2.4 	0.922761105015231	0.0	0.08560518156286058	0.11926457536133726	0.08560518156286058	-0.11926457536133726	0.07723889498476856	0.0	
2.425 	0.9164004202299039	0.0	0.09370291117586484	0.13502601174626006	0.09370291117586484	-0.13502601174626006	0.08359957977009587	0.0	
2.45 	0.909272760079855	0.0	0.10246941140106419	0.14993224547801356	0.10246941140106419	-0.14993224547801356	0.09072723992014457	0.0	
2.475 	0.9014225413162756	0.0	0.11185112234842974	0.1639179216639905	0.11185112234842974	-0.1639179216639905	0.09857745868372386	0.0	
2.5 	0.8928973097132666	0.0	0.12179187674287563	0.17692327803453486	0.12179187674287563	-0.17692327803453486	0.10710269028673275	0.0	
2.525 	0.8837474541608432	0.0	0.13223323832980893	0.1888943902085973	0.13223323832980893	-0.1888943902085973	0.11625254583915619	0.0	
2.55 	0.8740259093663437	0.0	0.14311484800423974	0.19978338197013826	0.14311484800423974	-0.19978338197013826	0.12597409063365586	0.0	
2.575 	0.8637878489301869	0.0	0.15437477558899448	0.20954859993149655	0.15437477558899448	-0.20954859993149655	0.13621215106981246	0.0	
2.6 	0.8530903705878132	0.0	0.1659498751984766	0.21815475217152358	0.1659498751984766	-0.21815475217152358	0.1469096294121861	0.0	
2.625 	0.8419921754250149	0.0	0.1777761421472607	0.22557301064504995	0.1777761421472607	-0.22557301064504995	0.15800782457498447	0.0	
2.65 	0.8305532428789028	0.0	0.18978906939690435	0.23178107736504475	0.18978906939690435	-0.23178107736504475	0.1694467571210966	0.0	
2.675 	0.818834503331666	0.0	0.20192400157897417	0.23676321455857754	0.20192400157897417	-0.23676321455857754	0.18116549666833345	0.0	
2.7 	0.8068975100893566	0.0	0.2141164846866504	0.24051023919143213	0.2141164846866504	-0.24051023919143213	0.1931024899106431	0.0	
2.725 	0.7948041125134865	0.0	0.22630260959060414	0.2430194824430809	0.22630260959060414	-0.2430194824430809	0.20519588748651335	0.0	
2.75 	0.7826161320396282	0.0	0.23841934760634986	0.244294714892932	0.23841934760634986	-0.244294714892932	0.21738386796037165	0.0	
2.775 	0.7703950427748524	0.0	0.25040487641917114	0.24434603834963828	0.25040487641917114	-0.24434603834963828	0.2296049572251475	0.0	
2.8 	0.7582016583151616	0.0	0.26219889475823166	0.24318974541720767	0.26219889475823166	-0.24318974541720767	0.24179834168483838	0.0	
2.825 	0.7460958263655395	0.0	0.27374292430287134	0.24084814804419388	0.27374292430287134	-0.24084814804419388	0.25390417363446033	0.0	
2.85 	0.7341361326793112	0.0	0.28498059740062465	0.23734937644493614	0.28498059740062465	-0.23734937644493614	0.2658638673206886	0.0	
2.875 	0.7223796157607043	0.0	0.29585792927750887	0.232727149914323	0.29585792927750887	-0.232727149914323	0.2776203842392957	0.0	
2.9 	0.7108814936953339	0.0	0.30632357352596906	0.2270205211795854	0.30632357352596906	-0.2270205211795854	0.2891185063046661	0.0	
2.925 	0.6996949043883326	0.0	0.31632905976392595	0.22027359604396546	0.31632905976392595	-0.22027359604396546	0.3003050956116675	0.0	
2.95 	0.6888706603995403	0.0	0.32582901246909857	0.21253523017758136	0.32582901246909857	-0.21253523017758136	0.31112933960045996	0.0	
2.975 	0.6784570194701274	0.0	0.33478135010563925	0.20385870500030134	0.33478135010563925	-0.20385870500030134	0.32154298052987274	0.0	
3.0 	0.668499471735773	0.0	0.343147463774639	0.1943013846798552	0.343147463774639	-0.1943013846798552	0.33150052826422727	0.0	
3.025 	0.6590405445186276	0.0	0.35089237473579915	0.18392435633571388	0.35089237473579915	-0.18392435633571388	0.340959455481373	0.0	
3.05 	0.6501196254843192	0.0	0.3579848702640895	0.1727920555954216	0.3579848702640895	-0.1727920555954216	0.3498803745156814	0.0	
3.075 	0.6417728048417515	0.0	0.3643976174221534	0.16097187969508456	0.3643976174221534	-0.16097187969508456	0.3582271951582492	0.0	
3.1 	0.6340327371529602	0.0	0.370107254446192	0.1485337903496254	0.370107254446192	-0.1485337903496254	0.36596726284704045	0.0	
3.125 	0.626928523208407	0.0	0.37509445955973164	0.13554990864125047	0.37509445955973164	-0.13554990864125047	0.37307147679159397	0.0	
3.15 	0.6204856123103126	0.0	0.3793439971456946	0.12209410418640437	0.3793439971456946	-0.12209410418640437	0.37951438768968826	0.0	
3.175 	0.614725725193564	0.0	0.3828447413222455	0.1082415808423905	0.3828447413222455	-0.1082415808423905	0.38527427480643683	0.0	
3.2 	0.6096667977008603	0.0	0.3855896770816183	0.09406846120490231	0.3855896770816183	-0.09406846120490231	0.3903332022991407	0.0	
3.225 	0.6053229452166835	0.0	0.3875758792632344	0.07965137212706025	0.3875758792632344	-0.07965137212706025	0.3946770547833176	0.0	
3.25 	0.6017044477538812	0.0	0.38880446974254373	0.06506703345931036	0.38880446974254373	-0.06506703345931036	0.3982955522461198	0.0	
3.275 	0.5988177554776812	0.0	0.38928055332481765	0.050391852167871745	0.38928055332481765	-0.050391852167871745	0.40118224452231965	0.0	
3.3 	0.5966655143453283	0.0	0.38901313293822304	0.03570152393749738	0.38901313293822304	-0.03570152393749738	0.40333448565467284	0.0	
3.325 	0.5952466114357531	0.0	0.3880150048225421	0.021070644302344843	0.3880150048225421	-0.021070644302344843	0.4047533885642479	0.0	
3.35 	0.5945562394432523	0.0	0.3863026345084654	0.006572331276979631	0.3863026345084654	-0.006572331276979631	0.40544376055674863	0.0	
3.375 	0.5945859797125402	0.0	0.38389601447707	-0.007722138621775366	0.38389601447707	0.007722138621775366	0.4054140202874607	0.0	
3.4 	0.5953239031002345	0.0	0.38081850447946763	-0.021743679161960176	0.38081850447946763	0.021743679161960176	0.4046760968997663	0.0	
3.425 	0.5967546878602713	0.0	0.37709665558223016	-0.03542572629178168	0.37709665558223016	0.03542572629178168	0.4032453121397297	0.0	
3.45 	0.5988597536683667	0.0	0.3727600190846074	-0.048704551550180136	0.3727600190846074	0.048704551550180136	0.40114024633163414	0.0	
3.475 	0.6016174108238678	0.0	0.3678409415282858	-0.06151955551562123	0.3678409415282858	0.06151955551562123	0.39838258917613295	0.0	
3.5 	0.6050030235965295	0.0	0.3623743470890262	-0.07381353993947899	0.3623743470890262	0.07381353993947899	0.3949969764034715	0.0	
3.525 	0.6089891866213103	0.0	0.35639750870148673	-0.08553295734074136	0.35639750870148673	0.08553295734074136	0.3910108133786905	0.0	
3.55 	0.6135459131865098	0.0	0.3499498093234322	-0.09662813697549151	0.3499498093234322	0.09662813697549151	0.38645408681349114	0.0	
3.575 	0.6186408342097721	0.0	0.3430724947928866	-0.10705348623702833	0.3430724947928866	0.10705348623702833	0.3813591657902286	0.0	
3.6 	0.6242394066529543	0.0	0.33580841977118264	-0.11676766668986735	0.33580841977118264	0.11676766668986735	0.3757605933470464	0.0	
3.625 	0.6303051300907746	0.0	0.32820178829588503	-0.12573374409243168	0.32820178829588503	0.12573374409243168	0.3696948699092261	0.0	
3.65 	0.6367997701197757	0.0	0.32029789048984336	-0.1339193119181715	0.32029789048984336	0.1339193119181715	0.36320022988022516	0.0	
3.675 	0.6436835872735376	0.0	0.31214283698584083	-0.14129658804225972	0.31214283698584083	0.14129658804225972	0.3563164127264629	0.0	
3.7 	0.6509155700974119	0.0	0.30378329263015713	-0.14784248441997394	0.30378329263015713	0.14784248441997394	0.3490844299025887	0.0	
3.725 	0.6584536710313322	0.0	0.2952662110226427	-0.15353864974242296	0.2952662110226427	0.15353864974242296	0.3415463289686684	0.0	
3.75 	0.6662550437525345	0.0	0.28663857143544624	-0.15837148521440583	0.28663857143544624	0.15837148521440583	0.33374495624746603	0.0	
3.775 	0.6742762806411976	0.0	0.27794711962726276	-0.1623321337568733	0.27794711962726276	0.1623321337568733	0.32572371935880284	0.0	
3.8 	0.682473649051037	0.0	0.2692381140348678	-0.16541644309164283	0.2692381140348678	0.16541644309164283	0.31752635094896314	0.0	
3.825 	0.6908033250935748	0.0	0.2605570787788546	-0.1676249033176392	0.2605570787788546	0.1676249033176392	0.30919667490642533	0.0	
3.85 	0.6992216236789645	0.0	0.25194856486605594	-0.16896255973493046	0.25194856486605594	0.16896255973493046	0.3007783763210358	0.0	
3.875 	0.7076852235976275	-1.0639637319324416e-18	0.24345592090737783	-0.16943890181414975	0.2434559209073779	0.16943890181414975	0.29231477640237286	1.1102230246251566e-18	
3.9 	0.7161513864752295	-2.312964634635742e-18	0.23512107459703846	-0.16906772934351222	0.23512107459703852	0.16906772934351222	0.2838486135247709	2.4980018054066025e-18	
3.925 	0.7245781684883409	-3.885780586188047e-18	0.2269843261179554	-0.16786699691254822	0.22698432611795546	0.16786699691254822	0.27542183151165933	3.885780586188049e-18	
3.95 	0.7329246237890823	-5.3660779523549224e-18	0.21908415454879215	-0.16585863800993303	0.2190841545487922	0.16585863800993303	0.26707537621091787	5.273559366969496e-18	
3.975 	0.7411509986536754	-6.985153196599941e-18	0.2114570382515971	-0.16306837012150308	0.21145703825159715	0.16306837012150308	0.25884900134632477	6.661338147750943e-18	
4.0 	0.7492189154416364	-8.511709855459533e-18	0.20413729011577644	-0.15952548231288075	0.2041372901157765	0.15952548231288075	0.2507810845583639	8.049116928532389e-18	
4.025 	0.7570915455287912	-1.0084525807011839e-17	0.19715690842513744	-0.15526260686834542	0.1971569084251375	0.15526260686834545	0.2429084544712093	9.436895709313836e-18	
4.05 	0.7647337704578137	-1.1749860343949575e-17	0.19054544400081055	-0.15031547663302694	0.1905454440008106	0.15031547663302697	0.2352662295421868	1.0824674490095283e-17	
4.075 	0.7721123306339723	-1.3276417002809167e-17	0.184329884154956	-0.14472266976861387	0.18432988415495605	0.1447226697686139	0.22788766936602817	1.221245327087673e-17	
4.1 	0.779195960980589	-1.4710455076283328e-17	0.17853455386929382	-0.13852534368311872	0.17853455386929387	0.13852534368311875	0.22080403901941154	1.3577102405311819e-17	
4.125 	0.7859555130577328	-1.614449314975749e-17	0.1731810344897195	-0.13176695993250184	0.17318103448971955	0.13176695993250187	0.2140444869422676	1.4953316362920088e-17	
4.15 	0.7923640632382136	-1.7763568394002514e-17	0.1682881001046629	-0.12449300191592877	0.16828810010466297	0.1244930019159288	0.20763593676178674	1.6341095143701535e-17	
4.175 	0.7983970066263488	-1.8873791418627672e-17	0.16387167165152738	-0.11675068719704972	0.16387167165152744	0.11675068719704974	0.2016029933736516	1.7728873924482982e-17	
4.2 	0.8040321364965876	-2.0354088784794554e-17	0.15994478867360887	-0.10858867628100788	0.15994478867360892	0.1085886762810079	0.19596786350341278	1.911665270526443e-17	
4.225 	0.8092497091202191	-2.146431180941971e-17	0.15651759853044486	-0.10005677966109477	0.15651759853044492	0.1000567796610948	0.19075029087978113	2.0504431486045876e-17	
4.25 	0.8140324939384257	-2.312964634635744e-17	0.15359736274864455	-0.09120566492040211	0.1535973627486446	0.09120566492040214	0.18596750606157467	2.1892210266827323e-17	
4.275 	0.8183658091282364	-2.442490654175346e-17	0.15118848008893349	-0.08208656563291662	0.15118848008893354	0.08208656563291665	0.18163419087176408	2.3256859401262412e-17	
4.3 	0.822237542693893	-2.58126853225349e-17	0.14929252579938182	-0.07275099375584111	0.14929252579938188	0.07275099375584114	0.17776245730610746	2.464463818204386e-17	
4.325 	0.8256381592991769	-2.7200464103316347e-17	0.1479083064254692	-0.06325045714118156	0.14790830642546926	0.06325045714118159	0.17436184070082344	2.6020852139652128e-17	
4.35 	0.828560693135839	-2.877328005486864e-17	0.14703192945559065	-0.05363618372060891	0.1470319294555907	0.053636183720608945	0.17143930686416148	2.7408630920433575e-17	
4.375 	0.8310007271989261	-3.020731812834279e-17	0.1466568869965489	-0.043958853834163834	0.14665688699654897	0.04395885383416387	0.1689992728010744	2.8784844878041826e-17	
4.4 	0.8329563594110645	-3.201143054335866e-17	0.14677415259812016	-0.034268342081485666	0.1467741525981202	0.0342683420814857	0.16704364058893595	3.017262365882324e-17	
4.425 	0.8344281561042359	-3.367676508029638e-17	0.14737229027943008	-0.02461346997494195	0.14737229027943013	0.024613469974941984	0.16557184389576432	3.156040243960466e-17	
4.45 	0.8354190934289387	-3.4786988104921537e-17	0.14843757475301642	-0.015041770568392263	0.14843757475301647	0.015041770568392298	0.16458090657106156	3.2948181220386074e-17	
4.475 	0.8359344873165561	-3.59434704222394e-17	0.14995412179534393	-0.005599266124455438	0.14995412179534395	0.005599266124455472	0.16406551268344416	3.397745048279896e-17	
4.5 	0.8359819126710442	-3.663735981263013e-17	0.15190402767531733	0.003669740231800086	0.15190402767531735	-0.0036697402318000526	0.16401808732895606	3.4659775050016496e-17	
4.525 	0.8355711125105043	-3.742376778840628e-17	0.1542675165250197	0.0127228580427162	0.15426751652501972	-0.012722858042716167	0.16442888748949597	3.5353664440407204e-17	
4.55 	0.8347138978177223	-3.742376778840628e-17	0.15702309451937835	0.021519787521136393	0.15702309451937835	-0.02151978752113636	0.16528610218227807	3.5423053379446274e-17	
4.575 	0.8334240388912625	-3.7238730617635425e-17	0.16014770972351547	0.03002248143682786	0.16014770972351544	-0.030022481436827824	0.16657596110873774	3.521488656232906e-17	
4.6 	0.8317171490151946	-3.663735981263013e-17	0.16361691646783444	0.0381952904164007	0.1636169164678344	-0.038195290416400664	0.16828285098480567	3.4520997171938354e-17	
4.625 	0.8296105612860445	-3.566591466608313e-17	0.16740504312101043	0.046005091305596435	0.1674050431210104	-0.0460050913055964	0.17038943871395565	3.3815542958374465e-17	
4.65 	0.827123199450202	-3.4972025275692407e-17	0.1714853621494673	0.053421398359218754	0.17148536214946727	-0.05342139835921872	0.17287680054979823	3.312165356798376e-17	
4.675 	0.8242754436139	-3.4463173056072544e-17	0.17583026137805263	0.060416457137207086	0.1758302613780526	-0.06041645713720705	0.1757245563861003	3.242776417759305e-17	
4.7 	0.8210889916912147	-3.400058012914539e-17	0.18041141539979982	0.06696532109462154	0.1804114153997998	-0.06696532109462151	0.17891100830878562	3.173387478720234e-17	
4.725 	0.8175867174535036	-3.335295003144738e-17	0.18519995612219872	0.07304591095792086	0.1851999561221987	-0.07304591095792083	0.18241328254649689	3.1039985396811633e-17	
4.75 	0.813792526036576	-3.27978385191348e-17	0.1901666414825351	0.07863905707927189	0.19016664148253506	-0.07863905707927187	0.1862074739634245	3.0346096006420925e-17	
4.775 	0.809731207749941	-3.122502256758249e-17	0.19528202141484363	0.08372852505422379	0.19528202141484358	-0.08372852505422376	0.19026879225005952	2.923587298179579e-17	
4.8 	0.8054282910159932	-3.057739246988448e-17	0.20051660020508272	0.08830102497550579	0.20051660020508266	-0.08830102497550577	0.1945717089840074	2.7848094201014376e-17	
4.825 	0.8009098952463133	-2.918961368910304e-17	0.2058409944285101	0.09234620477665127	0.20584099442851003	-0.09234620477665124	0.1990901047536875	2.6448750597059752e-17	
4.85 	0.7962025844376879	-2.798687207909246e-17	0.2112260857231749	0.09585662819339368	0.21122608572317483	-0.09585662819339366	0.2037974155623129	2.5060971816278305e-17	
4.875 	0.7913332222423431	-2.6691611883696444e-17	0.21664316771521722	0.09882773793819273	0.21664316771521713	-0.09882773793819272	0.20866677775765735	2.3465026218379646e-17	
4.9 	0.7863288292355766	-2.428612866367527e-17	0.2220640864746049	0.10125780474378183	0.22206408647460482	-0.10125780474378182	0.21367117076442413	2.138335804720749e-17	
4.925 	0.7812164430698025	-2.2713312712122964e-17	0.22746137394340069	0.10314786298530995	0.2274613739434006	-0.10314786298530994	0.21878355693019824	1.9301689876035336e-17	
4.95 	0.7760229821673584	-2.0215310906716353e-17	0.2328083738420572	0.10450163363757753	0.2328083738420571	-0.10450163363757753	0.22397701783264218	1.722002170486318e-17	
4.975 	0.770775113565544	-1.8549976369778617e-17	0.2380793596220657	0.10532543536419345	0.2380793596220656	-0.10532543536419345	0.2292248864344566	1.5138353533691026e-17	
5.0 	0.7654991254866588	-1.6237011735142873e-17	0.24324964409506558	0.10562808456941106	0.2432496440950655	-0.10562808456941106	0.23450087451334167	1.3079815008865223e-17	
5.025 	0.7602208051635465	-1.401656568589256e-17	0.248295680428869	0.10542078527118737	0.2482956804288689	-0.10542078527118737	0.23977919483645385	1.0998146837693052e-17	
5.05 	0.7549653224076495	-1.2998861246652836e-17	0.25319515425942707	0.10471700967592645	0.253195154259427	-0.10471700967592645	0.24503467759235095	9.344377123928495e-18	
5.075 	0.7497571193621272	-1.1703601051256818e-17	0.25792706672429655	0.10353237035172132	0.2579270667242965	-0.10353237035172132	0.2502428806378731	7.956598343147048e-18	
5.1 	0.7446198068374535	-1.0130785099704512e-17	0.26247180827744854	0.10188448490801533	0.2624718082774485	-0.10188448490801534	0.2553801931625466	6.568819562365601e-18	
5.125 	0.7395760675813311	-8.743006318923066e-18	0.2668112231971436	0.0997928340957911	0.2668112231971436	-0.0997928340957911	0.26042393241866896	5.874930171974878e-18	
5.15 	0.734647566789005	-8.743006318923066e-18	0.2709286647479861	0.09727861424398755	0.2709286647479861	-0.09727861424398755	0.26535243321099505	5.874930171974878e-18	
5.175 	0.7298548701143176	-8.743006318923066e-18	0.2748090410051075	0.09436458494516489	0.2748090410051075	-0.09436458494516489	0.2701451298856824	5.874930171974878e-18	
5.2 	0.7252173693963482	-8.743006318923066e-18	0.2784388513927194	0.09107491289679236	0.2784388513927194	-0.09107491289679236	0.27478263060365204	5.874930171974878e-18	
5.225 	0.720753216271402	-8.743006318923066e-18	0.2818062140310352	0.08743501279421836	0.2818062140310352	-0.08743501279421836	0.2792467837285982	5.874930171974878e-18	
5.25 	0.7164792637956474	-8.743006318923066e-18	0.2849008840248603	0.0834713861576721	0.2849008840248603	-0.0834713861576721	0.28352073620435286	5.874930171974878e-18	
5.275 	0.7124110161599793	-8.743006318923066e-18	0.28771426286405427	0.07921145895879347	0.28771426286405427	-0.07921145895879347	0.2875889838400211	5.874930171974878e-18	
5.3 	0.7085625865359049	-9.483155002006503e-18	0.2902393991406903	0.07468341889242695	0.29023939914069036	-0.07468341889242695	0.29143741346409535	6.568819562365601e-18	
5.325 	0.7049466630495081	-1.0870933782787948e-17	0.29247098082017253	0.06991605311695062	0.2924709808201726	-0.06991605311695061	0.295053336950492	7.93346869680069e-18	
5.35 	0.7015744828399968	-1.2119934685491249e-17	0.29440531933392855	0.06493858726143126	0.2944053193339286	-0.06493858726143124	0.2984255171600032	9.321247477582137e-18	
5.375 	0.6984558141201012	-1.355397275896541e-17	0.296040325789691	0.059780526470562596	0.29604032578969103	-0.05978052647056258	0.30154418587989873	1.0709026258363584e-17	
5.4 	0.6955989461177707	-1.494175153974686e-17	0.29737547962191235	0.05447149922879961	0.2973754796219124	-0.05447149922879959	0.30440105388222904	1.2096805039145031e-17	
5.425 	0.6930106867423295	-1.637578961322102e-17	0.29841179002961093	0.049041104673473675	0.298411790029611	-0.049041104673473654	0.30698931325767015	1.3484583819926478e-17	
5.45 	0.690696367783591	-1.7902346272080616e-17	0.29915175057200816	0.043518764073070426	0.2991517505720082	-0.043518764073070405	0.3093036322164084	1.4826103308015207e-17	
5.475 	0.6886598574195081	-1.905882858939849e-17	0.29959928731374025	0.03793357711137346	0.2995992873137403	-0.03793357711137344	0.31134014258049153	1.6213882088796654e-17	
5.5 	0.6869035797768152	-2.049286666287265e-17	0.2997597009312569	0.032314183580912176	0.299759700931257	-0.032314183580912155	0.3130964202231844	1.76016608695781e-17	
5.525 	0.6854285412599259	-2.1649348980190522e-17	0.2996396032102719	0.026688631050185572	0.29963960321027194	-0.026688631050185548	0.3145714587400739	1.8989439650359548e-17	
5.55 	0.6842343633361212	-2.3360942809820975e-17	0.29924684838081217	0.02108424902854781	0.2992468483808122	-0.02108424902854778	0.3157656366638784	2.0377218431140995e-17	
5.575 	0.6833193214399295	-2.4517425127138848e-17	0.29859045975149523	0.015527530110522061	0.2985904597514953	-0.015527530110522034	0.31668067856007026	2.1741867565576084e-17	
5.6 	0.6826803896365793	-2.5673907444456722e-17	0.2976805521181129	0.010044018537745001	0.29768055211811295	-0.010044018537744972	0.31731961036342055	2.312964634635753e-17	
5.625 	0.6823132906636291	-2.743176056677989e-17	0.2965282504333547	0.004658206571834618	0.29652825043335473	-0.004658206571834588	0.3176867093363708	2.4517425127138978e-17	
5.65 	0.6822125509513494	-2.909709510371762e-17	0.2951456052344887	-0.0006065609746717895	0.29514560523448874	0.0006065609746718205	0.3177874490486506	2.5905203907920424e-17	
5.675 	0.682371560206259	-3.085494822604078e-17	0.29354550533394125	-0.005728173749421268	0.2935455053339413	0.005728173749421299	0.31762843979374095	2.7269853042355513e-17	
5.7 	0.6827826351284234	-3.2335245592207654e-17	0.29174158828388647	-0.01068583416173435	0.2917415882838865	0.010685834161734383	0.3172173648715765	2.865763182313694e-17	
5.725 	0.6834370868217633	-3.395432083645266e-17	0.28974814913005215	-0.015460126771871831	0.2897481491300522	0.015460126771871866	0.3165629131782366	3.0045410603918355e-17	
5.75 	0.6843252914477311	-3.5434618202619535e-17	0.28758004797187414	-0.020033078615160405	0.2875800479718742	0.020033078615160443	0.3156747085522691	3.143318938469977e-17	
5.775 	0.6854367636663184	-3.677613769070826e-17	0.2852526168457584	-0.02438821035819269	0.2852526168457585	0.02438821035819273	0.3145632363336818	3.282096816548119e-17	
5.8 	0.6867602324044799	-3.8210175764182417e-17	0.28278156644544383	-0.02851057823468208	0.2827815664454439	0.02851057823468212	0.31323976759552036	3.4208746946262603e-17	
5.825 	0.6882837184906923	-3.969047313034929e-17	0.28018289318818834	-0.03238680675891367	0.2801828931881884	0.032386806758913714	0.3117162815093083	3.559652572704402e-17	
5.85 	0.689994613695523	-4.029184393535458e-17	0.27747278712764994	-0.036005112264837866	0.27747278712764994	0.036005112264837894	0.3100053863044775	3.6151637239356586e-17	
5.875 	0.6918797607217281	-4.029184393535458e-17	0.27466754120380793	-0.039355317368432216	0.27466754120380793	0.039355317368432244	0.30812023927827237	3.610537794666387e-17	
5.9 	0.693925533693497	-4.029184393535458e-17	0.27178346230704453	-0.04242885649972747	0.27178346230704453	0.042428856499727496	0.3060744663065036	3.610537794666387e-17	
5.925 	0.696117918702987	-4.029184393535458e-17	0.26883678461751936	-0.045218772698557265	0.26883678461751936	0.04521877269855729	0.30388208129701355	3.610537794666387e-17	
5.95 	0.6984425939831511	-4.029184393535458e-17	0.2658435856622399	-0.047719705914343415	0.2658435856622399	0.04771970591434344	0.30155740601684966	3.610537794666387e-17	
5.975 	0.7008850092889981	-4.029184393535458e-17	0.262819705510767	-0.049927873094757574	0.262819705510767	0.049927873094757595	0.2991149907110026	3.610537794666387e-17	
6.0 	0.7034304640847442	-4.029184393535458e-17	0.2597806695063588	-0.051841040390591626	0.2597806695063588	0.05184104039059164	0.29656953591525653	3.610537794666387e-17	
6.025 	0.7060641841516863	-4.029184393535458e-17	0.2567416149026309	-0.053458487844312154	0.2567416149026309	0.05345848784431216	0.29393581584831446	3.610537794666387e-17	
6.05 	0.7087713962509593	-4.029184393535458e-17	0.25371722174662203	-0.054780966967262645	0.25371722174662203	0.054780966967262645	0.29122860374904125	3.610537794666387e-17	
6.075 	0.711537400496458	-4.029184393535458e-17	0.2507216483176503	-0.0558106516450164	0.2507216483176503	0.05581065164501639	0.28846259950354264	3.610537794666387e-17	
6.1 	0.7143476401159774	-4.029184393535458e-17	0.24776847139772618	-0.056551082841694654	0.24776847139772618	0.05655108284169464	0.28565235988402315	3.610537794666387e-17	
6.125 	0.7171877683028796	-4.029184393535458e-17	0.2448706316137661	-0.057007107601888554	0.2448706316137661	0.05700710760188854	0.28281223169712105	3.6082248300317515e-17	
6.15 	0.720043711886141	-4.029184393535458e-17	0.24204038405469272	-0.05718481287292705	0.24204038405469272	0.05718481287292704	0.2799562881138596	3.6082248300317515e-17	
6.175 	0.7229017315732974	-4.029184393535458e-17	0.23928925432798984	-0.05709145469040923	0.23928925432798984	0.057091454690409216	0.2770982684267031	3.605911865397116e-17	
6.2 	0.7257484785483633	-4.029184393535458e-17	0.23662800018072375	-0.05673538328599852	0.23662800018072375	0.0567353832859985	0.27425152145163717	3.605911865397116e-17	
6.225 	0.7285710472350727	-4.029184393535458e-17	0.23406657876977724	-0.05612596468832138	0.23406657876977724	0.056125964688321366	0.27142895276492784	3.605911865397116e-17	
6.25 	0.7313570240645305	-4.029184393535458e-17	0.23161411962542947	-0.05527349939533059	0.23161411962542947	0.05527349939533058	0.2686429759354698	3.605911865397116e-17	
6.275 	0.7340945321153846	-4.029184393535458e-17	0.22927890331182185	-0.05418913869963046	0.22927890331182185	0.05418913869963045	0.2659054678846157	3.605911865397116e-17	
6.3 	0.7367722715236822	-4.029184393535458e-17	0.22706834574765813	-0.05288479924701295	0.22706834574765813	0.052884799247012934	0.2632277284763181	3.605911865397116e-17	
6.325 	0.7393795555884755	-4.029184393535458e-17	0.22498898811108273	-0.05137307640285708	0.22498898811108273	0.051373076402857064	0.26062044441152477	3.605911865397116e-17	
6.35 	0.7419063425277348	-4.029184393535458e-17	0.22304649221444267	-0.049667156991189086	0.22304649221444267	0.04966715699118907	0.2580936574722655	3.605911865397116e-17	
6.375 	0.7443432628670417	-4.029184393535458e-17	0.22124564119794657	-0.04778073195721813	0.22124564119794657	0.04778073195721812	0.2556567371329585	3.605911865397116e-17	
6.4 	0.7466816424706401	-4.029184393535458e-17	0.2195903453564439	-0.04572790948623508	0.2195903453564439	0.045727909486235056	0.25331835752936016	3.605911865397116e-17	
6.425 	0.7489135212505411	-4.029184393535458e-17	0.21808365288100623	-0.04352312909011136	0.21808365288100623	0.043523129090111336	0.2510864787494591	3.605911865397116e-17	
6.45 	0.7510316676143286	-4.029184393535458e-17	0.2167277652670098	-0.04118107714752958	0.2167277652670098	0.04118107714752955	0.24896833238567168	3.605911865397116e-17	
6.475 	0.7530295887359197	-4.029184393535458e-17	0.21552405711328443	-0.038716604355819736	0.21552405711328443	0.0387166043558197	0.2469704112640805	3.604755383079798e-17	
6.5 	0.7549015367556686	-4.029184393535458e-17	0.21447310001285633	-0.036144645521205075	0.21447310001285633	0.03614464552120504	0.2450984632443318	3.604755383079798e-17	
6.525 	0.7566425110367071	-4.029184393535458e-17	0.2135746902150771	-0.03348014208074602	0.2135746902150771	0.03348014208074598	0.24335748896329343	3.6024424184451625e-17	
6.55 	0.7582482566232054	-4.029184393535458e-17	0.21282787972166894	-0.030737967713704135	0.21282787972166894	0.030737967713704094	0.241751743376795	3.6024424184451625e-17	
6.575 	0.759715259063193	-4.029184393535458e-17	0.2122310104655415	-0.02793285736283889	0.2122310104655415	0.027932857362838848	0.24028474093680754	3.6024424184451625e-17	
6.6 	0.7610407357736484	-4.029184393535458e-17	0.21178175121122025	-0.025079339947723905	0.21178175121122025	0.025079339947723864	0.23895926422635216	3.6024424184451625e-17	
6.625 	0.7622226241387	-4.029184393535458e-17	0.21147713680939334	-0.022191675012953833	0.21147713680939334	0.022191675012953792	0.2377773758613006	3.6024424184451625e-17	
6.65 	0.7632595665429251	-4.029184393535458e-17	0.211313609435399	-0.019283793514537496	0.211313609435399	0.019283793514537455	0.23674043345707566	3.6024424184451625e-17	
6.675 	0.7641508925509175	-4.029184393535458e-17	0.21128706144236853	-0.016369242908259335	0.21128706144236853	0.016369242908259293	0.23584910744908327	3.6024424184451625e-17	
6.7 	0.7648965984515015	-4.029184393535458e-17	0.21139287946407942	-0.013461136664747556	0.21139287946407942	0.013461136664747514	0.23510340154849926	3.6012859361278444e-17	
6.725 	0.7654973243902476	-4.029184393535458e-17	0.2116259894101969	-0.01057210829780396	0.2116259894101969	0.010572108297803919	0.2345026756097532	3.6012859361278444e-17	
6.75 	0.7659543293173438	-4.029184393535458e-17	0.2119809020072761	-0.007714269955591624	0.2119809020072761	0.007714269955591581	0.23404567068265708	3.6012859361278444e-17	
6.775 	0.7662694639794647	-4.029184393535458e-17	0.2124517585524181	-0.004899175588877971	0.2124517585524181	0.004899175588877926	0.23373053602053612	3.6012859361278444e-17	
6.8 	0.7664451421841438	-4.029184393535458e-17	0.21303237656254587	-0.002137788676993846	0.21303237656254587	0.0021377886769938003	0.23355485781585708	3.6012859361278444e-17	
6.825 	0.7664843105633895	-4.029184393535458e-17	0.21371629502058265	0.0005595455392421189	0.21371629502058265	-0.0005595455392421657	0.2335156894366114	3.6012859361278444e-17	
6.85 	0.7663904170600173	-4.029184393535458e-17	0.2144968189400591	0.0031831233974463696	0.2144968189400591	-0.003183123397446417	0.23360958293998363	3.598972971493209e-17	
6.875 	0.7661673783554995	-4.029184393535458e-17	0.21536706299150493	0.005723901832783932	0.21536706299150493	-0.00572390183278398	0.2338326216445015	3.598972971493209e-17	
6.9 	0.7658195464522128	-4.029184393535458e-17	0.21631999395705132	0.008173513206477565	0.21631999395705132	-0.008173513206477613	0.2341804535477884	3.598972971493209e-17	
6.925 	0.7653516746159128	-4.029184393535458e-17	0.2173484718036395	0.010524276095015503	0.2173484718036395	-0.010524276095015552	0.23464832538408847	3.598972971493209e-17	
6.95 	0.7647688828762322	-4.029184393535458e-17	0.2184452891897507	0.012769202209643078	0.2184452891897507	-0.012769202209643131	0.23523111712376898	3.598972971493209e-17	
6.975 	0.7640766232741202	-4.029184393535458e-17	0.21960320924531324	0.014901999631180744	0.21960320924531324	-0.014901999631180798	0.23592337672588107	3.598972971493209e-17	
7.0 	0.7632806450355603	-4.029184393535458e-17	0.22081500148909122	0.01691707255787244	0.22081500148909122	-0.016917072557872496	0.2367193549644411	3.598972971493209e-17	
7.025 	0.762386959840762	-4.0708177569589e-17	0.22207347577210776	0.01880951777390068	0.2220734757721078	-0.018809517773900736	0.23761304015923929	3.61978965320493e-17	
7.05 	0.7614018073474441	-4.0939474033052576e-17	0.22337151415924433	0.020575118053507924	0.22337151415924433	-0.02057511805350798	0.23859819265255727	3.6336674410127443e-17	
7.075 	0.7603316211159485	-4.0939474033052576e-17	0.22470210068382948	0.022210332720467896	0.22470210068382948	-0.022210332720467952	0.239668378884053	3.6336674410127443e-17	
7.1 	0.7591829950728708	-4.0939474033052576e-17	0.22605834893157598	0.02371228558511085	0.22605834893157598	-0.023712285585110904	0.24081700492713068	3.6336674410127443e-17	
7.125 	0.7579626506387631	-4.0939474033052576e-17	0.22743352743045936	0.025078750481399854	0.22743352743045936	-0.02507875048139991	0.24203734936123847	3.631354476378109e-17	
7.15 	0.756677404634374	-4.0939474033052576e-17	0.22882108284190286	0.026308134624875044	0.22882108284190286	-0.026308134624875103	0.24332259536562756	3.631354476378109e-17	
7.175 	0.7553341380689332	-4.0939474033052576e-17	0.2302146609658283	0.027399460008834656	0.2302146609658283	-0.027399460008834715	0.24466586193106832	3.631354476378109e-17	
7.2 	0.7539397659032333	-4.0939474033052576e-17	0.23160812558766494	0.028352343051119073	0.23160812558766494	-0.028352343051119132	0.24606023409676833	3.631354476378109e-17	
7.225 	0.7525012078698003	-4.0939474033052576e-17	0.23299557520923073	0.029166972697524055	0.23299557520923073	-0.029166972697524114	0.24749879213020132	3.631354476378109e-17	
7.25 	0.751025360422325	-4.0939474033052576e-17	0.23437135771749099	0.029844087180407562	0.23437135771749099	-0.02984408718040762	0.24897463957767652	3.631354476378109e-17	
7.275 	0.7495190698768026	-4.0939474033052576e-17	0.2357300830555714	0.03038494962268318	0.2357300830555714	-0.03038494962268324	0.250480930123199	3.631354476378109e-17	
7.3 	0.7479891067975446	-4.0939474033052576e-17	0.23706663396908642	0.030791322668315496	0.23706663396908642	-0.030791322668315555	0.25201089320245684	3.631354476378109e-17	
7.325 	0.7464421416724114	-4.0939474033052576e-17	0.23837617490790894	0.031065442310842406	0.23837617490790894	-0.031065442310842465	0.2535578583275902	3.6290415117434733e-17	
7.35 	0.7448847219132779	-4.0939474033052576e-17	0.23965415916902533	0.03120999108152541	0.23965415916902533	-0.03120999108152547	0.2551152780867236	3.6290415117434733e-17	
7.375 	0.7433232502099265	-4.0939474033052576e-17	0.24089633437019306	0.03122807074863662	0.24089633437019306	-0.03122807074863668	0.25667674979007504	3.6290415117434733e-17	
7.4 	0.7417639642582281	-4.0939474033052576e-17	0.2420987463468633	0.03112317466927723	0.2420987463468633	-0.03112317466927729	0.2582360357417735	3.6290415117434733e-17	
7.425 	0.7402129178766629	-4.0939474033052576e-17	0.24325774156635924	0.03089915992511693	0.24325774156635924	-0.03089915992511699	0.25978708212333873	3.6290415117434733e-17	
7.45 	0.7386759635189025	-4.0939474033052576e-17	0.2443699681537553	0.03056021936365792	0.2443699681537553	-0.03056021936365798	0.2613240364810992	3.6290415117434733e-17	
7.475 	0.7371587361843356	-4.0939474033052576e-17	0.24543237562341025	0.03011085365715306	0.24543237562341025	-0.03011085365715312	0.2628412638156661	3.6290415117434733e-17	
7.5 	0.7356666387230419	-4.0939474033052576e-17	0.24644221340880115	0.029555843482219665	0.24644221340880115	-0.029555843482219724	0.26433336127695967	3.6290415117434733e-17	
7.525 	0.7342048285267845	-4.0939474033052576e-17	0.24739702828132865	0.0289002219145438	0.24739702828132865	-0.028900221914543858	0.26579517147321713	3.6290415117434733e-17	
7.55 	0.7327782055930763	-4.0939474033052576e-17	0.24829466074623488	0.028149247124904637	0.24829466074623488	-0.028149247124904696	0.2672217944069255	3.6290415117434733e-17	
7.575 	0.7313914019452614	-4.0939474033052576e-17	0.24913324050082553	0.027308375455086582	0.24913324050082553	-0.02730837545508664	0.2686085980547404	3.6290415117434733e-17	
7.6 	0.7300487723878023	-4.0939474033052576e-17	0.24991118103692586	0.02638323494509829	0.24991118103692586	-0.02638323494509835	0.2699512276121996	3.6290415117434733e-17	
7.625 	0.72875438657256	-4.0939474033052576e-17	0.25062717346603686	0.02537959937647779	0.25062717346603686	-0.025379599376477848	0.271245613427442	3.6290415117434733e-17	
7.65 	0.7275120223487737	-4.0939474033052576e-17	0.25128017964208	0.024303362890316642	0.25128017964208	-0.0243033628903167	0.27248797765122834	3.6290415117434733e-17	
7.675 	0.7263251603666578	-4.0939474033052576e-17	0.25186942465301776	0.023160515232958947	0.25186942465301776	-0.023160515232959006	0.2736748396333442	3.6290415117434733e-17	
7.7 	0.725196979902018	-4.0939474033052576e-17	0.25239438874907183	0.02195711767709109	0.25239438874907183	-0.02195711767709115	0.274803020097984	3.6290415117434733e-17	
7.725 	0.7241303558670242	-4.0939474033052576e-17	0.25285479877179956	0.020699279661097202	0.25285479877179956	-0.02069927966109726	0.2758696441329779	3.6290415117434733e-17	
7.75 	0.7231278569702527	-4.0939474033052576e-17	0.2532506191449685	0.019393136185072057	0.2532506191449685	-0.019393136185072116	0.2768721430297494	3.6290415117434733e-17	
7.775 	0.722191744987289	-4.0939474033052576e-17	0.2535820424850236	0.01804482599771309	0.2535820424850236	-0.01804482599771315	0.27780825501271295	3.6290415117434733e-17	
7.8 	0.7213239751015761	-4.0939474033052576e-17	0.2538494798859988	0.01666047060441143	0.2538494798859988	-0.016660470604411493	0.2786760248984261	3.6290415117434733e-17	
7.825 	0.7205261972737639	-4.0939474033052576e-17	0.25405355093098075	0.015246154123184455	0.25405355093098075	-0.015246154123184518	0.2794738027262382	3.6290415117434733e-17	
7.85 	0.7197997585965806	-4.0939474033052576e-17	0.25419507347970444	0.01380790401159724	0.25419507347970444	-0.013807904011597302	0.2802002414034216	3.6290415117434733e-17	
7.875 	0.7191457065911605	-4.0939474033052576e-17	0.2542750532795257	0.012351672684467763	0.2542750532795257	-0.012351672684467825	0.2808542934088416	3.6290415117434733e-17	
7.9 	0.7185647933998687	-4.0939474033052576e-17	0.25429467344486495	0.010883320038907195	0.25429467344486495	-0.010883320038907258	0.2814352066001333	3.6290415117434733e-17	
7.925 	0.7180574808299038	-4.0939474033052576e-17	0.25425528384822643	0.009408596900081034	0.25425528384822643	-0.009408596900081096	0.2819425191700981	3.6290415117434733e-17	
7.95 	0.7176239462013752	-4.0939474033052576e-17	0.2541583904640348	0.007933129397965538	0.2541583904640348	-0.0079331293979656	0.2823760537986266	3.6290415117434733e-17	
7.975 	0.7172640889531107	-4.0939474033052576e-17	0.2540056447047759	0.006462404282298497	0.2540056447047759	-0.00646240428229856	0.2827359110468911	3.6290415117434733e-17	
8.0 	0.7169775379591704	-4.0939474033052576e-17	0.2537988327872277	0.005001755179871582	0.2537988327872277	-0.0050017551798716454	0.2830224620408314	3.6290415117434733e-17	
8.025 	0.7167636595089069	-4.0939474033052576e-17	0.2535398651649089	0.0035563497952776813	0.2535398651649089	-0.0035563497952777437	0.2832363404910949	3.6290415117434733e-17	
8.05 	0.7166215659034365	-4.0939474033052576e-17	0.25323076606119965	0.0021311780532113763	0.25323076606119965	-0.002131178053211439	0.2833784340965655	3.6290415117434733e-17	
8.075 	0.7165501246215517	-4.0939474033052576e-17	0.25287366313588183	0.0007310411774302083	0.25287366313588183	-0.0007310411774302715	0.2834498753784504	3.6290415117434733e-17	
8.1 	0.716547968008427	-4.0939474033052576e-17	0.25247077731606726	-0.0006394583014688771	0.25247077731606726	0.0006394583014688133	0.28345203199157504	3.6290415117434733e-17	
8.125 	0.7166135034409342	-4.0939474033052576e-17	0.2520244128206071	-0.0019759256202028235	0.2520244128206071	0.0019759256202027597	0.28338649655906767	3.6290415117434733e-17	
8.15 	0.7167449239239896	-4.0939474033052576e-17	0.2515369474050722	-0.0032741819524538347	0.2515369474050722	0.003274181952453771	0.28325507607601225	3.6290415117434733e-17	
8.175 	0.7169402190731055	-4.0939474033052576e-17	0.25101082285226106	-0.004530271690309678	0.25101082285226106	0.004530271690309614	0.28305978092689643	3.6290415117434733e-17	
8.2 	0.7171971864391975	-4.0939474033052576e-17	0.25044853573089504	-0.00574046885637714	0.25044853573089504	0.0057404688563770755	0.2828028135608045	3.6290415117434733e-17	
8.225 	0.717513443132703	-4.0939474033052576e-17	0.24985262844271175	-0.006901282667887191	0.24985262844271175	0.006901282667887127	0.282486556867299	3.6290415117434733e-17	
8.25 	0.7178864377051921	-4.0939474033052576e-17	0.2492256805755548	-0.008009462276354557	0.2492256805755548	0.008009462276354493	0.2821135622948102	3.6290415117434733e-17	
8.275 	0.7183134622478778	-4.0939474033052576e-17	0.24857030057729762	-0.009062000708377425	0.24857030057729762	0.00906200070837736	0.28168653775212427	3.6290415117434733e-17	
8.3 	0.718791664667765	-4.0939474033052576e-17	0.24788911776253417	-0.010056138034934861	0.24788911776253417	0.010056138034934797	0.28120833533223716	3.6290415117434733e-17	
8.325 	0.7193180611035703	-4.0939474033052576e-17	0.24718477466095062	-0.010989363798032038	0.24718477466095062	0.010989363798031974	0.2806819388964316	3.6290415117434733e-17	
8.35 	0.7198895484450363	-4.080069615497443e-17	0.2464599197131783	-0.011859418724731337	0.24645991971317827	0.011859418724731272	0.2801104515549655	3.601285936127845e-17	
8.375 	0.7205029169207707	-4.001428817919827e-17	0.245717200316754	-0.012664295759469408	0.24571720031675398	0.01266429575946934	0.2794970830792308	3.531896997088774e-17	
8.4 	0.7211548627213158	-3.922788020342211e-17	0.24495925622161788	-0.013402240446079435	0.24495925622161785	0.013402240446079365	0.2788451372786861	3.4625080580497034e-17	
8.425 	0.7218420006257155	-3.834895364226053e-17	0.2441887132713976	-0.014071750691102357	0.24418871327139757	0.014071750691102286	0.2781579993742865	3.3931191190106326e-17	
8.45 	0.72256087660144	-3.7562545666484375e-17	0.24340817748361365	-0.01467157593977523	0.24340817748361362	0.01467157593977516	0.27743912339856197	3.323730179971562e-17	
8.475 	0.7233079803490671	-3.659110051993736e-17	0.24262022945892964	-0.015200715795529493	0.2426202294589296	0.015200715795529418	0.27669201965093504	3.254341240932491e-17	
8.5 	0.7240797577646526	-3.594347042223934e-17	0.24182741910672573	-0.015658418112924108	0.2418274191067257	0.01565841811292403	0.2759202422353493	3.18495230189342e-17	
8.525 	0.7248726232941852	-3.511080315377047e-17	0.24103226067162856	-0.01604417659269243	0.24103226067162853	0.016044176592692354	0.2751273767058164	3.1155633628543494e-17	
8.55 	0.7256829721559133	-3.450943234876517e-17	0.24023722804324385	-0.01635772790601805	0.24023722804324382	0.01635772790601797	0.2743170278440882	3.0461744238152786e-17	
8.575 	0.7265071924076469	-3.363050578760359e-17	0.23944475032924906	-0.016599048373301666	0.23944475032924903	0.016599048373301586	0.27349280759235467	2.976785484776208e-17	
8.6 	0.7273416768373477	-3.3352950031447294e-17	0.23865720767025758	-0.016768350220571944	0.23865720767025755	0.016768350220571864	0.2726583231626541	2.907396545737137e-17	
8.625 	0.7281828346564192	-3.2797838519134715e-17	0.2378769272734996	-0.016866077434368885	0.23787692727349957	0.016866077434368805	0.2718171653435826	2.8391640890153836e-17	
8.65 	0.7290271029760909	-3.228898629951485e-17	0.237106179641411	-0.016892901233432952	0.23710617964141098	0.01689290123343287	0.27097289702391103	2.7697751499763128e-17	
8.675 	0.7298709580481381	-3.1733874787202273e-17	0.23634717497070604	-0.01684971517291817	0.236347174970706	0.016849715172918084	0.270129041951864	2.700386210937242e-17	
8.7 	0.730710926251904	-3.1039985396811547e-17	0.235602059697453	-0.016737629894164812	0.23560205969745296	0.016737629894164725	0.2692890737480984	2.6309972718981712e-17	
8.725 	0.7315435948101694	-3.048487388449896e-17	0.23487291316408154	-0.016557967530374338	0.23487291316408151	0.01655796753037425	0.2684564051898331	2.5616083328591004e-17	
8.75 	0.7323656222168698	-2.992976237218638e-17	0.23416174438513485	-0.016312255775883525	0.23416174438513485	0.01631225577588344	0.2676343777831326	2.4991582877239367e-17	
8.775 	0.7331737483599778	-2.992976237218638e-17	0.23347048888992747	-0.01600222162419432	0.23347048888992747	0.016002221624194235	0.2668262516400245	2.4991582877239367e-17	
8.8 	0.7339648043230688	-2.992976237218638e-17	0.23280100562207096	-0.01562978477753878	0.23280100562207096	0.015629784777538694	0.26603519567693357	2.4991582877239367e-17	
8.825 	0.7347357218491688	-2.997602166487909e-17	0.23215507387805942	-0.015197050728599906	0.23215507387805942	0.01519705072859982	0.2652642781508335	2.5003147700412544e-17	
8.85 	0.7354835424504713	-2.997602166487909e-17	0.23153439026973327	-0.014706303513122389	0.23153439026973327	0.014706303513122302	0.2645164575495311	2.5003147700412544e-17	
8.875 	0.7362054261473977	-2.997602166487909e-17	0.23094056569842605	-0.014159998130580095	0.23094056569842605	0.01415999813058001	0.26379457385260446	2.5003147700412544e-17	
8.9 	0.7368986598203128	-2.997602166487909e-17	0.2303751223318967	-0.013560752628863571	0.2303751223318967	0.013560752628863488	0.26310134017968945	2.5003147700412544e-17	
8.925 	0.7375606651569719	-2.997602166487909e-17	0.22983949057870492	-0.012911339848147409	0.22983949057870492	0.012911339848147328	0.2624393348430302	2.5003147700412544e-17	
8.95 	0.7381890061785352	-2.997602166487909e-17	0.22933500605844795	-0.012214678818724782	0.22933500605844795	0.012214678818724702	0.2618109938214668	2.5003147700412544e-17	
8.975 	0.7387813963267131	-2.997602166487909e-17	0.2288629065701689	-0.011473825807676929	0.2288629065701689	0.011473825807676849	0.2612186036732889	2.5003147700412544e-17	
9.0 	0.7393357050943685	-2.997602166487909e-17	0.22842432906521842	-0.010691965009793533	0.22842432906521842	0.010691965009793454	0.26066429490563364	2.5003147700412544e-17	
9.025 	0.739849964181694	-2.997602166487909e-17	0.2280203066348203	-0.0098723988791817	0.2280203066348203	0.00987239887918162	0.2601500358183079	2.5003147700412544e-17	
9.05 	0.7403223731599406	-2.997602166487909e-17	0.2276517655265015	-0.009018538099493533	0.2276517655265015	0.009018538099493453	0.2596776268400612	2.5003147700412544e-17	
9.075 	0.7407513046246141	-2.997602166487909e-17	0.22731952220731963	-0.008133891192654098	0.22731952220731963	0.00813389119265402	0.2592486953753877	2.5003147700412544e-17	
9.1 	0.7411353088201132	-2.997602166487909e-17	0.2270242804953998	-0.007222053768362467	0.2270242804953998	0.00722205376836239	0.25886469117988875	2.5003147700412544e-17	
9.125 	0.7414731177179601	-2.997602166487909e-17	0.2267666287846043	-0.0062866974194407815	0.2267666287846043	0.006286697419440706	0.25852688228204207	2.5003147700412544e-17	
9.15 	0.7417636485311094	-2.997602166487909e-17	0.22654703739015308	-0.005331558271283856	0.22654703739015308	0.005331558271283781	0.25823635146889273	2.5003147700412544e-17	
9.175 	0.74200600664732	-2.997602166487909e-17	0.22636585604563303	-0.0043604251971721695	0.22636585604563303	0.004360425197172096	0.2579939933526819	2.5003147700412544e-17	
9.2 	0.7421994879652538	-2.997602166487909e-17	0.22622331158402895	-0.00337712771500506	0.22622331158402895	0.0033771277150049872	0.2578005120347479	2.5003147700412544e-17	
9.225 	0.7423435806178454	-2.997602166487909e-17	0.22611950583714588	-0.00238552358503451	0.22611950583714588	0.002385523585034437	0.25765641938215617	2.5003147700412544e-17	
9.25 	0.7424379660685705	-2.997602166487909e-17	0.22605441378903116	-0.0013894861323743156	0.22605441378903116	0.0013894861323742436	0.25756203393143123	2.5003147700412544e-17	
9.275 	0.7424825195675336	-2.997602166487909e-17	0.22602788201972512	-0.00039289132236275935	0.22602788201972512	0.0003928913223626879	0.25751748043246814	2.5003147700412544e-17	
9.3 	0.7424773099558132	-2.997602166487909e-17	0.22603962747585132	0.0006003953787946626	0.22603962747585132	-0.0006003953787947334	0.25752269004418854	2.5003147700412544e-17	
9.325 	0.7424225988082258	-2.997602166487909e-17	0.22608923660419786	0.0015865323213479288	0.22608923660419786	-0.0015865323213479989	0.2575774011917758	2.5003147700412544e-17	
9.35 	0.7423188389066215	-2.997602166487909e-17	0.2261761648835344	0.002561715126293455	0.2261761648835344	-0.0025617151262935242	0.25768116109338	2.5003147700412544e-17	
9.375 	0.7421666720379707	-2.997602166487909e-17	0.22629973678847	0.003522190231543338	0.22629973678847	-0.0035221902315434074	0.2578333279620308	2.5003147700412544e-17	
9.4 	0.7419669261138577	-2.997602166487909e-17	0.2264591462171965	0.004464268481001866	0.2264591462171965	-0.004464268481001936	0.2580330738861436	2.5003147700412544e-17	
9.425 	0.7417206116105377	-2.997602166487909e-17	0.22665345741250734	0.005384338703968324	0.22665345741250734	-0.005384338703968393	0.2582793883894637	2.5003147700412544e-17	
9.45 	0.7414289173314204	-2.997602166487909e-17	0.22688160640256236	0.006278881229001538	0.22688160640256236	-0.006278881229001606	0.25857108266858136	2.5003147700412544e-17	
9.475 	0.7410932054967188	-2.997602166487909e-17	0.2271424029845214	0.007144481273475301	0.2271424029845214	-0.0071444812734753685	0.2589067945032829	2.5003147700412544e-17	
9.5 	0.7407150061680012	-3.011479954295724e-17	0.2274345332704363	0.007977842147570255	0.22743453327043633	-0.007977842147570323	0.2592849938320005	2.5350092395607898e-17	
9.525 	0.7402960110184946	-3.0577392469884394e-17	0.2277565628107187	0.008775798209426948	0.22775656281071874	-0.008775798209427015	0.2597039889815068	2.6043981785998606e-17	
9.55 	0.7398380664632007	-3.1039985396811547e-17	0.2281069403061386	0.009535327506660031	0.22810694030613862	-0.009535327506660099	0.26016193353680084	2.6737871176389314e-17	
9.575 	0.7393431661661455	-3.1733874787202273e-17	0.22848400191471163	0.01025356403843258	0.22848400191471166	-0.010253564038432644	0.260656833833856	2.7431760566780022e-17	
9.6 	0.7388134429453932	-3.252028276297843e-17	0.22888597615505402	0.01092780957183216	0.22888597615505404	-0.01092780957183222	0.2611865570546085	2.8125649957170733e-17	
9.625 	0.7382511600997611	-3.326043144606188e-17	0.22931098940287944	0.011555544946391076	0.22931098940287947	-0.011555544946391137	0.2617488399002407	2.881953934756144e-17	
9.65 	0.7376587021844738	-3.381554295837447e-17	0.22975707197233824	0.012134440801258708	0.22975707197233827	-0.012134440801258767	0.2623412978155281	2.951342873795215e-17	
9.675 	0.7370385652662326	-3.4139358007223477e-17	0.23022216476891477	0.012662367660764864	0.2302221647689148	-0.01266236766076492	0.2629614347337696	3.020731812834286e-17	
9.7 	0.7363933466913539	-3.501828456838507e-17	0.23070412649564945	0.013137405315903747	0.23070412649564948	-0.013137405315903801	0.2636066533086482	3.0901207518733566e-17	
9.725 	0.7357257344036954	-3.548087749531222e-17	0.23120074138960228	0.013557851441606646	0.2312007413896023	-0.0135578514416067	0.2642742655963067	3.1595096909124274e-17	
9.75 	0.7350384958520215	-3.6406063349166514e-17	0.23170972746076277	0.013922229392540052	0.2317097274607628	-0.013922229392540106	0.26496150414798075	3.228898629951498e-17	
9.775 	0.7343344665292472	-3.682239698340095e-17	0.2322287452010939	0.014229295123541975	0.23222874520109393	-0.014229295123542027	0.26566553347075517	3.298287568990569e-17	
9.8 	0.733616538188596	-3.747002708109897e-17	0.23275540672711037	0.01447804318466502	0.2327554067271104	-0.01447804318466507	0.2663834618114063	3.36767650802964e-17	
9.825 	0.7328876467841029	-3.81639164714897e-17	0.23328728531538	0.014667711745098233	0.23328728531538004	-0.014667711745098278	0.2671123532158995	3.4370654470687106e-17	
9.85 	0.7321507601850632	-3.871902798380228e-17	0.23382192528663373	0.014797786604954954	0.23382192528663376	-0.014797786604955	0.2678492398149392	3.5064543861077814e-17	
9.875 	0.7314088657159568	-3.927413949611486e-17	0.23435685219080685	0.014868004159002227	0.23435685219080687	-0.01486800415900227	0.26859113428404563	3.575843325146852e-17	
9.9 	0.7306649575750338	-3.992176959381286e-17	0.23488958324233808	0.014878353281826058	0.2348895832423381	-0.0148783532818261	0.26933504242496875	3.645232264185923e-17	
9.925 	0.7299220241861355	-3.992176959381286e-17	0.23541763795244913	0.014829076109632898	0.23541763795244913	-0.01482907610963294	0.270077975813867	3.65217115808983e-17	
9.95 	0.7291830355394161	-3.992176959381286e-17	0.2359385489029288	0.01472066769983436	0.2359385489029288	-0.014720667699834402	0.2708169644605865	3.65217115808983e-17	
9.975 	0.7284509305774167	-3.992176959381286e-17	0.23644987260417147	0.014553874555703122	0.23644987260417147	-0.014553874555703164	0.27154906942258583	3.65217115808983e-17	
10.0 	0.7277286046834296	-3.992176959381286e-17	0.2369492003788751	0.0143296920096751	0.2369492003788751	-0.014329692009675144	0.27227139531657274	3.65217115808983e-17	
10.025 	0.7270188973292444	-3.992176959381286e-17	0.23743416921189728	0.014049360465258481	0.23743416921189728	-0.014049360465258526	0.27298110267075765	3.65217115808983e-17	
10.05 	0.726324579939215	-3.992176959381286e-17	0.23790247250629654	0.013714360503946055	0.23790247250629654	-0.0137143605039461	0.27367542006078704	3.65217115808983e-17	
10.075 	0.7256483440271002	-3.992176959381286e-17	0.238351870685554	0.013326406869966629	0.238351870685554	-0.013326406869966674	0.27435165597290156	3.65217115808983e-17	
10.1 	0.724992789661337	-3.992176959381286e-17	0.23878020158236152	0.012887441352107478	0.23878020158236152	-0.012887441352107523	0.27500721033866493	3.651014675772512e-17	
10.125 	0.7243604143132738	-3.992176959381286e-17	0.23918539055517887	0.012399624588147994	0.23918539055517887	-0.01239962458814804	0.2756395856867282	3.651014675772512e-17	
10.15 	0.7237536021414714	-3.992176959381286e-17	0.2395654602749819	0.011865326823621434	0.2395654602749819	-0.01186532682362148	0.27624639785853045	3.651014675772512e-17	
10.175 	0.7231746137634337	-3.992176959381286e-17	0.23991854012623423	0.01128711766262548	0.23991854012623423	-0.011287117662625527	0.2768253862365682	3.651014675772512e-17	
10.2 	0.7226255765641011	-3.992176959381286e-17	0.24024287516810205	0.010667754854193615	0.24024287516810205	-0.010667754854193662	0.2773744234359008	3.649858193455194e-17	
10.225 	0.7221084755881275	-3.959795454496386e-17	0.24053683460426714	0.010010172163281306	0.2405368346042671	-0.010010172163281357	0.2778915244118742	3.6151637239356586e-17	
10.25 	0.7216251450603716	-3.9089102325343994e-17	0.2407989197123633	0.009317466380678678	0.24079891971236328	-0.009317466380678728	0.27837485493963027	3.545774784896588e-17	
10.275 	0.7211772605761935	-3.8302694349567836e-17	0.24102777118703533	0.008592883531103164	0.2410277711870353	-0.008592883531103218	0.27882273942380825	3.476385845857517e-17	
10.3 	0.7207663320000738	-3.770132354456253e-17	0.24122217585387457	0.007839804343322423	0.24122217585387454	-0.007839804343322479	0.27923366799992777	3.406996906818446e-17	
10.325 	0.7203936971077648	-3.709995273955723e-17	0.24138107271499698	0.0070617290503831	0.24138107271499695	-0.007061729050383156	0.2796063028922368	3.3376079677793753e-17	
10.35 	0.7200605160036864	-3.635980405647378e-17	0.2415035582907624	0.006262261591852091	0.24150355829076237	-0.006262261591852147	0.27993948399631524	3.2682190287403045e-17	
10.375 	0.719767766341599	-3.575843325146848e-17	0.24158889122607025	0.005445093293393131	0.24158889122607022	-0.005445093293393188	0.28023223365840266	3.198830089701234e-17	
10.4 	0.7195162393727371	-3.5295840324541326e-17	0.24163649613376795	0.004613986101986238	0.24163649613376792	-0.004613986101986296	0.28048376062726427	3.129441150662163e-17	
10.425 	0.719306536841613	-3.478698810492146e-17	0.24164596665195062	0.0037727554576362744	0.2416459666519506	-0.003772755457636333	0.2806934631583883	3.060052211623092e-17	
10.45 	0.719139068745597	-3.423187659260888e-17	0.24161706769628374	0.00292525288449917	0.24161706769628372	-0.002925252884499229	0.28086093125440437	2.9906632725840213e-17	
10.475 	0.7190140519701984	-3.3584246494910873e-17	0.24154973689291373	0.002075348385971979	0.2415497368929137	-0.0020753483859720393	0.2809859480298029	2.9212743335449505e-17	
10.5 	0.7189315098077103	-3.2705319933749296e-17	0.24144408518201896	0.0012269127294413412	0.24144408518201893	-0.0012269127294414026	0.28106849019229097	2.85188539450588e-17	
10.525 	0.7188912723625758	-3.2150208421436717e-17	0.24130039658656405	0.0003837997070617743	0.24130039658656402	-0.00038379970706183724	0.2811087276374256	2.782496455466809e-17	
10.55 	0.7188929778425105	-3.159509690912413e-17	0.2411191271453291	-0.00045017154085811646	0.24111912714532907	0.00045017154085805287	0.2811070221574907	2.713107516427738e-17	
10.575 	0.7189360747300926	-3.1178763274889695e-17	0.2409009030137664	-0.001271234053543768	0.24090090301376638	0.0012712340535437038	0.2810639252699085	2.6437185773886673e-17	
10.6 	0.7190198248252276	-3.0854948226040696e-17	0.24064651774065926	-0.002075690342920039	0.24064651774065926	0.002075690342919975	0.28098017517477364	2.615963001773039e-17	
10.625 	0.7191433071446458	-3.0854948226040696e-17	0.24035692873290676	-0.0028599293678292946	0.24035692873290676	0.002859929367829231	0.2808566928553555	2.615963001773039e-17	
10.65 	0.7193054226604101	-3.0854948226040696e-17	0.24003325292499988	-0.0036204431064906246	0.24003325292499988	0.0036204431064905613	0.2806945773395915	2.615963001773039e-17	
10.675 	0.7195048998553122	-3.0854948226040696e-17	0.23967676167387794	-0.004353842646428908	0.23967676167387794	0.004353842646428845	0.28049510014468937	2.615963001773039e-17	
10.7 	0.7197403010690676	-3.0854948226040696e-17	0.23928887490382944	-0.005056873713554515	0.23928887490382944	0.005056873713554452	0.28025969893093383	2.615963001773039e-17	
10.725 	0.7200100296053622	-3.0854948226040696e-17	0.23887115452991867	-0.005726431564920919	0.23887115452991867	0.005726431564920857	0.2799899703946392	2.615963001773039e-17	
10.75 	0.7203123375661172	-3.0854948226040696e-17	0.2384252971920538	-0.006359575172909542	0.2384252971920538	0.00635957517290948	0.2796876624338841	2.615963001773039e-17	
10.775 	0.72064533437581	-3.0854948226040696e-17	0.23795312633525442	-0.006953540632168	0.23795312633525442	0.006953540632167938	0.27935466562419137	2.615963001773039e-17	
10.8 	0.7210069959553526	-3.0854948226040696e-17	0.23745658367490782	-0.007505753724537691	0.23745658367490782	0.007505753724537629	0.27899300404464883	2.615963001773039e-17	
10.825 	0.7213951745018956	-3.0854948226040696e-17	0.2369377200888151	-0.008013841581426186	0.2369377200888151	0.008013841581426125	0.2786048254981058	2.615963001773039e-17	
10.85 	0.7218076088280101	-3.0854948226040696e-17	0.2363986859806046	-0.008475643387584888	0.2363986859806046	0.008475643387584827	0.27819239117199146	2.615963001773039e-17	
10.875 	0.7222419352110133	-3.0854948226040696e-17	0.23584172116162955	-0.00888922007501791	0.23584172116162955	0.00888922007501785	0.2777580647889883	2.615963001773039e-17	
10.9 	0.72269569870077	-3.0854948226040696e-17	0.23526914430075105	-0.00925286296074827	0.23526914430075105	0.009252862960748209	0.27730430129923184	2.615963001773039e-17	
10.925 	0.7231663648321094	-3.0854948226040696e-17	0.23468334199343863	-0.009565101287375668	0.23468334199343863	0.009565101287375609	0.2768336351678924	2.615963001773039e-17	
10.95 	0.7236513316860874	-3.0854948226040696e-17	0.2340867575033892	-0.009824708630750058	0.2340867575033892	0.009824708630749999	0.2763486683139142	2.615963001773039e-17	
10.975 	0.7241479422426687	-3.0854948226040696e-17	0.23348187923136668	-0.010030708144629235	0.23348187923136668	0.010030708144629178	0.2758520577573329	2.615963001773039e-17	
11.0 	0.7246534969660444	-3.0854948226040696e-17	0.23287122896719828	-0.010182376617859756	0.23287122896719828	0.010182376617859699	0.2753465030339571	2.615963001773039e-17	
11.025 	0.725165266562722	-3.0854948226040696e-17	0.23225734998182435	-0.010279247325391342	0.23225734998182435	0.010279247325391287	0.27483473343727954	2.615963001773039e-17	
11.05 	0.7256805048517287	-3.0854948226040696e-17	0.23164279501699073	-0.01032111166027799	0.23164279501699073	0.010321111660277934	0.27431949514827275	2.615963001773039e-17	
11.075 	0.7261964616857849	-3.0854948226040696e-17	0.23103011423058922	-0.010308019539707338	0.23103011423058922	0.010308019539707282	0.27380353831421655	2.615963001773039e-17	
11.1 	0.7267103958620929	-3.0854948226040696e-17	0.23042184315579897	-0.010240278584006089	0.23042184315579897	0.010240278584006033	0.2732896041379084	2.615963001773039e-17	
11.125 	0.7272195879614902	-3.0854948226040696e-17	0.22982049073206148	-0.010118452073467009	0.22982049073206148	0.010118452073466953	0.2727804120385112	2.615963001773039e-17	
11.15 	0.727721353055099	-3.0854948226040696e-17	0.2292285274655306	-0.0099433556937057	0.22922852746553057	0.009943355693705644	0.27227864694490245	2.615963001773039e-17	
11.175 	0.7282130532182898	-3.0207318128342685e-17	0.22864837377598726	-0.00971605308605678	0.22864837377598723	0.009716053086056725	0.2717869467817119	2.5465740627339682e-17	
11.2 	0.7286921097927399	-2.9559688030644674e-17	0.22808238858629745	-0.009437850225233947	0.22808238858629742	0.00943785022523389	0.27130789020726176	2.4771851236948974e-17	
11.225 	0.7291560153386267	-2.886579864025395e-17	0.22753285820932181	-0.009110288652081458	0.2275328582093218	0.009110288652081399	0.27084398466137494	2.4077961846558266e-17	
11.25 	0.7296023452205156	-2.858824288409765e-17	0.22700198558577056	-0.008735137594711109	0.22700198558577053	0.00873513759471105	0.270397654779486	2.3384072456167558e-17	
11.275 	0.730028768772309	-2.821816854255593e-17	0.22649187992483288	-0.008314385016625266	0.22649187992483286	0.008314385016625203	0.26997123122769257	2.2713312712123204e-17	
11.3 	0.7304330599886755	-2.7385501274087066e-17	0.22600454679751378	-0.007850227635548851	0.22600454679751375	0.007850227635548787	0.26956694001132603	2.2019423321732496e-17	
11.325 	0.7308131076926916	-2.6969167639852632e-17	0.22554187873047996	-0.007345059961609738	0.22554187873047993	0.007345059961609674	0.2691868923073099	2.1337098754514966e-17	
11.35 	0.7311669251319778	-2.6090241078691054e-17	0.22510564634586588	-0.006801462408194697	0.22510564634586586	0.006801462408194631	0.26883307486802377	2.0643209364124258e-17	
11.375 	0.731492658958388	-2.5673907444456617e-17	0.22469749008992757	-0.006222188533246801	0.22469749008992754	0.006222188533246735	0.2685073410416136	1.994931997373355e-17	
11.4 	0.7317885975493067	-2.4887499468680465e-17	0.22431891259066197	-0.0056101514729390385	0.22431891259066195	0.005610151472938972	0.2682114024506949	1.9255430583342842e-17	
11.425 	0.7320531786318029	-2.4101091492904312e-17	0.22397127168155057	-0.004968409633538829	0.22397127168155054	0.004968409633538761	0.26794682136819875	1.858467083929849e-17	
11.45 	0.7322849961742693	-2.3268424224435444e-17	0.22365577412544096	-0.004300151710850815	0.22365577412544094	0.004300151710850746	0.26771500382573227	1.789078144890778e-17	
11.475 	0.7324828065137314	-2.229697907788843e-17	0.22337347006927044	-0.0036086811098734223	0.2233734700692704	0.0036086811098733525	0.2675171934862701	1.7196892058517072e-17	
11.5 	0.732645533690711	-2.1880645443653994e-17	0.22312524825686286	-0.0028973998402123924	0.22312524825686283	0.0028973998402123235	0.2673544663092905	1.6503002668126364e-17	
11.525 	0.7327722739673774	-2.118675605326327e-17	0.22291183202342252	-0.0021697919653466775	0.22291183202342252	0.0021697919653466072	0.2672277260326241	1.5947891155813798e-17	
11.55 	0.7328622995086759	-2.118675605326327e-17	0.2227337760916066	-0.0014294066860258126	0.2227337760916066	0.0014294066860257445	0.2671377004913258	1.5947891155813798e-17	
11.575 	0.7329150612101865	-2.118675605326327e-17	0.2225914641852086	-0.0006798411398806248	0.2225914641852086	0.0006798411398805577	0.26708493878981543	1.5947891155813798e-17	
11.6 	0.7329301906606049	-2.118675605326327e-17	0.22248510747253858	7.527699925896384e-05	0.22248510747253858	-7.52769992590297e-05	0.26706980933939717	1.5947891155813798e-17	
11.625 	0.7329075012309417	-2.118675605326327e-17	0.2224147438475625	0.0008323070378334535	0.2224147438475625	-0.0008323070378335181	0.26709249876906044	1.5947891155813798e-17	
11.65 	0.7328469882867749	-2.118675605326327e-17	0.2223802380527799	0.001587612809700058	0.2223802380527799	-0.001587612809700121	0.2671530117132273	1.5947891155813798e-17	
11.675 	0.7327488285241557	-2.118675605326327e-17	0.22238128264369636	0.0023375801686524845	0.22238128264369636	-0.002337580168652547	0.26725117147584637	1.5947891155813798e-17	
11.7 	0.7326133784340281	-2.118675605326327e-17	0.22241739979060254	0.003078634341233765	0.22241739979060254	-0.0030786343412338253	0.26738662156597387	1.5947891155813798e-17	
11.725 	0.7324411719042608	-2.118675605326327e-17	0.22248794390922816	0.003807257055401441	0.22248794390922816	-0.0038072570554015	0.2675588280957413	1.5947891155813798e-17	
11.75 	0.7322329169725889	-2.118675605326327e-17	0.222592105107714	0.004520003361660607	0.222592105107714	-0.004520003361660666	0.26776708302741303	1.5947891155813798e-17	
11.775 	0.7319894917478998	-2.118675605326327e-17	0.22272891343326276	0.005213518064750155	0.22272891343326276	-0.0052135180647502125	0.26801050825210193	1.5947891155813798e-17	
11.8 	0.7317119395213406	-2.118675605326327e-17	0.22289724389780918	0.005884551685846297	0.22289724389780918	-0.005884551685846353	0.2682880604786612	1.5947891155813798e-17	
11.825 	0.7314014630926778	-2.118675605326327e-17	0.22309582225811136	0.006529975877528225	0.22309582225811136	-0.00652997587752828	0.268598536907324	1.5947891155813798e-17	
11.85 	0.7310594183411622	-2.118675605326327e-17	0.22332323152183514	0.007146798216424499	0.22332323152183514	-0.007146798216424554	0.2689405816588398	1.5947891155813798e-17	
11.875 	0.7306873070738239	-2.118675605326327e-17	0.2235779191474956	0.007732176301514305	0.2235779191474956	-0.007732176301514359	0.269312692926178	1.5947891155813798e-17	
11.9 	0.7302867691876511	-2.118675605326327e-17	0.22385820490256117	0.008283431089481695	0.22385820490256117	-0.00828343108948175	0.2697132308123509	1.5947891155813798e-17	
11.925 	0.7298595741854308	-2.118675605326327e-17	0.2241622893406331	0.008798059402298145	0.2241622893406331	-0.008798059402298199	0.2701404258145711	1.5947891155813798e-17	
11.95 	0.7294076120881812	-2.118675605326327e-17	0.22448826285540716	0.009273745546321504	0.22448826285540716	-0.009273745546321557	0.2705923879118206	1.5947891155813798e-17	
11.975 	0.7289328837900224	-2.118675605326327e-17	0.22483411526612418	0.009708371986628777	0.22483411526612418	-0.009708371986628831	0.2710671162099795	1.5947891155813798e-17	
12.0 	0.728437490904034	-2.118675605326327e-17	0.22519774588643807	0.010100029025024144	0.22519774588643807	-0.010100029025024198	0.271562509095968	1.5959455978986975e-17	
12.025 	0.7279236251501021	-2.118675605326327e-17	0.22557697402609442	0.010447023435159956	0.22557697402609442	-0.010447023435160008	0.2720763748498999	1.5959455978986975e-17	
12.05 	0.727393557337955	-2.118675605326327e-17	0.22596954987253134	0.010747886013451762	0.22596954987253134	-0.010747886013451812	0.2726064426620468	1.5959455978986975e-17	
12.075 	0.7268496260005167	-2.118675605326327e-17	0.22637316569750354	0.01100137800993253	0.22637316569750354	-0.011001378009932578	0.273150373999485	1.5959455978986975e-17	
12.1 	0.7262942257343608	-2.118675605326327e-17	0.22678546733210506	0.011206496408848307	0.22678546733210506	-0.011206496408848356	0.2737057742656413	1.5959455978986975e-17	
12.125 	0.7257297953054104	-2.118675605326327e-17	0.22720406585213332	0.011362478034618742	0.22720406585213332	-0.011362478034618791	0.27427020469459185	1.5959455978986975e-17	
12.15 	0.7251588055791054	-2.118675605326327e-17	0.2276265494146112	0.011468802464740338	0.2276265494146112	-0.011468802464740387	0.27484119442089666	1.5959455978986975e-17	
12.175 	0.7245837473350194	-2.118675605326327e-17	0.22805049518546897	0.0115251937372675	0.22805049518546897	-0.011525193737267547	0.27541625266498265	1.5959455978986975e-17	
12.2 	0.7240071190263816	-2.118675605326327e-17	0.2284734812978957	0.011531620846633634	0.2284734812978957	-0.011531620846633681	0.2759928809736204	1.5959455978986975e-17	
12.225 	0.7234314145451145	-2.118675605326327e-17	0.22889309878069697	0.011488297027739465	0.22889309878069697	-0.01148829702773951	0.2765685854548875	1.5959455978986975e-17	
12.25 	0.7228591110528458	-2.118675605326327e-17	0.22930696339615467	0.011395677834405144	0.22930696339615467	-0.011395677834405189	0.27714088894715594	1.5959455978986975e-17	
12.275 	0.7222926569378986	-2.118675605326327e-17	0.22971272732736575	0.011254458024423136	0.22971272732736575	-0.01125445802442318	0.27770734306210326	1.5959455978986975e-17	
12.3 	0.7217344599574921	-2.118675605326327e-17	0.23010809065584864	0.011065567269526802	0.23010809065584864	-0.011065567269526847	0.27826554004251	1.5959455978986975e-17	
12.325 	0.7211868756233304	-2.118675605326327e-17	0.23049081257133655	0.010830164714572058	0.23049081257133655	-0.010830164714572103	0.2788131243766715	1.5959455978986975e-17	
12.35 	0.7206521958873857	-2.118675605326327e-17	0.2308587222571263	0.010549632416083046	0.2308587222571263	-0.010549632416083091	0.27934780411261606	1.5959455978986975e-17	
12.375 	0.7201326381830334	-2.118675605326327e-17	0.23120972939611134	0.010225567696005492	0.23120972939611134	-0.010225567696005538	0.27986736181696825	1.5959455978986975e-17	
12.4 	0.7196303348747712	-2.118675605326327e-17	0.2315418342446866	0.009859774452011319	0.2315418342446866	-0.009859774452011364	0.28036966512523037	1.5959455978986975e-17	
12.425 	0.7191473231675488	-2.118675605326327e-17	0.2318531372240606	0.009454253470974968	0.2318531372240606	-0.009454253470975013	0.2808526768324526	1.5959455978986975e-17	
12.45 	0.7186855355242787	-2.118675605326327e-17	0.2321418479811377	0.009011191797265797	0.2321418479811377	-0.009011191797265842	0.28131446447572267	1.5959455978986975e-17	
12.475 	0.7182467906373966	-2.118675605326327e-17	0.23240629387401648	0.008532951212244023	0.23240629387401648	-0.008532951212244068	0.28175320936260484	1.5959455978986975e-17	
12.5 	0.7178327849974098	-2.118675605326327e-17	0.23264492784028187	0.008022055885783669	0.23264492784028187	-0.008022055885783714	0.2821672150025918	1.5959455978986975e-17	
12.525 	0.7174450850982234	-2.118675605326327e-17	0.2328563356096255	0.00748117926474963	0.2328563356096255	-0.0074811792647496754	0.2825549149017783	1.5959455978986975e-17	
12.55 	0.7170851203156968	-2.118675605326327e-17	0.23303924222588887	0.006913130267104904	0.23303924222588887	-0.006913130267104949	0.28291487968430484	1.5959455978986975e-17	
12.575 	0.7167541764923596	-2.118675605326327e-17	0.2331925178473736	0.006320838853697287	0.2331925178473736	-0.006320838853697331	0.28324582350764244	1.5959455978986975e-17	
12.6 	0.716453390257537	-2.118675605326327e-17	0.2333151827981702	0.005707341052754033	0.2333151827981702	-0.005707341052754077	0.28354660974246515	1.5959455978986975e-17	
12.625 	0.7161837441083242	-2.118675605326327e-17	0.23340641184730657	0.005075763514682089	0.23340641184730657	-0.0050757635146821325	0.283816255891678	1.5959455978986975e-17	
12.65 	0.715946062272904	-2.118675605326327e-17	0.2334655376966786	0.004429307676916944	0.2334655376966786	-0.004429307676916986	0.28405393772709814	1.5959455978986975e-17	
12.675 	0.7157410073736775	-2.118675605326327e-17	0.23349205366297643	0.00377123362027401	0.23349205366297643	-0.0037712336202740514	0.28425899262632465	1.5959455978986975e-17	
12.7 	0.7155690779035679	-2.118675605326327e-17	0.2334856155431344	0.0031048436995244726	0.2334856155431344	-0.003104843699524514	0.28443092209643417	1.5959455978986975e-17	
12.725 	0.7154306065247015	-2.118675605326327e-17	0.23344604265718388	0.002433466031737462	0.23344604265718388	-0.0024334660317375033	0.28456939347530064	1.5959455978986975e-17	
12.75 	0.7153257591944788	-2.118675605326327e-17	0.23337331806674788	0.0017604379262993587	0.23337331806674788	-0.0017604379262994	0.28467424080552334	1.5959455978986975e-17	
12.775 	0.7152545351198561	-2.118675605326327e-17	0.23326758797176478	0.0010890893404395068	0.23326758797176478	-0.001089089340439548	0.28474546488014596	1.5959455978986975e-17	
12.8 	0.7152167675364761	-2.118675605326327e-17	0.23312916029233002	0.0004227264435623329	0.23312916029233002	-0.0004227264435623739	0.284783232463526	1.5959455978986975e-17	
12.825 	0.715212125305143	-2.118675605326327e-17	0.2329585024467828	-0.00023538462728499873	0.2329585024467828	0.0002353846272849581	0.284787874694859	1.5959455978986975e-17	
12.85 	0.715240115314058	-2.118675605326327e-17	0.23275623834130915	-0.0008820337398844254	0.23275623834130915	0.000882033739884385	0.28475988468594426	1.5959455978986975e-17	
12.875 	0.7153000856712223	-2.118675605326327e-17	0.23252314459036175	-0.0015140823881593754	0.23252314459036175	0.0015140823881593353	0.2846999143287798	1.5959455978986975e-17	
12.9 	0.7153912296675233	-2.118675605326327e-17	0.2322601459910868	-0.002128478885462982	0.2322601459910868	0.002128478885462942	0.2846087703324786	1.5959455978986975e-17	
12.925 	0.715512590487229	-2.118675605326327e-17	0.23196831027867837	-0.002722273055603535	0.23196831027867837	0.0027222730556034965	0.28448740951277296	1.5959455978986975e-17	
12.95 	0.715663066638987	-2.118675605326327e-17	0.23164884219313087	-0.003292630350368253	0.23164884219313087	0.0032926303503682144	0.284336933361015	1.5959455978986975e-17	
12.975 	0.7158414180769412	-2.118675605326327e-17	0.2313030768912094	-0.00383684532565895	0.2313030768912094	0.0038368453256589115	0.28415858192306076	1.5959455978986975e-17	
13.0 	0.716046272978274	-2.118675605326327e-17	0.23093247274059522	-0.004352354412036144	0.23093247274059522	0.004352354412036106	0.2839537270217282	1.5959455978986975e-17	
13.025 	0.7162761351403716	-2.118675605326327e-17	0.23053860353606537	-0.004836747919457348	0.23053860353606537	0.00483674791945731	0.2837238648596305	1.5959455978986975e-17	
13.05 	0.7165293919579088	-2.118675605326327e-17	0.23012315018022775	-0.00528778122026499	0.23012315018022775	0.005287781220264953	0.2834706080420932	1.5959455978986975e-17	
13.075 	0.7168043229374553	-2.118675605326327e-17	0.2296878918737388	-0.005703385059002857	0.2296878918737388	0.00570338505900282	0.28319567706254645	1.5959455978986975e-17	
13.1 	0.717099108704763	-2.118675605326327e-17	0.22923469686207024	-0.006081674942388964	0.22923469686207024	0.006081674942388928	0.28290089129523877	1.5959455978986975e-17	
13.125 	0.7174118404576737	-2.118675605326327e-17	0.22876551278776397	-0.0064209595677188315	0.22876551278776397	0.006420959567718795	0.28258815954232824	1.5959455978986975e-17	
13.15 	0.7177405298156354	-2.118675605326327e-17	0.22828235669870603	-0.006719748253086801	0.22828235669870603	0.006719748253086764	0.28225947018436653	1.5959455978986975e-17	
13.175 	0.7180831190151105	-2.118675605326327e-17	0.22778730476426487	-0.0069767573380647655	0.22778730476426487	0.006976757338064729	0.2819168809848913	1.5959455978986975e-17	
13.2 	0.718437491398725	-2.118675605326327e-17	0.2272824817521711	-0.007190915528837805	0.2272824817521711	0.007190915528837769	0.2815625086012767	1.5959455978986975e-17	
13.225 	0.7188014821448467	-2.118675605326327e-17	0.22677005031976746	-0.007361368167235125	0.22677005031976746	0.007361368167235089	0.28119851785515493	1.5959455978986975e-17	
13.25 	0.719172889183386	-2.118675605326327e-17	0.22625220017373024	-0.007487480408583042	0.22625220017373024	0.0074874804085830055	0.28082711081661577	1.5959455978986975e-17	
13.275 	0.7195494842429984	-2.118675605326327e-17	0.22573113715255985	-0.007568839298816022	0.22573113715255985	0.007568839298815986	0.28045051575700325	1.5959455978986975e-17	
13.3 	0.7199290239745295	-2.118675605326327e-17	0.22520907228606635	-0.0076052547467836025	0.22520907228606635	0.007605254746783566	0.2800709760254721	1.5959455978986975e-17	
13.325 	0.7203092610954708	-2.118675605326327e-17	0.22468821088573615	-0.007596759393158386	0.22468821088573615	0.007596759393158349	0.2796907389045307	1.5959455978986975e-17	
13.35 	0.7206879555004074	-2.118675605326327e-17	0.2241707417192753	-0.007543607382756757	0.2241707417192753	0.00754360738275672	0.2793120444995942	1.5959455978986975e-17	
13.375 	0.721062885282908	-2.118675605326327e-17	0.2236588263217799	-0.0074462720524044405	0.2236588263217799	0.007446272052404405	0.27893711471709376	1.5959455978986975e-17	
13.4 	0.7214318576150471	-2.118675605326327e-17	0.22315458849490577	-0.007305442551689124	0.22315458849490577	0.007305442551689088	0.2785681423849547	1.5959455978986975e-17	
13.425 	0.7217927194317444	-2.118675605326327e-17	0.22266010404409958	-0.007122019419019651	0.22266010404409958	0.007122019419019615	0.2782072805682575	1.5959455978986975e-17	
13.45 	0.7221433678683473	-2.118675605326327e-17	0.2221773908024255	-0.006897109140333731	0.2221773908024255	0.006897109140333695	0.2778566321316547	1.5959455978986975e-17	
13.475 	0.7224817604013751	-2.118675605326327e-17	0.22170839898778907	-0.006632017722543687	0.22170839898778907	0.006632017722543651	0.2775182395986269	1.5959455978986975e-17	
13.5 	0.7228059246440568	-2.118675605326327e-17	0.22125500193842884	-0.006328243318363316	0.22125500193842884	0.00632824331836328	0.27719407535594515	1.5959455978986975e-17	
13.525 	0.7231139677502402	-2.118675605326327e-17	0.22081898726943372	-0.005987467943500816	0.22081898726943372	0.005987467943500781	0.27688603224976177	1.5959455978986975e-17	
13.55 	0.7234040853824002	-2.118675605326327e-17	0.22040204849076026	-0.005611548331316594	0.22040204849076026	0.005611548331316559	0.2765959146176017	1.5959455978986975e-17	
13.575 	0.7236745702018293	-2.118675605326327e-17	0.2200057771247771	-0.005202505973915362	0.2200057771247771	0.005202505973915327	0.2763254297981726	1.5959455978986975e-17	
13.6 	0.7239238198416315	-2.118675605326327e-17	0.21963165535877513	-0.004762516402255636	0.21963165535877513	0.004762516402255602	0.27607618015837065	1.5959455978986975e-17	
13.625 	0.7241503443258543	-2.118675605326327e-17	0.21928104926515207	-0.004293897761203682	0.21928104926515207	0.0042938977612036475	0.2758496556741479	1.5959455978986975e-17	
13.65 	0.7243527729009721	-2.118675605326327e-17	0.21895520261913134	-0.00379909873852188	0.21895520261913134	0.003799098738521845	0.27564722709903006	1.5959455978986975e-17	
13.675 	0.724529860248946	-2.118675605326327e-17	0.21865523134091394	-0.0032806859095529774	0.21865523134091394	0.0032806859095529436	0.2754701397510563	1.5959455978986975e-17	
13.7 	0.7246804920542445	-2.118675605326327e-17	0.218382118586101	-0.0027413305618328825	0.218382118586101	0.002741330561832849	0.27531950794575777	1.5959455978986975e-17	
13.725 	0.7248036899004723	-2.118675605326327e-17	0.2181367105050812	-0.002183795066027114	0.2181367105050812	0.0021837950660270806	0.2751963100995299	1.5959455978986975e-17	
13.75 	0.7248986154756216	-2.118675605326327e-17	0.21791971268885418	-0.0016109188614333266	0.21791971268885418	0.0016109188614332934	0.2751013845243806	1.5959455978986975e-17	
13.775 	0.7249645740684131	-2.118675605326327e-17	0.21773168731548065	-0.0010256041258181663	0.21773168731548065	0.001025604125818133	0.27503542593158936	1.5959455978986975e-17	
13.8 	0.7250010173417137	-2.118675605326327e-17	0.2175730510080191	-0.00043080120055669703	0.2175730510080191	0.00043080120055666397	0.27499898265828865	1.5959455978986975e-17	
13.825 	0.7250075453725898	-2.118675605326327e-17	0.2174440734114403	0.00017050615708718537	0.2174440734114403	-0.00017050615708721835	0.2749924546274127	1.5959455978986975e-17	
13.85 	0.7249839079521583	-2.118675605326327e-17	0.21734487649261985	0.0007753156221629348	0.21734487649261985	-0.0007753156221629677	0.27501609204784433	1.5936326332640617e-17	
13.875 	0.724930005142029	-2.118675605326327e-17	0.21727543456410628	0.0013806211781376204	0.21727543456410628	-0.0013806211781376531	0.27506999485797373	1.5936326332640617e-17	
13.9 	0.7248458870877542	-2.118675605326327e-17	0.21723557502896162	0.0019834279484517102	0.21723557502896162	-0.0019834279484517428	0.27515411291224867	1.5936326332640617e-17	
13.925 	0.7247317530933141	-2.118675605326327e-17	0.21722497984058706	0.0025807669115391614	0.21722497984058706	-0.002580766911539194	0.27526824690668883	1.5936326332640617e-17	
13.95 	0.7245879499642514	-2.118675605326327e-17	0.21724318766808925	0.003169709428119366	0.21724318766808925	-0.0031697094281193986	0.2754120500357515	1.5936326332640617e-17	
13.975 	0.7244149696305963	-2.118675605326327e-17	0.2172895967544305	0.0037473815106914762	0.2172895967544305	-0.0037473815106915088	0.27558503036940657	1.5936326332640617e-17	
14.0 	0.7242134460641946	-2.118675605326327e-17	0.21736346845134835	0.004310977766608361	0.21736346845134835	-0.004310977766608394	0.27578655393580837	1.5936326332640617e-17	
14.025 	0.7239841515084401	-2.118675605326327e-17	0.2174639314118439	0.004857774947872299	0.2174639314118439	-0.004857774947872332	0.2760158484915629	1.5936326332640617e-17	
14.05 	0.7237279920417036	-2.118675605326327e-17	0.21758998641793503	0.0053851450428705145	0.21758998641793503	-0.005385145042870546	0.27627200795829937	1.5936326332640617e-17	
14.075 	0.7234460024989321	-2.118675605326327e-17	0.21774051181836857	0.005890567847647198	0.21774051181836857	-0.0058905678476472295	0.27655399750107074	1.5936326332640617e-17	
14.1 	0.7231393407789466	-2.118675605326327e-17	0.21791426954809184	0.0063716429569805515	0.21791426954809184	-0.006371642956980583	0.27686065922105635	1.5936326332640617e-17	
14.125 	0.7228092815678796	-2.118675605326327e-17	0.21810991169851993	0.0068261011184869115	0.21810991169851993	-0.006826101118486943	0.27719071843212334	1.5936326332640617e-17	
14.15 	0.7224572095119565	-2.118675605326327e-17	0.21832598760500987	0.007251814896197463	0.21832598760500987	-0.007251814896197494	0.27754279048804636	1.5936326332640617e-17	
14.175 	0.7220846118754103	-2.118675605326327e-17	0.21856095141547963	0.007646808593531987	0.21856095141547963	-0.007646808593532018	0.2779153881245923	1.5936326332640617e-17	
14.2 	0.7216930707217387	-2.118675605326327e-17	0.21881317010180532	0.008009267389313844	0.21881317010180532	-0.008009267389313875	0.27830692927826395	1.5936326332640617e-17	
14.225 	0.7212842546587247	-2.118675605326327e-17	0.21908093187350203	0.008337545644414218	0.21908093187350203	-0.00833754564441425	0.2787157453412779	1.5936326332640617e-17	
14.25 	0.7208599101896672	-2.118675605326327e-17	0.21936245495125775	0.00863017434076403	0.21936245495125775	-0.008630174340764062	0.27914008981033545	1.5936326332640617e-17	
14.275 	0.7204218527150674	-2.118675605326327e-17	0.21965589665615576	0.008885867618809587	0.21965589665615576	-0.008885867618809617	0.279578147284935	1.5936326332640617e-17	
14.3 	0.7199719572306047	-2.118675605326327e-17	0.21995936276889824	0.009103528383993165	0.21995936276889824	-0.009103528383993195	0.2800280427693978	1.5936326332640617e-17	
14.325 	0.7195121487685874	-2.118675605326327e-17	0.22027091711204405	0.009282252957490791	0.22027091711204405	-0.00928225295749082	0.28048785123141506	1.5936326332640617e-17	
14.35 	0.7190443926311895	-2.118675605326327e-17	0.22058859130720512	0.009421334751214339	0.22058859130720512	-0.009421334751214368	0.2809556073688131	1.5936326332640617e-17	
14.375 	0.718570684464654	-2.072416312633612e-17	0.220910394658313	0.009520266951960489	0.22091039465831297	-0.009520266951960519	0.28142931553534833	1.5450603759367122e-17	
14.4 	0.7180930402242849	-1.9706458687096398e-17	0.22123432411148056	0.009578744204541113	0.22123432411148053	-0.009578744204541145	0.2819069597757174	1.4756714368976414e-17	
14.425 	0.7176134860804243	-1.87812728332421e-17	0.22155837424164787	0.009596663288733433	0.22155837424164784	-0.009596663288733466	0.28238651391957814	1.4062824978585706e-17	
14.45 	0.7171340483157509	-1.8179902028236813e-17	0.22188054721611353	0.00957412278991885	0.2218805472161135	-0.009574122789918883	0.2828659516842515	1.3392065234541343e-17	
14.475 	0.7166567432641137	-1.767104980861695e-17	0.2221988626852272	0.009511421768310567	0.22219886268522718	-0.009511421768310602	0.28334325673588856	1.269817584415062e-17	
14.5 	0.7161835673407437	-1.6884641832840795e-17	0.22251136755094453	0.009409057436676489	0.2225113675509445	-0.009409057436676523	0.28381643265925843	1.2004286453759896e-17	
14.525 	0.7157164872130669	-1.6375789613220935e-17	0.22281614556462984	0.009267721861418799	0.2228161455646298	-0.009267721861418835	0.284283512786935	1.1310397063369173e-17	
14.55 	0.7152574301604803	-1.5589381637444783e-17	0.22311132670642922	0.009088297706749413	0.2231113267064292	-0.00908829770674945	0.28474256983952145	1.061650767297845e-17	
14.575 	0.7148082746703396	-1.4849232954361343e-17	0.2233950962997235	0.008871853046474911	0.22339509629972348	-0.008871853046474951	0.2851917253296622	9.922618282587726e-18	
14.6 	0.7143708413160705	-1.4340380734741477e-17	0.2236657038156031	0.008619635272550294	0.22366570381560308	-0.008619635272550333	0.2856291586839311	9.228728892197003e-18	
14.625 	0.7139468839617424	-1.3785269222428895e-17	0.22392147132397686	0.008333064134052607	0.22392147132397683	-0.008333064134052649	0.2860531160382592	8.534839501806279e-18	
14.65 	0.7135380813356488	-1.2767564783189168e-17	0.2241608015498267	0.008013723944539189	0.22416080154982668	-0.00801372394453923	0.28646191866435283	7.840950111415556e-18	
14.675 	0.7131460290134437	-1.2073675392798445e-17	0.22438218549524144	0.007663354999866837	0.22438218549524142	-0.007663354999866878	0.2868539709865579	7.147060721024832e-18	
14.7 	0.7127722318491766	-1.1148489538944146e-17	0.22458420959018907	0.007283844252436025	0.22458420959018904	-0.007283844252436066	0.287227768150825	6.453171330634109e-18	
14.725 	0.7124180968901771	-1.0084525807011703e-17	0.22476556233751468	0.006877215291465935	0.22476556233751466	-0.006877215291465978	0.2875819031098246	5.759281940243385e-18	
14.75 	0.7120849268091787	-9.11308066046469e-18	0.22492504042035574	0.006445617682282454	0.22492504042035572	-0.006445617682282499	0.287915073190823	5.065392549852662e-18	
14.775 	0.7117739138843422	-8.280413391995822e-18	0.22506155424304103	0.00599131572069343	0.225061554243041	-0.005991315720693474	0.2882260861156596	4.371503159461938e-18	
14.8 	0.7114861345549603	-7.586524001605097e-18	0.22517413287956212	0.005516676661316463	0.2251741328795621	-0.00551667666131651	0.2885138654450416	3.677613769071215e-18	
14.825 	0.7112225445776253	-7.031412489292518e-18	0.22526192840686426	0.005024158481199443	0.22526192840686424	-0.005024158481199489	0.28877745542237654	2.9837243786804914e-18	
14.85 	0.7109839748045158	-6.383782391594511e-18	0.22532421960347282	0.004516297242219309	0.2253242196034728	-0.004516297242219355	0.2890160251954862	2.289834988289768e-18	
14.875 	0.7107711276022348	-5.736152293896504e-18	0.2253604149973383	0.003995694117549108	0.22536041499733828	-0.003995694117549154	0.2892288723977672	1.5959455978990445e-18	
14.9 	0.7105845739263378	-5.0422629035057815e-18	0.22537005525022402	0.0034650021489377406	0.225370055250224	-0.0034650021489377866	0.2894154260736643	9.02056207508321e-19	
14.925 	0.7104247510633128	-4.302114220422343e-18	0.22535281486945635	0.0029269128026441792	0.22535281486945632	-0.0029269128026442252	0.2895752489366894	2.312964634639558e-19	
14.95 	0.710291961048371	-3.700743415417049e-18	0.2253085032413892	0.002384142392602955	0.22530850324138918	-0.0023841423926030006	0.28970803895163105	-4.625929269267671e-19	
14.975 	0.7101863697639628	-3.191891195797186e-18	0.2252370649844767	0.001839418439768193	0.22523706498447668	-0.0018394184397682385	0.2898136302360392	-1.1449174941443112e-18	
