0.0 	1.0	0.0	0.0	0.0	0.0	0.0	0.0	0.0	
0.025 	0.9993752732219406	0.0	0.0006247011018500565	0.024978144341423335	0.0006247011018500565	-0.024978144341423335	0.0006247267780592875	0.0	
0.05 	0.997504369037239	0.0	0.002495220289415151	0.04982530551852925	0.002495220289415151	-0.04982530551852925	0.0024956309627609087	0.0	
0.075 	0.9943970970616984	0.0	0.005600827667282772	0.07441125327511508	0.005600827667282772	-0.07441125327511508	0.005602902938301539	0.0	
0.1 	0.9900697439989143	0.0	0.009923714843694295	0.09860725839158346	0.009923714843694295	-0.09860725839158346	0.009930256001085535	0.0	
0.125 	0.9845449800744616	0.0	0.015439106520797986	0.12228683125812478	0.015439106520797986	-0.12228683125812478	0.015455019925538297	0.0	
0.15 	0.9778517288782023	0.0	0.02211541560090803	0.14532644620322627	0.02211541560090803	-0.14532644620322627	0.022148271121797587	0.0	
0.175 	0.9700250014419831	0.0	0.029914440699945564	0.1676062469970295	0.029914440699945564	-0.1676062469970295	0.029974998558016646	0.0	
0.2 	0.9611056956056071	0.0	0.038791604660592525	0.1890107290907533	0.038791604660592525	-0.1890107290907533	0.03889430439439274	0.0	
0.225 	0.9511403619416811	0.0	0.04869623237230578	0.20942939432761914	0.04869623237230578	-0.20942939432761914	0.04885963805831882	0.0	
0.25 	0.9401809377181727	0.0	0.05957186593573634	0.22875737406561028	0.05957186593573634	-0.22875737406561028	0.05981906228182716	0.0	
0.275 	0.9282844505747685	0.0	0.07135661495755398	0.24689601688580398	0.07135661495755398	-0.24689601688580398	0.07171554942523113	0.0	
0.3 	0.9155126937740562	0.0	0.08398353953020081	0.26375343731953926	0.08398353953020081	-0.26375343731953926	0.0844873062259432	0.0	
0.325 	0.9019318750599061	0.0	0.09738106324140398	0.2792450223106936	0.09738106324140398	-0.2792450223106936	0.09806812494009343	0.0	
0.35 	0.8876122413121011	0.0	0.11147341337177945	0.2932938924330499	0.11147341337177945	-0.2932938924330499	0.11238775868789834	0.0	
0.375 	0.8726276813272998	0.0	0.1261810852766496	0.30583131520422535	0.1261810852766496	-0.30583131520422535	0.1273723186726996	0.0	
0.4 	0.8570553091809839	0.0	0.14142132781105596	0.31679706817390674	0.14142132781105596	-0.31679706817390674	0.1429446908190157	0.0	
0.425 	0.8409750307325035	0.0	0.15710864654534323	0.32613974981216304	0.15710864654534323	-0.32613974981216304	0.15902496926749607	0.0	
0.45 	0.8244690959251556	0.0	0.17315532143278725	0.3338170365803644	0.17315532143278725	-0.3338170365803644	0.17553090407484395	0.0	
0.475 	0.807621639605054	0.0	0.18947193553042566	0.3397958849297414	0.18947193553042566	-0.3397958849297414	0.19237836039494569	0.0	
0.5 	0.7905182136361759	0.0	0.20596791133914777	0.3440526773379829	0.20596791133914777	-0.3440526773379829	0.20948178636382372	0.0	
0.525 	0.7732453131243077	0.0	0.22255205131859768	0.3465733118597087	0.22255205131859768	-0.3465733118597087	0.22675468687569217	0.0	
0.55 	0.7558898995797273	0.0	0.23913307914572646	0.34735323502951915	0.23913307914572646	-0.34735323502951915	0.24411010042027267	0.0	
0.575 	0.7385389238475646	0.0	0.25562017832189465	0.3463974183141418	0.25562017832189465	-0.3463974183141418	0.2614610761524355	0.0	
0.6 	0.7212788516161472	0.0	0.27192352479113996	0.34372027866066207	0.27192352479113996	-0.34372027866066207	0.2787211483838528	0.0	
0.625 	0.7041951942777308	0.0	0.2879548103103275	0.3393455440288141	0.2879548103103275	-0.3393455440288141	0.2958048057222694	0.0	
0.65 	0.6873720478633135	0.0	0.30362775340905385	0.33330606512491723	0.30362775340905385	-0.33330606512491723	0.31262795213668654	0.0	
0.675 	0.6708916427043969	0.0	0.31885859489198853	0.3256435748715372	0.31885859489198853	-0.3256435748715372	0.3291083572956032	0.0	
0.7 	0.6548339063902261	0.0	0.3335665749673848	0.31640839744880384	0.3335665749673848	-0.31640839744880384	0.34516609360977424	0.0	
0.725 	0.6392760424900442	0.0	0.3476743892313476	0.30565910902919047	0.3476743892313476	-0.30565910902919047	0.3607239575099562	0.0	
0.75 	0.6242921273970036	0.0	0.3611086208967063	0.2934621525962971	0.3611086208967063	-0.2934621525962971	0.37570787260299665	0.0	
0.775 	0.6099527275245118	0.0	0.3738001468266244	0.27989140948878094	0.3738001468266244	-0.27989140948878094	0.39004727247548837	0.0	
0.8 	0.5963245389478593	0.0	0.3856845151150592	0.26502773054221707	0.3856845151150592	-0.26502773054221707	0.40367546105214097	0.0	
0.825 	0.5834700514349549	0.0	0.39670229214759944	0.24895842991363945	0.39670229214759944	-0.24895842991363945	0.41652994856504516	0.0	
0.85 	0.5714472386508823	0.0	0.40679937727584364	0.2317767448652609	0.40679937727584364	-0.2317767448652609	0.42855276134911785	0.0	
0.875 	0.5603092761527922	0.0	0.41592728344520863	0.2135812649549078	0.41592728344520863	-0.2135812649549078	0.4396907238472079	0.0	
0.9 	0.5501042886154449	0.0	0.4240433823288038	0.19447533423069993	0.4240433823288038	-0.19447533423069993	0.44989571138455525	0.0	
0.925 	0.5408751275445224	0.0	0.43111111273776265	0.1745664301561499	0.43111111273776265	-0.1745664301561499	0.45912487245547773	0.0	
0.95 	0.5326591805457607	0.0	0.4371001513002556	0.15396552309895226	0.4371001513002556	-0.15396552309895226	0.46734081945423944	0.0	
0.975 	0.5254882130240617	0.0	0.4419865446264122	0.13278642030211546	0.4419865446264122	-0.13278642030211546	0.4745117869759384	0.0	
1.0 	0.519388242989131	0.0	0.4457528024037102	0.11114509831965648	0.4457528024037102	-0.11114509831965648	0.480611757010869	0.0	
1.025 	0.5143794494439442	0.0	0.4483879510962228	0.08915902794076735	0.4483879510962228	-0.08915902794076735	0.4856205505560561	0.0	
1.05 	0.5104761146305614	0.0	0.44988754815065585	0.06694649564613801	0.44988754815065585	-0.06694649564613801	0.48952388536943875	0.0	
1.075 	0.507686600205592	0.0	0.4502536568415484	0.04462592563799682	0.4502536568415484	-0.04462592563799682	0.49231339979440814	0.0	
1.1 	0.5060133572160344	0.0	0.44949478211657723	0.022315206461439918	0.44949478211657723	-0.022315206461439918	0.4939866427839659	0.0	
1.125 	0.5054529695463986	0.0	0.4476257680297537	0.00013102618884422781	0.4476257680297537	-0.00013102618884422781	0.49454703045360177	0.0	
1.15 	0.5059962303110225	0.0	0.4446676575746145	-0.021811779928294243	0.4446676575746145	0.021811779928294243	0.4940037696889779	0.0	
1.175 	0.5076282504724094	0.0	0.44064751595038215	-0.04340086552472365	0.44064751595038215	0.04340086552472365	0.49237174952759105	0.0	
1.2 	0.5103285987783172	0.0	0.4355982185105871	-0.06452698919890232	0.4355982185105871	0.06452698919890232	0.48967140122168346	0.0	
1.225 	0.5140714719282677	0.0	0.4295582048548161	-0.08508460702877385	0.4295582048548161	0.08508460702877385	0.4859285280717329	0.0	
1.25 	0.5188258937051724	0.0	0.42257120072902726	-0.10497243810404974	0.42257120072902726	0.10497243810404974	0.48117410629482815	0.0	
1.275 	0.5245559416408997	0.0	0.4146859095971565	-0.12409399982544343	0.4146859095971565	0.12409399982544343	0.47544405835910103	0.0	
1.3 	0.5312209996268518	0.0	0.40595567593534915	-0.142358109913273	0.40595567593534915	0.142358109913273	0.4687790003731487	0.0	
1.325 	0.5387760347329404	0.0	0.3964381224788604	-0.15967935227891075	0.3964381224788604	0.15967935227891075	0.46122396526705983	0.0	
1.35 	0.5471718963616793	0.0	0.38619476381919393	-0.17597850414194413	0.38619476381919393	0.17597850414194413	0.4528281036383211	0.0	
1.375 	0.5563556357393583	0.0	0.37529059890404787	-0.19118292202272524	0.37529059890404787	0.19118292202272524	0.44364436426064213	0.0	
1.4 	0.5662708436342637	0.0	0.36379368513375254	-0.20522688450317764	0.36379368513375254	0.20522688450317764	0.4337291563657367	0.0	
1.425 	0.5768580040934447	0.0	0.35177469687372487	-0.21805188992708915	0.35177469687372487	0.21805188992708915	0.42314199590655566	0.0	
1.45 	0.5880548619053433	0.0	0.3393064713116351	-0.22960690750327573	0.3393064713116351	0.22960690750327573	0.4119451380946571	0.0	
1.475 	0.5997968014263327	0.0	0.32646354467912053	-0.23984858057939493	0.32646354467912053	0.23984858057939493	0.40020319857366743	0.0	
1.5 	0.6120172343554344	0.0	0.313321681929658	-0.24874138116909195	0.313321681929658	0.24874138116909195	0.3879827656445659	0.0	
1.525 	0.6246479940036677	0.0	0.2999574030153557	-0.25625771513865764	0.2999574030153557	0.25625771513865764	0.3753520059963325	0.0	
1.55 	0.6376197335830321	0.0	0.2864475089348051	-0.2623779777893744	0.2864475089348051	0.2623779777893744	0.3623802664169681	0.0	
1.575 	0.6508623260352635	0.0	0.2728686107306877	-0.2670905599059612	0.2728686107306877	0.2670905599059612	0.34913767396473694	0.0	
1.6 	0.6643052629324321	0.0	0.2592966645987056	-0.2703918046775694	0.2592966645987056	0.2703918046775694	0.33569473706756825	0.0	
1.625 	0.6778780500101634	0.0	0.24580651622790184	-0.2722859162330633	0.24580651622790184	0.2722859162330633	0.3221219499898369	0.0	
1.65 	0.691510596939659	0.0	0.23247145742609357	-0.2727848208641419	0.23247145742609357	0.2727848208641419	0.3084894030603412	0.0	
1.675 	0.7051335990065519	0.0	0.21936279799274094	-0.27190798233542196	0.21936279799274094	0.27190798233542196	0.2948664009934485	0.0	
1.7 	0.7186789084425355	0.0	0.206549455685173	-0.2696821729970437	0.206549455685173	0.2696821729970437	0.2813210915574649	0.0	
1.725 	0.732079893249154	0.0	0.19409756698303776	-0.2661412027197733	0.19409756698303776	0.2661412027197733	0.2679201067508463	0.0	
1.75 	0.7452717814614434	0.0	0.18207012119081445	-0.2613256079620574	0.18207012119081445	0.2613256079620574	0.2547282185385572	0.0	
1.775 	0.7581919889214574	0.0	0.1705266202302074	-0.25528230355017695	0.1705266202302074	0.25528230355017695	0.24180801107854324	0.0	
1.8 	0.7707804287671433	0.0	0.15952276626457831	-0.24806420000377905	0.15952276626457831	0.24806420000377905	0.2292195712328574	0.0	
1.825 	0.7829798009894404	0.0	0.14911017906792545	-0.2397297894670009	0.14911017906792545	0.2397297894670009	0.21702019901056022	0.0	
1.85 	0.7947358605686605	0.0	0.13933614480328999	-0.23034270350768246	0.13933614480328999	0.23034270350768246	0.2052641394313402	0.0	
1.875 	0.8059976628688077	0.0	0.1302433976121715	-0.21997124622156963	0.1302433976121715	0.21997124622156963	0.19400233713119305	0.0	
1.9 	0.8167177851440895	0.0	0.1218699351401664	-0.2086879062229812	0.1218699351401664	0.2086879062229812	0.1832822148559111	0.0	
1.925 	0.8268525231939023	0.0	0.11424886883747574	-0.1965688512165152	0.11424886883747574	0.1965688512165152	0.17314747680609838	0.0	
1.95 	0.8363620623894482	0.0	0.10740830957924048	-0.18369340892472139	0.10740830957924048	0.18369340892472139	0.16363793761055248	0.0	
1.975 	0.8452106224852037	0.0	0.1013712888531196	-0.17014353819337008	0.1013712888531196	0.17014353819337008	0.1547893775147971	0.0	
2.0 	0.8533665758199896	0.0	0.09615571546351227	-0.1560032941085267	0.09615571546351227	0.1560032941085267	0.14663342418001118	0.0	
2.025 	0.8608025387037116	0.0	0.0917743674067959	-0.14135829093804958	0.0917743674067959	0.14135829093804958	0.13919746129628915	0.0	
2.05 	0.8674954359752228	0.0	0.08823491828336408	-0.12629516665476917	0.08823491828336408	0.12629516665476917	0.13250456402477806	0.0	
2.075 	0.8734265389025513	0.0	0.08553999733350835	-0.11090105271032867	0.08553999733350835	0.11090105271032867	0.12657346109744969	0.0	
2.1 	0.8785814767773175	0.0	0.083687281918576	-0.09526305260876212	0.083687281918576	0.09526305260876212	0.12141852322268357	0.0	
2.125 	0.8829502227289919	0.0	0.08266962101945166	-0.07946773267906934	0.08266962101945166	0.07946773267906934	0.11704977727100906	0.0	
2.15 	0.8865270544502805	0.0	0.08247518809411003	-0.06360062826843844	0.08247518809411003	0.06360062826843844	0.11347294554972052	0.0	
2.175 	0.8893104906810297	0.0	0.08308766142732166	-0.0477457683748404	0.08308766142732166	0.0477457683748404	0.1106895093189712	0.0	
2.2 	0.8913032044434389	0.0	0.08448642992077283	-0.03198522151228008	0.08448642992077283	0.03198522151228008	0.10869679555656209	0.0	
2.225 	0.8925119141549737	0.0	0.08664682211269419	-0.01639866535710668	0.08664682211269419	0.01639866535710668	0.10748808584502735	0.0	
2.25 	0.8929472538663387	0.0	0.08954035608397187	-0.0010629824627482885	0.08954035608397187	0.0010629824627482885	0.1070527461336621	0.0	
2.275 	0.8926236239794316	0.0	0.09313500780357738	0.013948115943517098	0.09313500780357738	-0.013948115943517098	0.10737637602056926	0.0	
2.3 	0.8915590238938378	0.0	0.09739549539047859	0.02856443635107797	0.09739549539047859	-0.02856443635107797	0.10844097610616293	0.0	
2.325 	0.8897748681097694	0.0	0.10228357672199849	0.04271961810168143	0.10228357672199849	-0.04271961810168143	0.11022513189023148	0.0	
2.35 	0.887295787380179	0.0	0.107758357799432	0.05635141611886543	0.107758357799432	-0.05635141611886543	0.11270421261982193	0.0	
2.375 	0.884149416555118	0.0	0.11377660928974177	0.0694019503690701	0.11377660928974177	-0.0694019503690701	0.11585058344488303	0.0	
2.4 	0.8803661707973546	0.0	0.12029308869605045	0.08181792147718672	0.12029308869605045	-0.08181792147718672	0.11963382920264644	0.0	
2.425 	0.8759790118701678	0.0	0.12726086566778877	0.09355079219653178	0.12726086566778877	-0.09355079219653178	0.12402098812983309	0.0	
2.45 	0.8710232062065115	0.0	0.13463164804177527	0.1045569347000946	0.13463164804177527	-0.1045569347000946	0.1289767937934893	0.0	
2.475 	0.8655360764639904	0.0	0.14235610630596787	0.11479774391392787	0.14235610630596787	-0.11479774391392787	0.13446392353601044	0.0	
2.5 	0.8595567482530068	0.0	0.15038419429568858	0.12423971735259011	0.15038419429568858	-0.12423971735259011	0.1404432517469943	0.0	
2.525 	0.853125893696809	0.0	0.15866546406519466	0.13285450213882186	0.15866546406519466	-0.13285450213882186	0.14687410630319198	0.0	
2.55 	0.8462854734428864	0.0	0.1671493730228587	0.14061891009372576	0.1671493730228587	-0.14061891009372576	0.15371452655711468	0.0	
2.575 	0.839078478696132	0.0	0.17578558157321944	0.14751490196857922	0.17578558157321944	-0.14751490196857922	0.1609215213038693	0.0	
2.6 	0.8315486747864389	0.0	0.18452423967108633	0.15352954205435793	0.18452423967108633	-0.15352954205435793	0.16845132521356226	0.0	
2.625 	0.8237403477178854	0.0	0.19331626085911807	0.15865492454976665	0.19331626085911807	-0.15865492454976665	0.17625965228211599	0.0	
2.65 	0.8156980550744237	0.0	0.2021135825283814	0.16288807319306506	0.2021135825283814	-0.16288807319306506	0.18430194492557767	0.0	
2.675 	0.8074663825790378	0.0	0.21086941130903164	0.16623081576756227	0.21086941130903164	-0.16623081576756227	0.19253361742096353	0.0	
2.7 	0.7990897075206185	0.0	0.2195384526633497	0.1686896351759181	0.2195384526633497	-0.1686896351759181	0.20091029247938258	0.0	
2.725 	0.7906119701763135	0.0	0.22807712391408055	0.1702754988451629	0.22807712391408055	-0.1702754988451629	0.2093880298236877	0.0	
2.75 	0.7820764542677013	0.0	0.236443750095743	0.17100366827365565	0.236443750095743	-0.17100366827365565	0.2179235457322998	0.0	
2.775 	0.7735255773976987	0.0	0.24459874216401026	0.1708934905642277	0.24459874216401026	-0.1708934905642277	0.22647442260230236	0.0	
2.8 	0.7650006923223747	0.0	0.2525047572373413	0.1699681738058059	0.2525047572373413	-0.1699681738058059	0.2349993076776264	0.0	
2.825 	0.7565418998185738	0.0	0.26012684067500463	0.16825454817025545	0.26012684067500463	-0.16825454817025545	0.24345810018142747	0.0	
2.85 	0.7481878738150561	0.0	0.267432549915972	0.16578281458344168	0.267432549915972	-0.16578281458344168	0.25181212618494503	0.0	
2.875 	0.739975699362336	0.0	0.2743920601136002	0.16258628281100387	0.2743920601136002	-0.16258628281100387	0.26002430063766524	0.0	
2.9 	0.7319407239250292	0.0	0.28097825170154017	0.1587011007714499	0.28097825170154017	-0.1587011007714499	0.2680592760749719	0.0	
2.925 	0.7241164223907678	0.0	0.2871667801170799	0.15416597685325004	0.2871667801170799	-0.15416597685325004	0.2758835776092334	0.0	
2.95 	0.7165342761019373	0.0	0.292936127989487	0.14902189696987822	0.292936127989487	-0.14902189696987822	0.28346572389806385	0.0	
2.975 	0.709223666130993	0.0	0.29826764017337154	0.14331183803836992	0.29826764017337154	-0.14331183803836992	0.29077633386900814	0.0	
3.0 	0.7022117809371321	0.0	0.30314554207124916	0.13708047951396612	0.30314554207124916	-0.13708047951396612	0.2977882190628689	0.0	
3.025 	0.6955235384618812	0.0	0.30755694174604814	0.13037391455669572	0.30755694174604814	-0.13037391455669572	0.3044764615381197	0.0	
3.05 	0.6891815226438415	0.0	0.3114918163740431	0.12323936234609159	0.3114918163740431	-0.12323936234609159	0.31081847735615953	0.0	
3.075 	0.683205934258568	0.0	0.3149429836323881	0.1157248829982716	0.3149429836323881	-0.1157248829982716	0.316794065741433	0.0	
3.1 	0.6776145559184349	0.0	0.31790605865387617	0.1078790964758583	0.31790605865387617	-0.1078790964758583	0.32238544408156605	0.0	
3.125 	0.6724227309994357	0.0	0.3203793972155247	0.0997509068160369	0.3203793972155247	-0.0997509068160369	0.32757726900056533	0.0	
3.15 	0.6676433561972612	0.0	0.3223640258578267	0.09138923293573281	0.3223640258578267	-0.09138923293573281	0.3323566438027398	0.0	
3.175 	0.6632868873537235	0.0	0.32386355965868013	0.08284274720557978	0.32386355965868013	-0.08284274720557978	0.3367131126462777	0.0	
3.2 	0.6593613581367141	-9.25185853854297e-20	0.32488410841071663	0.07415962291612042	0.32488410841071663	-0.07415962291612042	0.3406386418632871	4.625929269271485e-20	
3.225 	0.6558724111024393	-9.25185853854297e-20	0.32543417197349617	0.06538729169051644	0.32543417197349617	-0.06538729169051644	0.34412758889756195	4.625929269271485e-20	
3.25 	0.6528233406177063	-9.25185853854297e-20	0.32552452559325523	0.05657221182787242	0.32552452559325523	-0.05657221182787242	0.34717665938229514	4.625929269271485e-20	
3.275 	0.6502151470726136	-9.25185853854297e-20	0.3251680960028783	0.047759648489971704	0.3251680960028783	-0.047759648489971704	0.3497848529273877	4.625929269271485e-20	
3.3 	0.6480466017701627	-9.25185853854297e-20	0.32437982913374575	0.03899346657162895	0.32437982913374575	-0.03899346657162895	0.3519533982298384	4.625929269271485e-20	
3.325 	0.6463143218391437	-9.25185853854297e-20	0.323176550289176	0.03031593702081324	0.323176550289176	-0.03031593702081324	0.35368567816085733	4.625929269271485e-20	
3.35 	0.6450128544802268	-9.25185853854297e-20	0.3215768176463586	0.021767557299014435	0.3215768176463586	-0.021767557299014435	0.3549871455197743	4.625929269271485e-20	
3.375 	0.6441347698225948	-9.25185853854297e-20	0.319600769969842	0.013386886594857265	0.319600769969842	-0.013386886594857265	0.35586523017740646	4.625929269271485e-20	
3.4 	0.6436707616397793	-9.25185853854297e-20	0.3172699694346479	0.00521039632458265	0.3172699694346479	-0.00521039632458265	0.3563292383602219	4.625929269271485e-20	
3.425 	0.6436097551487083	-9.25185853854297e-20	0.3146072404706346	-0.0027276636283783805	0.3146072404706346	0.0027276636283783805	0.3563902448512928	4.625929269271485e-20	
3.45 	0.6439390210954372	-9.25185853854297e-20	0.31163650555151057	-0.010395382565954387	0.31163650555151057	0.010395382565954387	0.35606097890456373	4.625929269271485e-20	
3.475 	0.6446442953147283	-9.25185853854297e-20	0.308382618861492	-0.017763290236793808	0.308382618861492	0.017763290236793808	0.3553557046852726	4.625929269271485e-20	
3.5 	0.6457099029386523	-9.25185853854297e-20	0.3048711987795653	-0.02480444151053428	0.3048711987795653	0.02480444151053428	0.3542900970613488	4.625929269271485e-20	
3.525 	0.6471188864218145	-9.25185853854297e-20	0.30112846012516875	-0.03149448435827059	0.30112846012516875	0.03149448435827059	0.3528811135781866	4.625929269271485e-20	
3.55 	0.648853136547737	-9.25185853854297e-20	0.297181047109341	-0.037811711123241276	0.297181047109341	0.037811711123241276	0.3511468634522641	4.625929269271485e-20	
3.575 	0.6508935255824184	-9.25185853854297e-20	0.29305586793149396	-0.04373709315770311	0.29305586793149396	0.04373709315770311	0.3491064744175828	4.625929269271485e-20	
3.6 	0.6532200417472142	-9.25185853854297e-20	0.28877993195343415	-0.049254298994727455	0.28877993195343415	0.049254298994727455	0.34677995825278707	4.625929269271485e-20	
3.625 	0.6558119241939402	-9.25185853854297e-20	0.2843801903686165	-0.054349696316749435	0.2843801903686165	0.054349696316749435	0.34418807580606114	4.625929269271485e-20	
3.65 	0.6586477976805191	-9.25185853854297e-20	0.27988338126540774	-0.059012338075569194	0.27988338126540774	0.059012338075569194	0.3413522023194822	4.625929269271485e-20	
3.675 	0.6617058061655294	-9.25185853854297e-20	0.275315879957979	-0.06323393321050984	0.275315879957979	0.06323393321050984	0.3382941938344718	4.625929269271485e-20	
3.7 	0.664963744564621	-9.25185853854297e-20	0.27070355542701535	-0.06700880250187949	0.27070355542701535	0.06700880250187949	0.3350362554353801	4.625929269271485e-20	
3.725 	0.6683991879408323	-9.25185853854297e-20	0.266071633674463	-0.07033382018500815	0.266071633674463	0.07033382018500815	0.3316008120591687	4.625929269271485e-20	
3.75 	0.6719896174342492	-9.25185853854297e-20	0.26144456875189664	-0.07320834203512981	0.26144456875189664	0.07320834203512981	0.3280103825657518	4.625929269271485e-20	
3.775 	0.675712542274001	-9.25185853854297e-20	0.2568459221707023	-0.0756341207144172	0.2568459221707023	0.0756341207144172	0.32428745772599993	4.625929269271485e-20	
3.8 	0.6795456172570846	-9.25185853854297e-20	0.25229825134421424	-0.07761520924869178	0.25229825134421424	0.07761520924869178	0.3204543827429163	4.625929269271485e-20	
3.825 	0.683466755123669	-9.25185853854297e-20	0.24782300764736928	-0.07915785357185781	0.24782300764736928	0.07915785357185781	0.3165332448763319	4.625929269271485e-20	
3.85 	0.6874542333070669	-9.25185853854297e-20	0.24344044460866635	-0.08027037514009097	0.24344044460866635	0.08027037514009097	0.31254576669293405	4.625929269271485e-20	
3.875 	0.6914867945881074	-9.25185853854297e-20	0.23916953667264912	-0.08096304467441949	0.23916953667264912	0.08096304467441949	0.30851320541189364	4.625929269271485e-20	
3.9 	0.6955437412378219	-9.25185853854297e-20	0.2350279088893233	-0.08124794813878272	0.2350279088893233	0.08124794813878272	0.30445625876217897	4.625929269271485e-20	
3.925 	0.69960502228874	-9.25185853854297e-20	0.2310317778005466	-0.08113884610021743	0.2310317778005466	0.08113884610021743	0.3003949777112611	4.625929269271485e-20	
3.95 	0.7036513136332099	-9.25185853854297e-20	0.22719590370327433	-0.0806510276478595	0.22719590370327433	0.0806510276478595	0.29634868636679124	4.625929269271485e-20	
3.975 	0.7076640907065465	-9.25185853854297e-20	0.2235335543765096	-0.07980116006741238	0.2235335543765096	0.07980116006741238	0.29233590929345477	4.625929269271485e-20	
4.0 	0.7116256935729074	-9.25185853854297e-20	0.2200564802638831	-0.07860713547718771	0.2200564802638831	0.07860713547718771	0.28837430642709366	4.625929269271485e-20	
4.025 	0.7155193842921304	-9.25185853854297e-20	0.21677490100805383	-0.07708791563045847	0.21677490100805383	0.07708791563045847	0.28448061570787053	4.625929269271485e-20	
4.05 	0.7193293965057258	-9.25185853854297e-20	0.21369750313772162	-0.07526337607651253	0.21369750313772162	0.07526337607651253	0.28067060349427536	4.625929269271485e-20	
4.075 	0.7230409772393083	-9.25185853854297e-20	0.2108314486141597	-0.0731541508494323	0.2108314486141597	0.0731541508494323	0.27695902276069284	4.625929269271485e-20	
4.1 	0.7266404209763898	-9.25185853854297e-20	0.20818239385302556	-0.07078147881939002	0.20818239385302556	0.07078147881939002	0.27335957902361124	4.625929269271485e-20	
4.125 	0.7301150961141132	-6.476300976980079e-19	0.20575451875000594	-0.0681670527964345	0.20575451875000597	0.0681670527964345	0.269884903885888	4.625929269271486e-19	
4.15 	0.7334534639646793	-1.4340380734741601e-18	0.20355056515678055	-0.06533287242181227	0.20355056515678058	0.06533287242181227	0.2665465360353219	1.1680471404910501e-18	
4.175 	0.736645090516397	-1.8966310004013086e-18	0.20157188417799599	-0.062301101817427144	0.201571884177996	0.062301101817427144	0.2633549094836042	1.8619365308817736e-18	
4.2 	0.7396806512150187	-2.590520390792031e-18	0.19981849159149231	-0.05909393289087043	0.19981849159149234	0.05909393289087043	0.2603193487849825	2.555825921272497e-18	
4.225 	0.7425519290689042	-3.608224830031757e-18	0.19828913063388853	-0.05573345511245723	0.19828913063388856	0.05573345511245723	0.25744807093109684	3.2497153116632205e-18	
4.25 	0.7452518064202087	-4.30211422042248e-18	0.19698134134266276	-0.052241532492925236	0.1969813413426628	0.052241532492925236	0.25474819357979217	3.943604702053944e-18	
4.275 	0.7477742507584071	-4.8572257327350596e-18	0.19589153560477077	-0.0486396883970429	0.1958915356047708	0.0486396883970429	0.25222574924159386	4.6374940924446674e-18	
4.3 	0.7501142949818013	-5.366077952354923e-18	0.19501507703118295	-0.0449489987305802	0.19501507703118298	0.0449489987305802	0.24988570501819968	5.331383482835391e-18	
4.325 	0.7522680125370199	-6.1524859281310754e-18	0.19434636475687073	-0.041189993937232945	0.19434636475687075	0.041189993937232945	0.24773198746298075	6.025272873226114e-18	
4.35 	0.7542324878857863	-6.707597440443654e-18	0.19387892025693668	-0.03738257013952298	0.1938789202569367	0.03738257013952298	0.24576751211421446	6.719162263616838e-18	
4.375 	0.7560057827623571	-7.355227538141662e-18	0.19360547627177355	-0.03354590965480405	0.19360547627177357	0.03354590965480405	0.24399421723764364	7.41305165400756e-18	
4.4 	0.7575868986940448	-8.049116928532387e-18	0.19351806694717708	-0.029698411015662455	0.1935180669471771	0.029698411015662455	0.24241310130595586	8.106941044398284e-18	
4.425 	0.7589757362611922	-8.55796914815225e-18	0.19360811831886324	-0.025857628524557384	0.19360811831886326	0.025857628524557384	0.2410242637388085	8.823960081135365e-18	
4.45 	0.7601730515720546	-9.436895709313834e-18	0.19386653830431233	-0.02204022127678181	0.19386653830431236	0.02204022127678181	0.23982694842794605	9.517849471526089e-18	
4.475 	0.7611804104224535	-1.0315822270475418e-17	0.1942838054075674	-0.0182619114949438	0.19428380540756743	0.0182619114949438	0.23881958957754715	1.0211738861916812e-17	
4.5 	0.762000140600073	-1.1148489538944287e-17	0.19485005539369613	-0.014537451933266133	0.19485005539369615	0.014537451933266133	0.23799985939992752	1.0905628252307536e-17	
4.525 	0.7626352827792101	-1.1842378929335012e-17	0.19555516524808822	-0.01088060203204961	0.19555516524808825	0.01088060203204961	0.2373647172207906	1.1599517642698259e-17	
4.55 	0.7630895404340128	-1.2304971856262162e-17	0.19638883380050867	-0.007304112432471027	0.1963888338005087	0.007304112432471027	0.23691045956598805	1.2293407033088983e-17	
4.575 	0.7633672291771777	-1.323015771011646e-17	0.19734065846366938	-0.0038197174001627795	0.1973406584636694	0.00381971740016278	0.2366327708228232	1.2987296423479706e-17	
4.6 	0.7634732259071348	-1.387778780781447e-17	0.19840020760978286	-0.00043813465325575306	0.19840020760978289	0.0004381346532557544	0.23652677409286613	1.366962099069725e-17	
4.625 	0.7634129181204105	-1.420160285666347e-17	0.1995570881848455	0.0028309279529028434	0.19955708818484552	-0.0028309279529028417	0.23658708187959063	1.4363510381087962e-17	
4.65 	0.7631921537175798	-1.517304800321048e-17	0.20080100823799085	0.005978759466152828	0.20080100823799088	-0.0059787594661528266	0.23680784628242135	1.505739977147867e-17	
4.675 	0.7628171916014768	-1.5635640930137628e-17	0.20212183412090812	0.008997627209390995	0.20212183412090814	-0.008997627209390993	0.23718280839852426	1.5751289161869378e-17	
4.7 	0.7622946533355925	-1.6283271027835632e-17	0.20350964218883538	0.01188075310550772	0.2035096421888354	-0.011880753105507718	0.23770534666440843	1.6445178552260086e-17	
4.725 	0.7616314760993192	-1.7069679003611782e-17	0.2049547649088883	0.014622285583267421	0.20495476490888834	-0.01462228558326742	0.23836852390068167	1.7139067942650794e-17	
4.75 	0.7608348671453268	-1.7948605564773363e-17	0.20644783135243805	0.01721726768976427	0.20644783135243808	-0.017217267689764268	0.23916513285467414	1.7832957333041502e-17	
4.775 	0.7599122599332977	-1.8457457784393225e-17	0.20797980211498926	0.01966160202489338	0.2079798021149893	-0.019661602024893376	0.24008774006670322	1.852684672343221e-17	
4.8 	0.7588712720838844	-1.910508788209123e-17	0.20954199876873514	0.02195201309582293	0.20954199876873517	-0.021952013095822925	0.24112872791611653	1.9220736113822918e-17	
4.825 	0.757719665267425	-1.9752717979789237e-17	0.21112612800902292	0.024086007665501036	0.21112612800902295	-0.02408600766550103	0.2422803347325759	1.987993103469409e-17	
4.85 	0.7564653071139718	-2.0492866662872674e-17	0.21272430070583256	0.026061833639613032	0.2127243007058326	-0.026061833639613025	0.24353469288602925	2.05738204250848e-17	
4.875 	0.7551161352048067	-2.1140496760570678e-17	0.21432904611468517	0.027878438001995742	0.2143290461146852	-0.027878438001995735	0.24488386479519425	2.1244580169129152e-17	
4.9 	0.7536801231810646	-2.1603089687497828e-17	0.21593332153792535	0.029535424270211223	0.21593332153792538	-0.029535424270211216	0.24631987681893638	2.193846955951986e-17	
4.925 	0.7521652489825152	-2.2158201199810404e-17	0.21753051775697624	0.031033009901685536	0.21753051775697627	-0.03103300990168553	0.2478347510174857	2.2632358949910568e-17	
4.95 	0.7505794652091208	-2.285209059020113e-17	0.21911446057899361	0.03237198403741259	0.21911446057899364	-0.032371984037412586	0.2494205347908802	2.3326248340301276e-17	
4.975 	0.7489306715797411	-2.3592239273284573e-17	0.22067940885750714	0.033553665925563456	0.22067940885750717	-0.03355366592556345	0.25106932842025975	2.4020137730691984e-17	
5.0 	0.7472266894463758	-2.4286128663675293e-17	0.22222004935641243	0.034579864322233624	0.22222004935641246	-0.03457986432223362	0.2527733105536251	2.4714027121082692e-17	
5.025 	0.7454752383085883	-2.5211314517529593e-17	0.22373148883043353	0.03545283812175265	0.22373148883043356	-0.03545283812175264	0.25452476169141275	2.54079165114734e-17	
5.05 	0.7436839142612409	-2.6136500371383893e-17	0.22520924369336445	0.03617525842514906	0.22520924369336448	-0.03617525842514905	0.25631608573876036	2.6101805901864108e-17	
5.075 	0.7418601702993011	-2.669161188369647e-17	0.2266492276385351	0.036750172213109424	0.22664922763853512	-0.03675017221310942	0.2581398297007	2.6795695292254816e-17	
5.1 	0.7400112983961803	-2.7339241981394476e-17	0.228047737564591	0.037180967749612305	0.22804773756459104	-0.0371809677496123	0.2599887016038207	2.7489584682645524e-17	
5.125 	0.7381444132667029	-2.8264427835248776e-17	0.22940143814442848	0.03747134180478476	0.2294014381444285	-0.03747134180478475	0.26185558673329823	2.8183474073036235e-17	
5.15 	0.736266437722264	-2.923587298179578e-17	0.2307073453565922	0.037625268750770706	0.23070734535659224	-0.0376252687507707	0.263733562277737	2.8877363463426943e-17	
5.175 	0.7343840895238465	-2.9744725201415637e-17	0.23196280927724336	0.037646971552773176	0.2319628092772434	-0.03764697155277317	0.26561591047615435	2.957125285381765e-17	
5.2 	0.7325038696381799	-3.02535774210355e-17	0.23316549640754175	0.03754089464911764	0.23316549640754178	-0.03754089464911763	0.2674961303618209	3.0242012597862005e-17	
5.225 	0.7306320518032708	-3.090120751873351e-17	0.2343133717865438	0.037311678689280016	0.23431337178654382	-0.03731167868928001	0.26936794819673	3.093590198825271e-17	
5.25 	0.7287746733116378	-3.1595096909124237e-17	0.2354046811140496	0.03696413707736073	0.23540468111404964	-0.03696413707736072	0.27122532668836297	3.162979137864342e-17	
5.275 	0.7269375269226744	-3.2612801348363956e-17	0.23643793308175046	0.03650323425042958	0.23643793308175048	-0.036503234250429575	0.2730624730773264	3.232368076903413e-17	
5.3 	0.7251261538194741	-3.330669073875468e-17	0.23741188208500175	0.035934065606421546	0.23741188208500177	-0.03593406560642154	0.27487384618052674	3.3017570159424837e-17	
5.325 	0.7233458375300219	-3.39543208364527e-17	0.2383255114619907	0.03526183898468946	0.23832551146199074	-0.03526183898468945	0.27665416246997887	3.3711459549815545e-17	
5.35 	0.7216015987377258	-3.5018284568385135e-17	0.2391780173823483	0.034491857593732064	0.23917801738234834	-0.034491857593732064	0.2783984012622752	3.440534894020625e-17	
5.375 	0.719898190911692	-3.557339608069772e-17	0.23996879348367922	0.033629504274798314	0.23996879348367925	-0.033629504274798314	0.280101809088309	3.509923833059696e-17	
5.4 	0.7182400966928101	-3.6035989007624867e-17	0.24069741633230474	0.032680226986780345	0.24069741633230476	-0.032680226986780345	0.28175990330719103	3.579312772098767e-17	
5.425 	0.7166315249774678	-3.6267285471088446e-17	0.24136363176393014	0.031649525396789	0.24136363176393016	-0.031649525396789	0.28336847502253326	3.64754522882052e-17	
5.45 	0.7150764086464912	-3.6776137690708315e-17	0.2419673421411086	0.030542938461787832	0.24196734214110863	-0.030542938461787832	0.2849235913535097	3.716934167859591e-17	
5.475 	0.7135784028925649	-3.7516286373791745e-17	0.24250859454737314	0.029366032889370838	0.24250859454737317	-0.029366032889370838	0.286421597107436	3.786323106898662e-17	
5.5 	0.7121408841048908	-3.8163916471489756e-17	0.24298756992279977	0.028124392369935813	0.2429875699227998	-0.028124392369935813	0.28785911589511004	3.8557120459377327e-17	
5.525 	0.7107669492751004	-3.8811546569187754e-17	0.24340457313255706	0.026823607477862856	0.2434045731325571	-0.026823607477862856	0.28923305072490035	3.9251009849768035e-17	
5.55 	0.7094594158933993	-3.973673242304205e-17	0.24376002394866572	0.02546926614560584	0.24376002394866575	-0.025469266145605844	0.29054058410660144	3.994489924015874e-17	
5.575 	0.7082208223085563	-4.029184393535463e-17	0.24405444891567282	0.024066944621604275	0.24405444891567285	-0.02406694462160428	0.2917791776914445	4.0615658984203096e-17	
5.6 	0.7070534285296187	-4.107825191113079e-17	0.2442884740631549	0.022622198830404856	0.24428847406315493	-0.02262219883040486	0.2929465714703823	4.1309548374593804e-17	
5.625 	0.7059592174511212	-4.1402066959979797e-17	0.24446281842179218	0.02114055606114671	0.2444628184217922	-0.021140556061146717	0.2940407825488797	4.200343776498451e-17	
5.65 	0.7049398964870539	-4.1957178472292376e-17	0.24457828829507255	0.01962750691843374	0.24457828829507258	-0.019627506918433752	0.29506010351294687	4.269732715537522e-17	
5.675 	0.7039968996019544	-4.237351210652681e-17	0.24463577223535013	0.018088497477437113	0.24463577223535016	-0.018088497477437127	0.2960031003980464	4.339121654576593e-17	
5.7 	0.7031313897302075	-4.2974882911532114e-17	0.24463623667084652	0.016528921592708697	0.24463623667084655	-0.01652892159270871	0.2968686102697933	4.4085105936156636e-17	
5.725 	0.702344261576977	-4.3437475838459267e-17	0.24458072212908938	0.014954113317533957	0.2445807221290894	-0.014954113317533976	0.29765573842302373	4.476743050337417e-17	
5.75 	0.7016361447961745	-4.3853809472693704e-17	0.24447034000207196	0.013369339397624304	0.244470340002072	-0.013369339397624323	0.2983638552038261	4.5449755070591704e-17	
5.775 	0.701007407542517	-4.4778995326548004e-17	0.2443062697989395	0.011779791809480782	0.24430626979893952	-0.011779791809480801	0.2989925924574837	4.614364446098241e-17	
5.8 	0.7004581603960527	-4.5287847546167867e-17	0.24408975683310533	0.010190580319809675	0.24408975683310535	-0.010190580319809696	0.299541839603948	4.683753385137312e-17	
5.825 	0.6999882606585798	-4.6120514814636735e-17	0.24382211029223716	0.008606725047912494	0.2438221102922372	-0.008606725047912517	0.300011739341421	4.753142324176383e-17	
5.85 	0.6995973170221511	-4.653684844887117e-17	0.24350470164139035	0.007033149018001735	0.24350470164139038	-0.007033149018001759	0.30040268297784967	4.8225312632154536e-17	
5.875 	0.6992846946104034	-4.7323256424647324e-17	0.24313896331158721	0.0054746706929189835	0.24313896331158724	-0.005474670692919009	0.3007153053895973	4.8919202022545244e-17	
5.9 	0.699049520393766	-4.801714581503805e-17	0.24272638762823534	0.003935996484777239	0.24272638762823537	-0.003935996484777266	0.30095047960623456	4.95899617665896e-17	
5.925 	0.6988906889797403	-4.880355379081421e-17	0.24226852593585246	0.0024217132416491983	0.2422685259358525	-0.0024217132416492265	0.30110931102026034	5.026072151063395e-17	
5.95 	0.6988068687794006	-4.9173628132355936e-17	0.24176698787754758	0.0009362807126225677	0.2417669878775476	-0.0009362807126225971	0.3011931312206	5.095461090102466e-17	
5.975 	0.6987965085510832	-4.972873964466851e-17	0.24122344078952623	-0.0005159760036062501	0.24122344078952623	0.0005159760036062194	0.30120349144891734	5.1370944535259083e-17	
6.0 	0.6988578443218996	-4.972873964466851e-17	0.24063960917250948	-0.0019308740188706346	0.24063960917250948	0.0019308740188706014	0.3011421556781009	5.1370944535259083e-17	
6.025 	0.698988906687271	-4.972873964466851e-17	0.24001727420334343	-0.003304380214349651	0.24001727420334343	0.0033043802143496153	0.30101109331272924	5.1370944535259083e-17	
6.05 	0.6991875284881212	-4.972873964466851e-17	0.23935827325122153	-0.004632618785853791	0.23935827325122153	0.0046326187858537525	0.30081247151187923	5.1370944535259083e-17	
6.075 	0.6994513528647007	-4.972873964466851e-17	0.23866449936384854	-0.005911878761334239	0.23866449936384854	0.0059118787613342	0.30054864713529966	5.1370944535259083e-17	
6.1 	0.6997778416852621	-4.972873964466851e-17	0.23793790068955664	-0.007138621474389102	0.23793790068955664	0.0071386214743890605	0.30022215831473836	5.1370944535259083e-17	
6.125 	0.7001642843469311	-4.972873964466851e-17	0.2371804798018795	-0.008309487975568694	0.2371804798018795	0.00830948797556865	0.29983571565306927	5.1370944535259083e-17	
6.15 	0.7006078069451751	-4.972873964466851e-17	0.23639429289343195	-0.009421306361276487	0.23639429289343195	0.009421306361276442	0.2993921930548254	5.1370944535259083e-17	
6.175 	0.7011053818071943	-4.972873964466851e-17	0.23558144880619464	-0.010471098997987639	0.23558144880619464	0.010471098997987588	0.2988946181928062	5.1370944535259083e-17	
6.2 	0.7016538373834037	-4.972873964466851e-17	0.2347441078655172	-0.011456089617338702	0.2347441078655172	0.011456089617338652	0.29834616261659674	5.1370944535259083e-17	
6.225 	0.7022498684898886	-4.972873964466851e-17	0.23388448048540322	-0.012373710255365065	0.23388448048540322	0.012373710255365012	0.29775013151011187	5.134781488891273e-17	
6.25 	0.7028900468933243	-4.9682480351975793e-17	0.23300482551299384	-0.013221608006773883	0.23300482551299384	0.013221608006773826	0.2971099531066761	5.133625006573955e-17	
6.275 	0.7035708322283326	-4.9682480351975793e-17	0.2321074482806973	-0.013997651562647507	0.2321074482806973	0.013997651562647446	0.2964291677716679	5.133625006573955e-17	
6.3 	0.7042885832356013	-4.9682480351975793e-17	0.23119469833519324	-0.014699937497395957	0.23119469833519324	0.014699937497395895	0.2957114167643992	5.133625006573955e-17	
6.325 	0.7050395693073221	-4.9682480351975793e-17	0.23026896681363895	-0.015326796268147038	0.23026896681363895	0.015326796268146972	0.2949604306926781	5.133625006573955e-17	
6.35 	0.7058199823245929	-4.9682480351975793e-17	0.22933268343888308	-0.015876797887121537	0.22933268343888308	0.01587679788712147	0.29418001767540763	5.131312041939319e-17	
6.375 	0.7066259487693884	-4.9682480351975793e-17	0.2283883131074107	-0.016348757224939576	0.2283883131074107	0.01634875722493951	0.29337405123061205	5.131312041939319e-17	
6.4 	0.707453542091552	-4.9682480351975793e-17	0.22743835204614293	-0.016741738900302026	0.22743835204614293	0.01674173890030196	0.2925464579084487	5.131312041939319e-17	
6.425 	0.7082987953089522	-4.9682480351975793e-17	0.2264853235171295	-0.017055061709155706	0.2264853235171295	0.017055061709155637	0.2917012046910482	5.131312041939319e-17	
6.45 	0.7091577138165733	-4.9682480351975793e-17	0.22553177305262967	-0.01728830254435342	0.22553177305262967	0.01728830254435335	0.29084228618342717	5.131312041939319e-17	
6.475 	0.7100262883777908	-4.9682480351975793e-17	0.22458026320707694	-0.017441299755036277	0.22458026320707694	0.017441299755036204	0.28997371162221	5.131312041939319e-17	
6.5 	0.7109005082685278	-4.9682480351975793e-17	0.2236333678169632	-0.01751415589357193	0.2236333678169632	0.01751415589357186	0.2890994917314732	5.131312041939319e-17	
6.525 	0.7117763745423408	-4.9682480351975793e-17	0.222693665764733	-0.017507239796953643	0.222693665764733	0.01750723979695357	0.2882236254576602	5.128999077304684e-17	
6.55 	0.7126499133818225	-4.9682480351975793e-17	0.22176373424831275	-0.01742118794917476	0.22176373424831275	0.017421187949174684	0.2873500866181786	5.128999077304684e-17	
6.575 	0.7135171894990349	-4.9682480351975793e-17	0.22084614156385549	-0.017256905071306894	0.22084614156385549	0.017256905071306818	0.28648281050096636	5.128999077304684e-17	
6.6 	0.7143743195450449	-4.9682480351975793e-17	0.21994343941560024	-0.017015563886888362	0.21994343941560024	0.017015563886888286	0.2856256804549563	5.128999077304684e-17	
6.625 	0.7152174854860494	-4.9774998937361225e-17	0.21905815477333773	-0.016698604011822188	0.21905815477333773	0.01669860401182211	0.28478251451395153	5.131312041939319e-17	
6.65 	0.7160429479010909	-4.9774998937361225e-17	0.2181927813047582	-0.016307729920328955	0.2181927813047582	0.016307729920328876	0.2839570520989099	5.131312041939319e-17	
6.675 	0.7168470591540197	-4.9774998937361225e-17	0.21734977041682813	-0.015844907941626355	0.21734977041682813	0.015844907941626275	0.283152940845981	5.131312041939319e-17	
6.7 	0.7176262763901862	-4.9774998937361225e-17	0.21653152194719663	-0.015312362245926853	0.21653152194719663	0.01531236224592677	0.2823737236098144	5.131312041939319e-17	
6.725 	0.7183771743063901	-4.9774998937361225e-17	0.215740374553357	-0.01471256978305611	0.215740374553357	0.014712569783056026	0.28162282569361036	5.131312041939319e-17	
6.75 	0.719096457640912	-4.9774998937361225e-17	0.21497859585377302	-0.014048254142481485	0.21497859585377302	0.014048254142481401	0.2809035423590883	5.131312041939319e-17	
6.775 	0.719780973329047	-4.9774998937361225e-17	0.21424837238130762	-0.013322378309770755	0.21424837238130762	0.013322378309770672	0.2802190266709533	5.128999077304684e-17	
6.8 	0.7204277222684802	-4.9774998937361225e-17	0.2135517994149593	-0.01253813630142969	0.2135517994149593	0.012538136301429607	0.27957227773152016	5.128999077304684e-17	
6.825 	0.721033870638127	-4.9774998937361225e-17	0.21289087076100885	-0.011698943667633773	0.21289087076100885	0.01169894366763369	0.2789661293618733	5.128999077304684e-17	
6.85 	0.7215967607137415	-4.9774998937361225e-17	0.21226746855911788	-0.010808426860501015	0.21226746855911788	0.010808426860500932	0.2784032392862588	5.128999077304684e-17	
6.875 	0.7221139211236871	-4.9774998937361225e-17	0.21168335319260895	-0.009870411474164368	0.21168335319260895	0.009870411474164282	0.2778860788763133	5.128999077304684e-17	
6.9 	0.7225830764888038	-4.9774998937361225e-17	0.2111401533850242	-0.008888909371899501	0.2111401533850242	0.008888909371899414	0.2774169235111964	5.128999077304684e-17	
6.925 	0.7230021563913004	-4.9774998937361225e-17	0.21063935656704547	-0.007868104724842869	0.21063935656704547	0.007868104724842782	0.27699784360869995	5.128999077304684e-17	
6.95 	0.7233693036190578	-4.9774998937361225e-17	0.21018229959891654	-0.006812338996286845	0.21018229959891654	0.006812338996286757	0.2766306963809427	5.128999077304684e-17	
6.975 	0.7236828816336748	-4.9774998937361225e-17	0.2097701599336069	-0.005726094915049485	0.2097701599336069	0.0057260949150493975	0.2763171183663258	5.128999077304684e-17	
7.0 	0.7239414812129906	-4.9774998937361225e-17	0.20940394730508236	-0.004613979490869806	0.20940394730508236	0.004613979490869719	0.27605851878701004	5.128999077304684e-17	
7.025 	0.7241439262217055	-4.9774998937361225e-17	0.20908449602420032	-0.0034807061340596545	0.20908449602420032	0.003480706134059567	0.2758560737782951	5.128999077304684e-17	
7.05 	0.7242892784670559	-4.9774998937361225e-17	0.208812457961944	-0.0023310759506358874	0.208812457961944	0.002331075950635799	0.2757107215329449	5.128999077304684e-17	
7.075 	0.7243768416002767	-4.9774998937361225e-17	0.20858829629597678	-0.0011699582927515346	0.20858829629597678	0.001169958292751446	0.275623158399724	5.128999077304684e-17	
7.1 	0.724406164028785	-4.9774998937361225e-17	0.20841228009188684	-2.270652337465313e-06	0.20841228009188684	2.2706523373761507e-06	0.2755938359712157	5.128999077304684e-17	
7.125 	0.7243770408085969	-4.972873964466851e-17	0.20828447978505163	0.001167042006640555	0.20828447978505163	-0.0011670420066406445	0.27562295919140384	5.127842594987366e-17	
7.15 	0.724289514491439	-4.972873964466851e-17	0.20820476362285326	0.002333028375099192	0.20820476362285326	-0.002333028375099282	0.2757104855085616	5.127842594987366e-17	
7.175 	0.7241438749062789	-4.972873964466851e-17	0.20817279512009698	0.003490752276680333	0.20817279512009698	-0.0034907522766804227	0.2758561250937219	5.127842594987366e-17	
7.2 	0.7239406578605421	-4.972873964466851e-17	0.20818803157300783	0.004635314383066654	0.20818803157300783	-0.004635314383066744	0.2760593421394586	5.127842594987366e-17	
7.225 	0.7236806427520751	-4.972873964466851e-17	0.20824972366919647	0.005761874049005076	0.20824972366919647	-0.005761874049005166	0.2763193572479257	5.127842594987366e-17	
7.25 	0.7233648490888789	-4.972873964466851e-17	0.20835691622258856	0.006865671145897615	0.20835691622258856	-0.006865671145897705	0.27663515091112173	5.127842594987366e-17	
7.275 	0.7229945319197721	-4.972873964466851e-17	0.20850845005360139	0.007942047770413267	0.20850845005360139	-0.007942047770413357	0.2770054680802284	5.127842594987366e-17	
7.3 	0.722571176185348	-4.972873964466851e-17	0.20870296502592267	0.008986469703160046	0.20870296502592267	-0.008986469703160136	0.27742882381465256	5.127842594987366e-17	
7.325 	0.7220964900048586	-4.972873964466851e-17	0.20893890424219524	0.009994547492042496	0.20893890424219524	-0.009994547492042588	0.2779035099951418	5.127842594987366e-17	
7.35 	0.7215723969209185	-4.972873964466851e-17	0.2092145193918384	0.010962057035516387	0.2092145193918384	-0.010962057035516481	0.27842760307908193	5.127842594987366e-17	
7.375 	0.7210010271301172	-4.972873964466851e-17	0.20952787723522748	0.011884959542526552	0.20952787723522748	-0.011884959542526646	0.27899897286988323	5.127842594987366e-17	
7.4 	0.7203847077337405	-5.019133257159566e-17	0.20987686719959806	0.012759420748454871	0.20987686719959808	-0.012759420748454965	0.2796152922662599	5.1833537462186224e-17	
7.425 	0.7197259520487441	-5.0515147620444674e-17	0.210259210053423	0.013581829269882724	0.21025921005342302	-0.013581829269882816	0.28027404795125627	5.252742685257693e-17	
7.45 	0.7190274480248791	-5.1162777718142684e-17	0.21067246761770125	0.01434881398534738	0.21067246761770128	-0.01434881398534747	0.28097255197512144	5.322131624296764e-17	
7.475 	0.7182920458193841	-5.190292640122612e-17	0.21111405346467457	0.015057260334498914	0.2111140534646746	-0.015057260334499003	0.2817079541806166	5.391520563335835e-17	
7.5 	0.7175227445858897	-5.255055649892413e-17	0.21158124454700478	0.01570432543409158	0.2115812445470048	-0.01570432543409167	0.282477255414111	5.4609095023749056e-17	
7.525 	0.7167226785390928	-5.3059408718543994e-17	0.21207119369346436	0.01628745191601361	0.2120711936934644	-0.0162874519160137	0.28327732146090795	5.5326114060486125e-17	
7.55 	0.7158951023613146	-5.347574235277844e-17	0.2125809429007623	0.016804380400010446	0.21258094290076232	-0.016804380400010536	0.28410489763868607	5.602000345087683e-17	
7.575 	0.7150433760212254	-5.4169631743169164e-17	0.21310743734528442	0.01725316052182297	0.21310743734528445	-0.01725316052182306	0.28495662397877514	5.671389284126754e-17	
7.6 	0.7141709490787684	-5.504855830433074e-17	0.21364754003331557	0.01763216044607574	0.2136475400333156	-0.01763216044607583	0.28582905092123223	5.740778223165825e-17	
7.625 	0.7132813445536224	-5.606626274357047e-17	0.21419804700374692	0.017940074802340767	0.21419804700374695	-0.017940074802340857	0.2867186554463783	5.810167162204896e-17	
7.65 	0.712378142437389	-5.699144859742475e-17	0.21475570299338909	0.018175930992297168	0.2147557029933891	-0.018175930992297255	0.2876218575626116	5.879556101243967e-17	
7.675 	0.7114649629320458	-5.773159728050818e-17	0.21531721747181598	0.018339093825734162	0.215317217471816	-0.01833909382573425	0.28853503706795497	5.948945040283037e-17	
7.7 	0.7105454494990694	-5.791663445127902e-17	0.21587928095017322	0.01842926845323056	0.21587928095017325	-0.018429268453230646	0.2894545505009313	6.018333979322108e-17	
7.725 	0.709623251804988	-5.874930171974789e-17	0.21643858146659634	0.0184465015736156	0.21643858146659636	-0.01844650157361569	0.2903767481950124	6.087722918361179e-17	
7.75 	0.7087020086499518	-5.91193760612896e-17	0.21699182114980456	0.018391180904701054	0.2169918211498046	-0.01839118090470114	0.29129799135004864	6.15711185740025e-17	
7.775 	0.7077853309662299	-5.948945040283131e-17	0.2175357327620515	0.018264032916201597	0.21753573276205151	-0.018264032916201683	0.2922146690337705	6.22650079643932e-17	
7.8 	0.7068767849733364	-6.013708050052931e-17	0.21806709612292605	0.018066118834159598	0.21806709612292607	-0.018066118834159685	0.2931232150266639	6.295889735478391e-17	
7.825 	0.7059798755757595	-6.018333979322202e-17	0.21858275431647867	0.017798828936492338	0.21858275431647867	-0.017798828936492424	0.2940201244242409	6.309767523286206e-17	
7.85 	0.7050980300880366	-6.018333979322202e-17	0.2190796295857939	0.017463875169418618	0.2190796295857939	-0.01746387516941871	0.29490196991196393	6.309767523286206e-17	
7.875 	0.7042345823701815	-6.018333979322202e-17	0.21955473882141216	0.017063282124431818	0.21955473882141216	-0.01706328212443191	0.2957654176298189	6.309767523286206e-17	
7.9 	0.7033927574542427	-6.009082120783659e-17	0.22000520855289651	0.01659937642510641	0.22000520855289651	-0.0165993764251065	0.29660724254575765	6.30745455865157e-17	
7.925 	0.702575656740074	-6.009082120783659e-17	0.22042828935632122	0.016074774582293998	0.22042828935632122	-0.016074774582294088	0.2974243432599261	6.30745455865157e-17	
7.95 	0.7017862438352512	-6.009082120783659e-17	0.22082136959449158	0.015492369385126822	0.22082136959449158	-0.015492369385126912	0.2982137561647491	6.30745455865157e-17	
7.975 	0.701027331110479	-6.009082120783659e-17	0.22118198841125897	0.014855314903646727	0.22118198841125897	-0.01485531490364682	0.29897266888952134	6.30745455865157e-17	
8.0 	0.7003015670378508	-6.009082120783659e-17	0.2215078479063304	0.014167010186765182	0.2215078479063304	-0.014167010186765278	0.29969843296214943	6.305141594016933e-17	
8.025 	0.6996114243749446	-6.009082120783659e-17	0.22179682442245457	0.013431081746588117	0.22179682442245457	-0.013431081746588212	0.3003885756250557	6.305141594016933e-17	
8.05 	0.6989591892530195	-6.009082120783659e-17	0.22204697888274785	0.01265136492686391	0.22204697888274785	-0.012651364926864006	0.3010408107469808	6.305141594016933e-17	
8.075 	0.6983469512225376	-6.009082120783659e-17	0.22225656612216424	0.011831884259394689	0.22225656612216424	-0.011831884259394786	0.3016530487774626	6.305141594016933e-17	
8.1 	0.6977765943039003	-6.009082120783659e-17	0.2224240431636659	0.010976832917654953	0.2224240431636659	-0.01097683291765505	0.30222340569609996	6.305141594016933e-17	
8.125 	0.6972497890857081	-6.009082120783659e-17	0.222548076396465	0.010090551381556472	0.222548076396465	-0.010090551381556569	0.3027502109142922	6.305141594016933e-17	
8.15 	0.6967679859070565	-6.009082120783659e-17	0.22262754762073475	0.009177505431258637	0.22262754762073475	-0.009177505431258738	0.3032320140929438	6.303985111699615e-17	
8.175 	0.6963324091543973	-6.009082120783659e-17	0.22266155893037712	0.008242263591128323	0.22266155893037712	-0.008242263591128424	0.3036675908456031	6.303985111699615e-17	
8.2 	0.6959440526973786	-6.009082120783659e-17	0.22264943641273213	0.007289474147386962	0.22264943641273213	-0.007289474147387063	0.30405594730262187	6.303985111699615e-17	
8.225 	0.6956036764818557	-6.009082120783659e-17	0.22259073265146584	0.006323841864635484	0.22259073265146584	-0.006323841864635586	0.3043963235181448	6.303985111699615e-17	
8.25 	0.6953118042919775	-6.009082120783659e-17	0.2224852280262295	0.0053501045273150385	0.2224852280262295	-0.005350104527315141	0.3046881957080228	6.303985111699615e-17	
8.275 	0.6950687226869491	-6.004456191514388e-17	0.22233293080998567	0.004373009432245148	0.22233293080998567	-0.0043730094322452515	0.30493127731305125	6.302828629382297e-17	
8.3 	0.6948744811117729	-6.004456191514388e-17	0.2221340760720955	0.0033972899576881206	0.2221340760720955	-0.003397289957688225	0.3051255188882275	6.302828629382297e-17	
8.325 	0.6947288931750382	-6.004456191514388e-17	0.22188912340230377	0.0024276423329325078	0.22188912340230377	-0.0024276423329326123	0.30527110682496217	6.302828629382297e-17	
8.35 	0.6946315390806741	-6.004456191514388e-17	0.22159875347759497	0.001468702730188405	0.22159875347759497	-0.00146870273018851	0.3053684609193261	6.302828629382297e-17	
8.375 	0.6945817691945676	-6.004456191514388e-17	0.2212638635004768	0.0005250247976681979	0.2212638635004768	-0.0005250247976683037	0.3054182308054326	6.302828629382297e-17	
8.4 	0.694578708721087	-6.004456191514388e-17	0.22088556154353123	-0.00039894225088166327	0.22088556154353123	0.0003989422508815565	0.3054212912789131	6.302828629382297e-17	
8.425 	0.694621263458896	-6.004456191514388e-17	0.2204651598410171	-0.0012988748791935229	0.2204651598410171	0.0012988748791934158	0.305378736541104	6.302828629382297e-17	
8.45 	0.6947081266000098	-6.004456191514388e-17	0.2200041670738736	-0.0021705956979055354	0.2200041670738736	0.0021705956979054274	0.30529187339999025	6.302828629382297e-17	
8.475 	0.6948377865308718	-6.004456191514388e-17	0.21950427969962819	-0.0030100930597140273	0.21950427969962819	0.003010093059713918	0.3051622134691284	6.302828629382297e-17	
8.5 	0.6950085355893458	-6.004456191514388e-17	0.21896737238342626	-0.0038135396855229218	0.21896737238342626	0.0038135396855228125	0.3049914644106541	6.302828629382297e-17	
8.525 	0.6952184797269367	-6.004456191514388e-17	0.21839548759064817	-0.004577310233289076	0.21839548759064817	0.004577310233288965	0.3047815202730632	6.302828629382297e-17	
8.55 	0.6954655490213071	-6.004456191514388e-17	0.2177908244053463	-0.0052979977281011805	0.2177908244053463	0.0052979977281010695	0.30453445097869297	6.302828629382297e-17	
8.575 	0.6957475089802668	-6.004456191514388e-17	0.21715572664200353	-0.0059724287792233405	0.21715572664200353	0.005972428779223228	0.30425249101973306	6.302828629382297e-17	
8.6 	0.696061972574882	-6.004456191514388e-17	0.2164926703208827	-0.006597677517324089	0.2164926703208827	0.006597677517323976	0.30393802742511783	6.302828629382297e-17	
8.625 	0.6964064129362014	-6.004456191514388e-17	0.2158042505794955	-0.007171078192838682	0.2158042505794955	0.007171078192838569	0.30359358706379846	6.302828629382297e-17	
8.65 	0.6967781766473475	-6.004456191514388e-17	0.21509316809447823	-0.007690236384317981	0.21509316809447823	0.007690236384317868	0.30322182335265235	6.302828629382297e-17	
8.675 	0.697174497560359	-6.004456191514388e-17	0.2143622150894247	-0.008153038773643224	0.2143622150894247	0.008153038773643111	0.3028255024396409	6.302828629382297e-17	
8.7 	0.6975925110652187	-6.004456191514388e-17	0.2136142610050094	-0.008557661453075927	0.2136142610050094	0.008557661453075814	0.30240748893478125	6.302828629382297e-17	
8.725 	0.6980292687369508	-6.004456191514388e-17	0.21285223790805208	-0.008902576737211931	0.21285223790805208	0.008902576737211818	0.30197073126304924	6.302828629382297e-17	
8.75 	0.6984817532855285	-6.004456191514388e-17	0.2120791257160513	-0.009186558460966608	0.2120791257160513	0.009186558460966495	0.3015182467144715	6.302828629382297e-17	
8.775 	0.6989468937325873	-6.004456191514388e-17	0.2112979373131718	-0.009408685752686106	0.2112979373131718	0.009408685752685993	0.30105310626741283	6.302828629382297e-17	
8.8 	0.6994215807385913	-6.004456191514388e-17	0.2105117036327379	-0.009568345279312957	0.2105117036327379	0.009568345279312844	0.30057841926140877	6.302828629382297e-17	
8.825 	0.699902682004139	-6.004456191514388e-17	0.20972345877999002	-0.009665231968192635	0.20972345877999002	0.009665231968192523	0.3000973179958611	6.302828629382297e-17	
8.85 	0.7003870576695088	-6.004456191514388e-17	0.20893622526723515	-0.009699348217554627	0.20893622526723515	0.009699348217554514	0.29961294233049135	6.302828629382297e-17	
8.875 	0.7008715756373329	-6.004456191514388e-17	0.20815299943159596	-0.009671001614905307	0.20815299943159596	0.009671001614905195	0.29912842436266734	6.302828629382297e-17	
8.9 	0.7013531267444176	-6.004456191514388e-17	0.2073767371033663	-0.009580801189502858	0.2073767371033663	0.009580801189502745	0.2986468732555826	6.302828629382297e-17	
8.925 	0.70182863971021	-6.004456191514388e-17	0.20661033959054656	-0.009429652231723621	0.20661033959054656	0.009429652231723509	0.29817136028979	6.302828629382297e-17	
8.95 	0.7022950957912067	-6.004456191514388e-17	0.2058566400424868	-0.00921874971845565	0.2058566400424868	0.009218749718455533	0.2977049042087934	6.302828629382297e-17	
8.975 	0.7027495430727099	-6.004456191514388e-17	0.20511839025273773	-0.008949570389653386	0.20511839025273773	0.00894957038965327	0.2972504569272903	6.302828629382297e-17	
9.0 	0.7031891103317379	-6.004456191514388e-17	0.20439824795822595	-0.008623863526846529	0.20439824795822595	0.008623863526846413	0.29681088966826225	6.302828629382297e-17	
9.025 	0.7036110204075667	-6.004456191514388e-17	0.20369876468874817	-0.00824364048970707	0.20369876468874817	0.008243640489706954	0.29638897959243343	6.302828629382297e-17	
9.05 	0.704012603019313	-6.004456191514388e-17	0.20302237421754868	-0.007811163071736621	0.20302237421754868	0.007811163071736505	0.29598739698068716	6.302828629382297e-17	
9.075 	0.7043913069731378	-6.004456191514388e-17	0.20237138166041216	-0.007328930740737407	0.20237138166041216	0.007328930740737291	0.2956086930268622	6.302828629382297e-17	
9.1 	0.7047447117050417	-5.985952474437301e-17	0.20174795326729386	-0.006799666833973965	0.20174795326729383	0.0067996668339738485	0.29525528829495834	6.29588973547839e-17	
9.125 	0.7050705381088128	-5.935067252475316e-17	0.2011541069470273	-0.006226303781818377	0.20115410694702726	0.006226303781818261	0.2949294618911871	6.226500796439319e-17	
9.15 	0.7053666586024744	-5.893433889051873e-17	0.20059170356210945	-0.005611967437200814	0.20059170356210942	0.0056119674372006965	0.29463334139752545	6.157111857400249e-17	
9.175 	0.7056311063905192	-5.837922737820615e-17	0.20006243902696935	-0.00495996059136084	0.20006243902696932	0.004959960591360721	0.29436889360948054	6.087722918361178e-17	
9.2 	0.7058620838833194	-5.773159728050815e-17	0.19956783723948596	-0.004273745759215055	0.19956783723948593	0.004273745759214934	0.29413791611667994	6.018333979322107e-17	
9.225 	0.706057970239328	-5.703770789011743e-17	0.19910924387183823	-0.0035569273201245945	0.1991092438718382	0.003556927320124472	0.29394202976067135	5.948945040283036e-17	
9.25 	0.7062173280000281	-5.620504062164857e-17	0.19868782104304597	-0.002813233101963307	0.19868782104304594	0.0028132331019631836	0.29378267199997127	5.879556101243965e-17	
9.275 	0.7063389087920353	-5.551115123125784e-17	0.19830454289179825	-0.002046495498154272	0.19830454289179822	0.0020464954981541474	0.2936610912079641	5.810167162204895e-17	
9.3 	0.7064216580752697	-5.527985476779426e-17	0.19796019206436846	-0.0012606322087589832	0.19796019206436843	0.0012606322087588588	0.29357834192472976	5.740778223165824e-17	
9.325 	0.7064647189207012	-5.44934467920181e-17	0.19765535712857982	-0.00045962669776902337	0.1976553571285798	0.00045962669776889863	0.2935352810792982	5.671389284126753e-17	
9.35 	0.7064674348057985	-5.3845816694320085e-17	0.19739043092092062	0.00035249154053705156	0.1973904309209206	-0.0003524915405371763	0.2935325651942009	5.604313309722318e-17	
9.375 	0.7064293514204634	-5.3522001645471073e-17	0.19716560983001086	0.001171666812950727	0.19716560983001083	-0.0011716668129508516	0.29357064857953585	5.5349243706832474e-17	
9.4 	0.7063502174808977	-5.305940871854392e-17	0.19698089401570118	0.0019938370631828505	0.19698089401570115	-0.0019938370631829745	0.29364978251910157	5.4655354316441766e-17	
9.425 	0.7062299845534997	-5.292063084046578e-17	0.19683608855914345	0.002814953619343113	0.19683608855914345	-0.0028149536193432367	0.2937700154464994	5.4585965377402695e-17	
9.45 	0.7060688058955195	-5.292063084046578e-17	0.19673080553521763	0.0036310007609104385	0.19673080553521763	-0.003631000760910561	0.29393119410447965	5.4597530200575876e-17	
9.475 	0.7058670343237757	-5.292063084046578e-17	0.19666446699473933	0.004438015014144087	0.19666446699473933	-0.004438015014144208	0.29413296567622343	5.4597530200575876e-17	
9.5 	0.7056252191272626	-5.292063084046578e-17	0.1966363088399251	0.005232104086342853	0.1966363088399251	-0.005232104086342974	0.29437478087273655	5.4597530200575876e-17	
9.525 	0.7053441020439046	-5.292063084046578e-17	0.1966453855726551	0.006009465351187703	0.1966453855726551	-0.006009465351187824	0.2946558979560947	5.4597530200575876e-17	
9.55 	0.7050246123260551	-5.292063084046578e-17	0.19669057589117764	0.006766403799602241	0.19669057589117764	-0.006766403799602362	0.29497538767394427	5.4597530200575876e-17	
9.575 	0.7046678609235487	-5.292063084046578e-17	0.19677058910705061	0.007499349373134678	0.19677058910705061	-0.007499349373134798	0.2953321390764505	5.4597530200575876e-17	
9.6 	0.7042751338171973	-5.292063084046578e-17	0.19688397235033409	0.008204873599802908	0.19688397235033409	-0.008204873599803028	0.295724866182802	5.4597530200575876e-17	
9.625 	0.7038478845395365	-5.292063084046578e-17	0.19702911852735402	0.008879705455646491	0.19702911852735402	-0.008879705455646609	0.2961521154604628	5.4597530200575876e-17	
9.65 	0.7033877259233859	-5.292063084046578e-17	0.19720427499177098	0.009520746378890313	0.19720427499177098	-0.009520746378890431	0.29661227407661317	5.4597530200575876e-17	
9.675 	0.7028964211223326	-5.292063084046578e-17	0.1974075528862299	0.010125084367636292	0.1974075528862299	-0.01012508436763641	0.2971035788776664	5.4597530200575876e-17	
9.7 	0.7023758739506	-5.292063084046578e-17	0.19763693710855804	0.010690007096351234	0.19763693710855804	-0.010690007096351352	0.297624126049399	5.4597530200575876e-17	
9.725 	0.7018281185928851	-5.292063084046578e-17	0.1978902968533454	0.011213013991098413	0.1978902968533454	-0.01121301399109853	0.2981718814071138	5.4597530200575876e-17	
9.75 	0.7012553087376233	-5.292063084046578e-17	0.19816539667680155	0.011691827208452021	0.19816539667680155	-0.011691827208452138	0.2987446912623755	5.4597530200575876e-17	
9.775 	0.7006597061897645	-5.292063084046578e-17	0.19845990803006217	0.012124401468319706	0.19845990803006217	-0.01212440146831982	0.2993402938102344	5.4597530200575876e-17	
9.8 	0.7000436690214932	-5.292063084046578e-17	0.19877142120363547	0.012508932696458594	0.19877142120363547	-0.012508932696458707	0.2999563309785057	5.4597530200575876e-17	
9.825 	0.6994096393213948	-5.292063084046578e-17	0.19909745762345943	0.012843865438281714	0.19909745762345943	-0.012843865438281827	0.30059036067860395	5.4597530200575876e-17	
9.85 	0.6987601306043358	-5.292063084046578e-17	0.19943548243709794	0.013127899011589086	0.19943548243709794	-0.013127899011589197	0.3012398693956629	5.4597530200575876e-17	
9.875 	0.698097714945793	-5.292063084046578e-17	0.1997829173269642	0.013359992372093685	0.1997829173269642	-0.013359992372093796	0.3019022850542055	5.4597530200575876e-17	
9.9 	0.6974250099055115	-5.292063084046578e-17	0.20013715348613373	0.013539367672016975	0.20013715348613373	-0.013539367672017086	0.30257499009448696	5.4597530200575876e-17	
9.925 	0.6967446653061953	-5.292063084046578e-17	0.20049556469131585	0.013665512498569945	0.20049556469131585	-0.013665512498570056	0.30325533469380317	5.4597530200575876e-17	
9.95 	0.696059349933427	-5.292063084046578e-17	0.20085552040690513	0.013738180785780036	0.20085552040690513	-0.013738180785780145	0.30394065006657106	5.4597530200575876e-17	
9.975 	0.6953717382231756	-5.292063084046578e-17	0.20121439885374048	0.01375739239983671	0.20121439885374048	-0.01375739239983682	0.3046282617768225	5.4597530200575876e-17	
10.0 	0.6946844970030659	-5.292063084046578e-17	0.2015695999762733	0.013723431404871797	0.2015695999762733	-0.013723431404871906	0.30531550299693216	5.4597530200575876e-17	
10.025 	0.6940002723530821	-5.292063084046578e-17	0.20191855824228833	0.013636843022827552	0.20191855824228833	-0.01363684302282766	0.30599972764691596	5.4597530200575876e-17	
10.05 	0.6933216766505141	-5.292063084046578e-17	0.20225875521013997	0.013498429307756897	0.20225875521013997	-0.013498429307757007	0.3066783233494841	5.4597530200575876e-17	
10.075 	0.6926512758627814	-5.292063084046578e-17	0.2025877317996592	0.013309243561506963	0.2025877317996592	-0.013309243561507072	0.3073487241372168	5.4597530200575876e-17	
10.1 	0.6919915771502559	-5.292063084046578e-17	0.2029031002044526	0.013070583524219524	0.2029031002044526	-0.013070583524219631	0.30800842284974217	5.4597530200575876e-17	
10.125 	0.6913450168393745	-5.292063084046578e-17	0.20320255538525087	0.012783983379400473	0.20320255538525087	-0.012783983379400581	0.3086549831606237	5.4597530200575876e-17	
10.15 	0.6907139488241909	-5.292063084046578e-17	0.2034838860862573	0.012451204619425942	0.2034838860862573	-0.012451204619426049	0.30928605117580743	5.4597530200575876e-17	
10.175 	0.6901006334520763	-5.292063084046578e-17	0.20374498531909402	0.012074225823226124	0.20374498531909402	-0.012074225823226231	0.309899366547922	5.4597530200575876e-17	
10.2 	0.6895072269465491	-5.292063084046578e-17	0.20398386026192042	0.011655231403482237	0.20398386026192042	-0.011655231403482343	0.3104927730534492	5.4597530200575876e-17	
10.225 	0.6889357714172125	-5.292063084046578e-17	0.2041986415246	0.011196599385950343	0.2041986415246	-0.011196599385950448	0.31106422858278576	5.4597530200575876e-17	
10.25 	0.6883881855035273	-5.292063084046578e-17	0.20438759173438925	0.010700888288454011	0.20438759173438925	-0.010700888288454117	0.31161181449647096	5.4597530200575876e-17	
10.275 	0.6878662556956495	-5.292063084046578e-17	0.20454911340049714	0.01017082317163274	0.20454911340049714	-0.010170823171632846	0.31213374430434887	5.4597530200575876e-17	
10.3 	0.6873716283718582	-5.292063084046578e-17	0.2046817560199916	0.009609280937664716	0.2046817560199916	-0.00960928093766482	0.3126283716281403	5.4597530200575876e-17	
10.325 	0.6869058025881903	-5.292063084046578e-17	0.20478422239188235	0.00901927495687324	0.20478422239188235	-0.009019274956873343	0.31309419741180816	5.4597530200575876e-17	
10.35 	0.6864701236518229	-5.292063084046578e-17	0.20485537411075608	0.008403939105350687	0.20485537411075608	-0.008403939105350791	0.3135298763481756	5.4597530200575876e-17	
10.375 	0.6860657775055146	-5.292063084046578e-17	0.2048942362160533	0.007766511299471473	0.2048942362160533	-0.007766511299471577	0.313934222494484	5.4597530200575876e-17	
10.4 	0.685693785946068	-5.292063084046578e-17	0.2049000009779165	0.007110316615397304	0.2049000009779165	-0.007110316615397408	0.31430621405393044	5.4597530200575876e-17	
10.425 	0.6853550026953252	-5.292063084046578e-17	0.20487203080547992	0.006438750083390432	0.20487203080547992	-0.006438750083390536	0.3146449973046733	5.4597530200575876e-17	
10.45 	0.6850501103376817	-5.292063084046578e-17	0.20480986026846834	0.005755259247932748	0.20480986026846834	-0.005755259247932852	0.31494988966231685	5.4597530200575876e-17	
10.475 	0.6847796181335423	-5.292063084046578e-17	0.2047131972279968	0.00506332658529448	0.2047131972279968	-0.005063326585294585	0.31522038186645635	5.4597530200575876e-17	
10.5 	0.6845438607135499	-5.292063084046578e-17	0.20458192307747314	0.00436645187030371	0.20458192307747314	-0.004366451870303815	0.31545613928644894	5.4597530200575876e-17	
10.525 	0.6843429976538419	-5.292063084046578e-17	0.20441609209946618	0.0036681345836391366	0.20441609209946618	-0.0036681345836392415	0.31565700234615685	5.4597530200575876e-17	
10.55 	0.6841770139280439	-5.292063084046578e-17	0.20421592994928034	0.002971856450010271	0.20421592994928034	-0.0029718564500103755	0.3158229860719545	5.4597530200575876e-17	
10.575 	0.6840457212272267	-5.292063084046578e-17	0.20398183128073155	0.0022810641961118912	0.20398183128073155	-0.0022810641961119953	0.3159542787727717	5.4597530200575876e-17	
10.6 	0.6839487601346547	-5.292063084046578e-17	0.2037143565342233	0.001599152615258592	0.2037143565342233	-0.0015991526152586962	0.3160512398653439	5.4597530200575876e-17	
10.625 	0.6838856031378718	-5.292063084046578e-17	0.2034142279116367	0.0009294480231393201	0.2034142279116367	-0.0009294480231394242	0.316114396862127	5.4597530200575876e-17	
10.65 	0.6838555584565171	-5.292063084046578e-17	0.20308232456675082	0.0002751921862038623	0.20308232456675082	-0.0002751921862039666	0.3161444415434818	5.4597530200575876e-17	
10.675 	0.6838577746602681	-5.292063084046578e-17	0.20271967704386387	-0.00036047319917034313	0.20271967704386387	0.00036047319917023883	0.31614222533973085	5.4597530200575876e-17	
10.7 	0.6838912460474994	-5.292063084046578e-17	0.2023274610009812	-0.0009745214023522988	0.2023274610009812	0.0009745214023521944	0.31610875395249977	5.4597530200575876e-17	
10.725 	0.6839548187516221	-5.292063084046578e-17	0.20190699025733386	-0.0015640548587368462	0.20190699025733386	0.001564054858736742	0.31604518124837716	5.4597530200575876e-17	
10.75 	0.684047197538674	-5.292063084046578e-17	0.2014597092080901	-0.002126318608875606	0.2014597092080901	0.0021263186088755015	0.3159528024613252	5.4597530200575876e-17	
10.775 	0.6841669532565561	-5.292063084046578e-17	0.20098718465189577	-0.0026587129154892622	0.20098718465189577	0.0026587129154891577	0.3158330467434429	5.4597530200575876e-17	
10.8 	0.6843125308933903	-5.292063084046578e-17	0.20049109707932558	-0.0031588050024379507	0.20049109707932558	0.0031588050024378466	0.31568746910660883	5.4597530200575876e-17	
10.825 	0.6844822581998072	-5.292063084046578e-17	0.19997323147243248	-0.003624339864997385	0.19997323147243248	0.003624339864997281	0.31551774180019193	5.4597530200575876e-17	
10.85 	0.6846743548275784	-5.292063084046578e-17	0.19943546766734804	-0.0040532501062431284	0.19943546766734804	0.004053250106243024	0.31532564517242073	5.4597530200575876e-17	
10.875 	0.6848869419348825	-5.292063084046578e-17	0.1988797703333118	-0.004443664759944288	0.1988797703333118	0.004443664759944184	0.31511305806511686	5.4597530200575876e-17	
10.9 	0.6851180522066591	-5.292063084046578e-17	0.1983081786225947	-0.0047939170660713576	0.1983081786225947	0.004793917066071253	0.3148819477933405	5.4597530200575876e-17	
10.925 	0.6853656402369568	-5.292063084046578e-17	0.19772279554653965	-0.00510255117079233	0.19772279554653965	0.005102551170792225	0.3146343597630427	5.4597530200575876e-17	
10.95 	0.6856275932189145	-5.292063084046578e-17	0.19712577713338006	-0.005368327728629457	0.19712577713338006	0.005368327728629352	0.3143724067810849	5.4597530200575876e-17	
10.975 	0.6859017418870477	-5.292063084046578e-17	0.19651932142362616	-0.005590228390240823	0.19651932142362616	0.005590228390240718	0.31409825811295183	5.4597530200575876e-17	
11.0 	0.6861858716558261	-5.292063084046578e-17	0.19590565735864637	-0.005767459165042618	0.19590565735864637	0.0057674591650425135	0.3138141283441732	5.4597530200575876e-17	
11.025 	0.6864777338981384	-5.292063084046578e-17	0.19528703361762975	-0.005899452653568964	0.19528703361762975	0.005899452653568859	0.3135222661018611	5.4597530200575876e-17	
11.05 	0.6867750573071111	-5.292063084046578e-17	0.1946657074574152	-0.0059858691500477255	0.1946657074574152	0.005985869150047621	0.31322494269288825	5.4597530200575876e-17	
11.075 	0.6870755592849288	-5.292063084046578e-17	0.1940439336087327	-0.006026596621127217	0.1940439336087327	0.006026596621127113	0.3129244407150705	5.4597530200575876e-17	
11.1 	0.6873769573027136	-5.292063084046578e-17	0.19342395328123718	-0.006021749571997202	0.19342395328123718	0.006021749571997098	0.3126230426972856	5.4597530200575876e-17	
11.125 	0.6876769801762275	-5.292063084046578e-17	0.1928079833283497	-0.005971666816287715	0.1928079833283497	0.005971666816287612	0.312323019823772	5.4597530200575876e-17	
11.15 	0.6879733792030965	-5.292063084046578e-17	0.19219820562136855	-0.005876908171083775	0.19219820562136855	0.005876908171083672	0.3120266207969029	5.4597530200575876e-17	
11.175 	0.6882639391084499	-5.292063084046578e-17	0.19159675668059387	-0.005738250103147712	0.19159675668059387	0.005738250103147609	0.31173606089154954	5.4597530200575876e-17	
11.2 	0.6885464887472754	-5.292063084046578e-17	0.19100571760934154	-0.005556680356981605	0.19100571760934154	0.005556680356981502	0.3114535112527241	5.4597530200575876e-17	
11.225 	0.6888189115134448	-5.292063084046578e-17	0.19042710437471783	-0.005333391599679569	0.19042710437471783	0.005333391599679466	0.31118108848655474	5.4597530200575876e-17	
11.25 	0.6890791554072055	-5.292063084046578e-17	0.18986285847690434	-0.0050697741216052606	0.18986285847690434	0.005069774121605157	0.3109208445927941	5.4597530200575876e-17	
11.275 	0.689325242714987	-5.292063084046578e-17	0.18931483804647087	-0.004767407635777415	0.18931483804647087	0.004767407635777311	0.31067475728501265	5.4597530200575876e-17	
11.3 	0.6895552792576051	-5.292063084046578e-17	0.18878480940690845	-0.0044280522224502215	0.18878480940690845	0.004428052222450118	0.31044472074239476	5.4597530200575876e-17	
11.325 	0.6897674631653555	-5.292063084046578e-17	0.18827443913716185	-0.004053638468732115	0.18827443913716185	0.0040536384687320124	0.3102325368346443	5.4597530200575876e-17	
11.35 	0.6899600931410628	-5.292063084046578e-17	0.18778528666644975	-0.0036462568561927344	0.18778528666644975	0.003646256856192632	0.3100399068589371	5.4597530200575876e-17	
11.375 	0.6901315761748628	-5.292063084046578e-17	0.1873187974310993	-0.0032081464522609746	0.1873187974310993	0.0032081464522608727	0.30986842382513724	5.4597530200575876e-17	
11.4 	0.6902804346773639	-5.292063084046578e-17	0.18687629662049518	-0.0027416829638152074	0.18687629662049518	0.0027416829638151055	0.30971956532263617	5.4597530200575876e-17	
11.425 	0.6904053130008014	-5.292063084046578e-17	0.18645898353655568	-0.002249366213707509	0.18645898353655568	0.0022493662137074077	0.3095946869991988	5.4597530200575876e-17	
11.45 	0.690504983320896	-5.292063084046578e-17	0.18606792658840499	-0.001733807103045749	0.18606792658840499	0.001733807103045648	0.30949501667910423	5.4597530200575876e-17	
11.475 	0.6905783508553139	-5.292063084046578e-17	0.18570405894111433	-0.001197714123877807	0.18570405894111433	0.001197714123877707	0.3094216491446863	5.4597530200575876e-17	
11.5 	0.6906244583978967	-5.292063084046578e-17	0.18536817483454016	-0.0006438794884794037	0.18536817483454016	0.0006438794884793038	0.3093755416021035	5.4597530200575876e-17	
11.525 	0.6906424901511742	-5.292063084046578e-17	0.18506092658539416	-7.516494273790699e-05	0.18506092658539416	7.51649427378072e-05	0.30935750984882604	5.4597530200575876e-17	
11.55 	0.6906317748430744	-5.292063084046578e-17	0.18478282228274814	0.0005055126678534558	0.18478282228274814	-0.0005055126678535553	0.30936822515692597	5.4597530200575876e-17	
11.575 	0.6905917881171895	-5.292063084046578e-17	0.18453422418420326	0.0010951960103265058	0.18453422418420326	-0.001095196010326605	0.309408211882811	5.4597530200575876e-17	
11.6 	0.6905221541894353	-5.292063084046578e-17	0.18431534781694828	0.0016909019847548218	0.18431534781694828	-0.0016909019847549205	0.30947784581056526	5.4597530200575876e-17	
11.625 	0.6904226467674308	-5.292063084046578e-17	0.1841262617848978	0.002289636483220487	0.1841262617848978	-0.0022896364832205853	0.30957735323256985	5.4597530200575876e-17	
11.65 	0.6902931892324243	-5.292063084046578e-17	0.1839668882800472	0.002888409117380137	0.1839668882800472	-0.0028884091173802355	0.3097068107675761	5.4597530200575876e-17	
11.675 	0.690133854087076	-5.292063084046578e-17	0.18383700429311195	0.0034842478451491904	0.18383700429311195	-0.003484247845149289	0.3098661459129244	5.4597530200575876e-17	
11.7 	0.6899448616758612	-5.292063084046578e-17	0.18373624351544732	0.004074213427679424	0.18373624351544732	-0.004074213427679523	0.3100551383241391	5.4597530200575876e-17	
11.725 	0.6897265781882868	-5.292063084046578e-17	0.18366409892117552	0.004655413648750263	0.18366409892117552	-0.004655413648750362	0.3102734218117134	5.4597530200575876e-17	
11.75 	0.6894795129584675	-5.292063084046578e-17	0.18361992601539742	0.005225017229929078	0.18361992601539742	-0.005225017229929177	0.3105204870415327	5.4597530200575876e-17	
11.775 	0.6892043150779108	-5.292063084046578e-17	0.18360294673134128	0.0057802673763807065	0.18360294673134128	-0.005780267376380805	0.3107956849220896	5.4597530200575876e-17	
11.8 	0.6889017693415677	-5.292063084046578e-17	0.183612253956323	0.0063184948900202615	0.183612253956323	-0.00631849489002036	0.31109823065843256	5.4597530200575876e-17	
11.825 	0.6885727915503238	-5.292063084046578e-17	0.18364681666346527	0.006837130788803788	0.18364681666346527	-0.006837130788803887	0.3114272084496766	5.4597530200575876e-17	
11.85 	0.6882184231961015	-5.292063084046578e-17	0.18370548562327071	0.007333718373334791	0.18370548562327071	-0.007333718373334889	0.31178157680389884	5.4597530200575876e-17	
11.875 	0.6878398255586267	-5.292063084046578e-17	0.1837869996663767	0.007805924684625707	0.1837869996663767	-0.007805924684625805	0.3121601744413737	5.4597530200575876e-17	
11.9 	0.6874382732456432	-5.292063084046578e-17	0.1838899924661558	0.008251551299785272	0.1838899924661558	-0.00825155129978537	0.31256172675435717	5.4597530200575876e-17	
11.925 	0.6870151472109448	-5.292063084046578e-17	0.184012999807279	0.008668544415596578	0.184012999807279	-0.008668544415596675	0.31298485278905547	5.4597530200575876e-17	
11.95 	0.6865719272870101	-5.292063084046578e-17	0.18415446730395138	0.009055004173396173	0.18415446730395138	-0.00905500417339627	0.31342807271299034	5.4597530200575876e-17	
11.975 	0.6861101842712617	-5.292063084046578e-17	0.1843127585292686	0.009409193182349392	0.1843127585292686	-0.00940919318234949	0.31388981572873903	5.4597530200575876e-17	
12.0 	0.6856315716070239	-5.292063084046578e-17	0.1844861635150542	0.009729544202127157	0.1844861635150542	-0.009729544202127254	0.31436842839297674	5.4597530200575876e-17	
12.025 	0.685137816702099	-5.292063084046578e-17	0.18467290757962915	0.010014666950109125	0.18467290757962915	-0.010014666950109222	0.31486218329790183	5.4597530200575876e-17	
12.05 	0.6846307119295125	-5.292063084046578e-17	0.18487116043925497	0.010263354002549059	0.18487116043925497	-0.010263354002549156	0.3153692880704882	5.4597530200575876e-17	
12.075 	0.6841121053564094	-5.292063084046578e-17	0.18507904555749474	0.010474585763621867	0.18507904555749474	-0.010474585763621964	0.3158878946435914	5.4597530200575876e-17	
12.1 	0.6835838912482539	-5.292063084046578e-17	0.18529464968546178	0.010647534480906766	0.18529464968546178	-0.010647534480906863	0.31641610875174697	5.4597530200575876e-17	
12.125 	0.6830480003964549	-5.292063084046578e-17	0.18551603254489105	0.010781567290624733	0.18551603254489105	-0.01078156729062483	0.3169519996035459	5.4597530200575876e-17	
12.15 	0.6825063903182422	-5.292063084046578e-17	0.18574123660517605	0.010876248280817308	0.18574123660517605	-0.010876248280817406	0.3174936096817584	5.4597530200575876e-17	
12.175 	0.6819610353780887	-5.292063084046578e-17	0.18596829690498148	0.010931339565602717	0.18596829690498148	-0.010931339565602815	0.31803896462191195	5.4597530200575876e-17	
12.2 	0.6814139168801923	-5.292063084046578e-17	0.18619525086877	0.01094680136864781	0.18619525086877	-0.010946801368647906	0.3185860831198085	5.4597530200575876e-17	
12.225 	0.6808670131814997	-5.292063084046578e-17	0.18642014806857962	0.010922791119023684	0.18642014806857962	-0.010922791119023782	0.31913298681850116	5.4597530200575876e-17	
12.25 	0.6803222898744684	-5.292063084046578e-17	0.1866410598816572	0.010859661567640996	0.1866410598816572	-0.010859661567641093	0.3196777101255324	5.4597530200575876e-17	
12.275 	0.6797816900882278	-5.292063084046578e-17	0.18685608899509973	0.010757957937459402	0.18685608899509973	-0.0107579579374595	0.32021830991177314	5.4597530200575876e-17	
12.3 	0.6792471249560176	-5.292063084046578e-17	0.1870633787094728	0.010618414125605975	0.1870633787094728	-0.010618414125606072	0.3207528750439831	5.4597530200575876e-17	
12.325 	0.6787204642957572	-5.292063084046578e-17	0.18726112199446782	0.010441947980390463	0.18726112199446782	-0.01044194798039056	0.3212795357042434	5.4597530200575876e-17	
12.35 	0.6782035275493209	-5.292063084046578e-17	0.1874475702510199	0.010229655680942348	0.1874475702510199	-0.010229655680942447	0.32179647245067994	5.4597530200575876e-17	
12.375 	0.6776980750246041	-5.292063084046578e-17	0.18762104173593103	0.009982805251787295	0.18762104173593103	-0.009982805251787396	0.32230192497539667	5.4597530200575876e-17	
12.4 	0.6772057994827326	-5.292063084046578e-17	0.18777992960692128	0.009702829249100835	0.18777992960692128	-0.009702829249100936	0.32279420051726837	5.4597530200575876e-17	
12.425 	0.6767283181108199	-5.292063084046578e-17	0.18792270954815107	0.009391316659597635	0.18792270954815107	-0.009391316659597738	0.32327168188918104	5.4597530200575876e-17	
12.45 	0.6762671649185394	-5.292063084046578e-17	0.18804794693861437	0.009050004057009422	0.18804794693861437	-0.009050004057009524	0.3237328350814616	5.4597530200575876e-17	
12.475 	0.675823783594424	-5.292063084046578e-17	0.18815430352837334	0.008680766064848466	0.18815430352837334	-0.008680766064848569	0.32417621640557726	5.4597530200575876e-17	
12.5 	0.6753995208552918	-5.292063084046578e-17	0.18824054359038303	0.008285605177622984	0.18824054359038303	-0.008285605177623086	0.32460047914470946	5.4597530200575876e-17	
12.525 	0.6749956203195039	-5.292063084046578e-17	0.18830553951861467	0.007866640995843863	0.18830553951861467	-0.007866640995843966	0.3250043796804973	5.4597530200575876e-17	
12.55 	0.6746132169319201	-5.292063084046578e-17	0.1883482768463133	0.0074260989330190595	0.1883482768463133	-0.007426098933019162	0.32538678306808116	5.4597530200575876e-17	
12.575 	0.6742533319654447	-5.292063084046578e-17	0.18836785866150016	0.006966298455354482	0.18836785866150016	-0.006966298455354584	0.3257466680345566	5.4597530200575876e-17	
12.6 	0.6739168686209652	-5.292063084046578e-17	0.18836350940022503	0.006489640917053005	0.18836350940022503	-0.006489640917053108	0.3260831313790363	5.4597530200575876e-17	
12.625 	0.6736046082442902	-5.292063084046578e-17	0.18833457800157288	0.005998597055912808	0.18833457800157288	-0.00599859705591291	0.326395391755711	5.4597530200575876e-17	
12.65 	0.673317207175427	-5.292063084046578e-17	0.18828054041200265	0.005495694215362217	0.18828054041200265	-0.005495694215362321	0.32668279282457424	5.4597530200575876e-17	
12.675 	0.6730551942421952	-5.292063084046578e-17	0.1882010014302232	0.004983503360122596	0.1882010014302232	-0.004983503360122699	0.32694480575780605	5.4597530200575876e-17	
12.7 	0.6728189689068073	-5.292063084046578e-17	0.18809569588746486	0.00446462595335843	0.18809569588746486	-0.004464625953358534	0.32718103109319396	5.4597530200575876e-17	
12.725 	0.672608800070633	-5.292063084046578e-17	0.18796448916166117	0.00394168076345278	0.18796448916166117	-0.003941680763452885	0.32739119992936827	5.4597530200575876e-17	
12.75 	0.6724248255389673	-5.292063084046578e-17	0.18780737702768824	0.0034172906684369884	0.18780737702768824	-0.0034172906684370933	0.3275751744610339	5.4597530200575876e-17	
12.775 	0.6722670521442269	-5.292063084046578e-17	0.18762448484939329	0.0028940695256100177	0.18762448484939329	-0.0028940695256101227	0.3277329478557743	5.4597530200575876e-17	
12.8 	0.6721353565226449	-5.292063084046578e-17	0.18741606612265757	0.002374609173011598	0.18741606612265757	-0.002374609173011703	0.3278646434773564	5.4597530200575876e-17	
12.825 	0.6720294865362287	-5.292063084046578e-17	0.18718250038215534	0.0018614666281737031	0.18718250038215534	-0.001861466628173808	0.3279705134637726	5.4597530200575876e-17	
12.85 	0.6719490633285166	-5.292063084046578e-17	0.1869242904877715	0.0013571515479793256	0.1869242904877715	-0.0013571515479794305	0.32805093667148494	5.4597530200575876e-17	
12.875 	0.6718935839995173	-5.292063084046578e-17	0.18664205930980027	0.0008641140115205299	0.18664205930980027	-0.0008641140115206351	0.32810641600048424	5.4597530200575876e-17	
12.9 	0.6718624248821864	-5.292063084046578e-17	0.18633654583505396	0.00038473268558670263	0.18633654583505396	-0.00038473268558680785	0.32813757511781505	5.4597530200575876e-17	
12.925 	0.6718548453998662	-5.292063084046578e-17	0.1860086007188389	-7.869657015189684e-05	0.1860086007188389	7.869657015179154e-05	0.3281451546001354	5.4597530200575876e-17	
12.95 	0.6718699924813383	-5.292063084046578e-17	0.18565918131039535	-0.000523971604049245	0.18565918131039535	0.0005239716040491397	0.3281300075186632	5.4597530200575876e-17	
12.975 	0.6719069055075032	-5.292063084046578e-17	0.1852893461818367	-0.0009489943283707427	0.1852893461818367	0.0009489943283706372	0.3280930944924983	5.4597530200575876e-17	
13.0 	0.6719645217612245	-5.292063084046578e-17	0.18490024919284312	-0.0013517804824011274	0.18490024919284312	0.0013517804824010218	0.32803547823877716	5.4597530200575876e-17	
13.025 	0.6720416823495803	-5.292063084046578e-17	0.18449313312536836	-0.001730468758567261	0.18449313312536836	0.0017304687585671553	0.32795831765042127	5.4597530200575876e-17	
13.05 	0.6721371385656466	-5.292063084046578e-17	0.1840693229243862	-0.00208332925110925	0.1840693229243862	0.002083329251109144	0.32786286143435495	5.4597530200575876e-17	
13.075 	0.6722495586550052	-5.292063084046578e-17	0.18363021858224415	-0.0024087711907297637	0.18363021858224415	0.002408771190729658	0.3277504413449965	5.4597530200575876e-17	
13.1 	0.672377534950447	-5.292063084046578e-17	0.1831772877054932	-0.0027053499326779177	0.1831772877054932	0.002705349932677812	0.3276224650495546	5.4597530200575876e-17	
13.125 	0.6725195913368157	-5.292063084046578e-17	0.18271205780413294	-0.0029717731698535674	0.18271205780413294	0.0029717731698534616	0.32748040866318584	5.4597530200575876e-17	
13.15 	0.6726741910066172	-5.292063084046578e-17	0.18223610834404724	-0.0032069063467242273	0.18223610834404724	0.0032069063467241215	0.3273258089933845	5.4597530200575876e-17	
13.175 	0.67283974446592	-5.292063084046578e-17	0.1817510626040153	-0.003409777254104107	0.1817510626040153	0.0034097772541040014	0.3271602555340815	5.4597530200575876e-17	
13.2 	0.6730146177491818	-5.292063084046578e-17	0.1812585793790682	-0.003579579789128166	0.1812585793790682	0.0035795797891280605	0.3269853822508196	5.4597530200575876e-17	
13.225 	0.6731971408009566	-5.292063084046578e-17	0.18076034457213366	-0.0037156768690398863	0.18076034457213366	0.003715676869039781	0.32680285919904467	5.4597530200575876e-17	
13.25 	0.6733856159819797	-5.292063084046578e-17	0.18025806271587488	-0.0038176024916773683	0.18025806271587488	0.0038176024916772634	0.3266143840180215	5.4597530200575876e-17	
13.275 	0.6735783266568747	-5.292063084046578e-17	0.1797534484663965	-0.0038850629397671845	0.1797534484663965	0.0038850629397670796	0.32642167334312666	5.4597530200575876e-17	
13.3 	0.6737735458206878	-5.292063084046578e-17	0.1792482181100677	-0.003917937130299879	0.1792482181100677	0.003917937130299774	0.3262264541793135	5.4597530200575876e-17	
13.325 	0.6739695447216211	-5.292063084046578e-17	0.17874408112411605	-0.003916276114347011	0.17874408112411605	0.003916276114346906	0.3260304552783801	5.4597530200575876e-17	
13.35 	0.6741646014377035	-5.292063084046578e-17	0.17824273183087494	-0.0038803017366710454	0.17824273183087494	0.0038803017366709405	0.32583539856229754	5.4597530200575876e-17	
13.375 	0.6743570093657043	-5.292063084046578e-17	0.17774584118464826	-0.0038104044683612264	0.17774584118464826	0.0038104044683611215	0.3256429906342968	5.4597530200575876e-17	
13.4 	0.6745450855813492	-5.292063084046578e-17	0.17725504872908118	-0.003707140429487692	0.17725504872908118	0.0037071404294875872	0.325454914418652	5.4597530200575876e-17	
13.425 	0.6747271790308423	-5.292063084046578e-17	0.17677195476172308	-0.0035712276223905165	0.17677195476172308	0.003571227622390412	0.3252728209691587	5.4597530200575876e-17	
13.45 	0.6749016785148131	-5.292063084046578e-17	0.1762981127411309	-0.003403541399699629	0.1762981127411309	0.0034035413996995243	0.32509832148518797	5.4597530200575876e-17	
13.475 	0.6750670204270942	-5.292063084046578e-17	0.1758350219704096	-0.0032051091945062026	0.1758350219704096	0.0032051091945060986	0.3249329795729065	5.4597530200575876e-17	
13.5 	0.6752216962121959	-5.292063084046578e-17	0.17538412058952313	-0.002977104543267824	0.17538412058952313	0.0029771045432677203	0.3247783037878051	5.4597530200575876e-17	
13.525 	0.6753642595069319	-5.292063084046578e-17	0.17494677890704305	-0.002720840435021121	0.17494677890704305	0.0027208404350210174	0.32463574049306915	5.4597530200575876e-17	
13.55 	0.6754933329334207	-5.292063084046578e-17	0.17452429310023934	-0.0024377620232898813	0.17452429310023934	0.002437762023289778	0.3245066670665803	5.4597530200575876e-17	
13.575 	0.6756076145125537	-5.292063084046578e-17	0.17411787931056893	-0.0021294387397078674	0.17411787931056893	0.002129438739707764	0.3243923854874473	5.4597530200575876e-17	
13.6 	0.6757058836690465	-5.292063084046578e-17	0.17372866815968085	-0.0017975558508182524	0.17372866815968085	0.0017975558508181496	0.3242941163309546	5.4597530200575876e-17	
13.625 	0.6757870068013159	-5.292063084046578e-17	0.17335769970904633	-0.001443905501760393	0.17335769970904633	0.0014439055017602908	0.3242129931986855	5.4597530200575876e-17	
13.65 	0.6758499423916613	-5.292063084046578e-17	0.17300591888423625	-0.0010703772926048433	0.17300591888423625	0.0010703772926047412	0.3241500576083401	5.4597530200575876e-17	
13.675 	0.6758937456345692	-5.292063084046578e-17	0.17267417138271643	-0.0006789484349444537	0.17267417138271643	0.0006789484349443519	0.3241062543654324	5.4597530200575876e-17	
13.7 	0.6759175725633725	-5.292063084046578e-17	0.17236320008181524	-0.0002716735379884801	0.17236320008181524	0.00027167353798837867	0.32408242743662896	5.4597530200575876e-17	
13.725 	0.6759206836580091	-5.292063084046578e-17	0.17207364196124644	0.00014932592516627785	0.17207364196124644	-0.00014932592516637906	0.3240793163419925	5.4597530200575876e-17	
13.75 	0.6759024469191728	-5.292063084046578e-17	0.1718060255522429	0.0005818724192025898	0.1718060255522429	-0.0005818724192026909	0.32409755308082866	5.4597530200575876e-17	
13.775 	0.6758623403967856	-5.292063084046578e-17	0.1715607689229862	0.0010237433633129471	0.1715607689229862	-0.001023743363313048	0.32413765960321617	5.4597530200575876e-17	
13.8 	0.6757999541633691	-5.292063084046578e-17	0.17133817820760264	0.001472682309351266	0.17133817820760264	-0.001472682309351367	0.3242000458366325	5.4597530200575876e-17	
13.825 	0.6757149917256048	-5.292063084046578e-17	0.17113844668354955	0.0019264102272260962	0.17113844668354955	-0.001926410227226197	0.3242850082743967	5.4597530200575876e-17	
13.85 	0.675607270870075	-5.292063084046578e-17	0.17096165439973993	0.0023826368430476066	0.17096165439973993	-0.002382636843047707	0.3243927291299266	5.4597530200575876e-17	
13.875 	0.6754767239419154	-5.292063084046578e-17	0.17080776835525743	0.0028390719754667845	0.17080776835525743	-0.002839071975466885	0.32452327605808623	5.4597530200575876e-17	
13.9 	0.6753233975578303	-5.292063084046578e-17	0.17067664322601048	0.0032934368158075056	0.17067664322601048	-0.0032934368158076058	0.32467660244217134	5.4597530200575876e-17	
13.925 	0.675147451757632	-5.292063084046578e-17	0.17056802263416068	0.0037434750979921474	0.17056802263416068	-0.0037434750979922476	0.3248525482423695	5.4597530200575876e-17	
13.95 	0.674949158601153	-5.292063084046578e-17	0.17048154095266385	0.004186964104900144	0.17048154095266385	-0.0041869641049002435	0.3250508413988487	5.4597530200575876e-17	
13.975 	0.6747289002200233	-5.292063084046578e-17	0.17041672563477375	0.004621725458676468	0.17041672563477375	-0.004621725458676567	0.32527109977997853	5.4597530200575876e-17	
14.0 	0.6744871663364086	-5.292063084046578e-17	0.1703730000559053	0.0050456356436227754	0.1703730000559053	-0.005045635643622875	0.3255128336635931	5.4597530200575876e-17	
14.025 	0.6742245512633341	-5.292063084046578e-17	0.1703496868528365	0.005456636211655986	0.1703496868528365	-0.005456636211656086	0.32577544873666753	5.4597530200575876e-17	
14.05 	0.6739417504036825	-5.292063084046578e-17	0.17034601174286446	0.005852743621904454	0.17034601174286446	-0.0058527436219045536	0.32605824959631907	5.4597530200575876e-17	
14.075 	0.6736395562673358	-5.292063084046578e-17	0.17036110780322972	0.006232058667826539	0.17036110780322972	-0.006232058667826639	0.32636044373266565	5.4597530200575876e-17	
14.1 	0.6733188540282061	-5.292063084046578e-17	0.17039402018889713	0.0065927754472752415	0.17039402018889713	-0.006592775447275341	0.32668114597179543	5.4597530200575876e-17	
14.125 	0.6729806166450755	-5.292063084046578e-17	0.17044371126464627	0.006933189833188492	0.17044371126464627	-0.006933189833188592	0.32701938335492614	5.4597530200575876e-17	
14.15 	0.6726258995722232	-5.292063084046578e-17	0.1705090661253882	0.007251707405050348	0.1705090661253882	-0.007251707405050448	0.3273741004277783	5.4597530200575876e-17	
14.175 	0.6722558350877412	-5.292063084046578e-17	0.1705888984767023	0.007546850803934021	0.1705888984767023	-0.007546850803934121	0.3277441649122602	5.4597530200575876e-17	
14.2 	0.6718716262692288	-5.292063084046578e-17	0.17068195684579068	0.007817266476793075	0.17068195684579068	-0.007817266476793176	0.32812837373077275	5.4597530200575876e-17	
14.225 	0.6714745406482014	-5.292063084046578e-17	0.17078693109138646	0.0080617307787001	0.17078693109138646	-0.008061730778700201	0.3285254593518002	5.4597530200575876e-17	
14.25 	0.6710659035760312	-5.292063084046578e-17	0.17090245917964086	0.0082791554049298	0.17090245917964086	-0.0082791554049299	0.32893409642397053	5.4597530200575876e-17	
14.275 	0.6706470913355612	-5.292063084046578e-17	0.17102713419166107	0.008468592128130921	0.17102713419166107	-0.008468592128131022	0.32935290866444045	5.4597530200575876e-17	
14.3 	0.6702195240336847	-5.292063084046578e-17	0.17115951152718414	0.008629236819313463	0.17115951152718414	-0.008629236819313562	0.32978047596631715	5.4597530200575876e-17	
14.325 	0.6697846583111545	-5.292063084046578e-17	0.17129811626786817	0.008760432734977137	0.17129811626786817	-0.008760432734977236	0.33021534168884725	5.4597530200575876e-17	
14.35 	0.669343979906685	-5.292063084046578e-17	0.1714414506628582	0.008861673056406448	0.1714414506628582	-0.008861673056406545	0.3306560200933168	5.4597530200575876e-17	
14.375 	0.6688989961130032	-5.292063084046578e-17	0.171588001698656	0.008932602670938284	0.171588001698656	-0.00893260267093838	0.33110100388699887	5.4597530200575876e-17	
14.4 	0.6684512281629287	-5.292063084046578e-17	0.17173624871489535	0.00897301918884977	0.17173624871489535	-0.008973019188849867	0.3315487718370734	5.4597530200575876e-17	
14.425 	0.6680022035837806	-5.292063084046578e-17	0.17188467102739427	0.008982873193397339	0.17188467102739427	-0.008982873193397436	0.33199779641622135	5.4597530200575876e-17	
14.45 	0.6675534485584304	-5.292063084046578e-17	0.17203175551984062	0.008962267725441342	0.17203175551984062	-0.008962267725441439	0.33244655144157165	5.4597530200575876e-17	
14.475 	0.6671064803311567	-5.292063084046578e-17	0.17217600416565396	0.00891145700799285	0.17217600416565396	-0.008911457007992948	0.3328935196688452	5.4597530200575876e-17	
14.5 	0.666662799696093	-5.292063084046578e-17	0.1723159414419688	0.008830844419898908	0.1723159414419688	-0.008830844419899005	0.3333372003039089	5.4597530200575876e-17	
14.525 	0.6662238836054967	-5.292063084046578e-17	0.17245012159829406	0.008720979731717187	0.17245012159829406	-0.008720979731717284	0.3337761163945053	5.4597530200575876e-17	
14.55 	0.6657911779343293	-5.292063084046578e-17	0.17257713574321912	0.008582555620599555	0.17257713574321912	-0.008582555620599654	0.3342088220656727	5.4597530200575876e-17	
14.575 	0.6653660904366979	-5.292063084046578e-17	0.17269561871356062	0.008416403484683827	0.17269561871356062	-0.008416403484683926	0.33463390956330424	5.4597530200575876e-17	
14.6 	0.664949983928595	-5.292063084046578e-17	0.17280425569156307	0.008223488581063206	0.17280425569156307	-0.008223488581063308	0.3350500160714071	5.4597530200575876e-17	
14.625 	0.6645441697300857	-5.292063084046578e-17	0.17290178853718163	0.008004904514842181	0.17290178853718163	-0.008004904514842284	0.33545583026991643	5.4597530200575876e-17	
14.65 	0.6641499013986297	-5.292063084046578e-17	0.17298702180407283	0.007761867110075645	0.17298702180407283	-0.0077618671100757475	0.33585009860137244	5.4597530200575876e-17	
14.675 	0.6637683687836103	-5.292063084046578e-17	0.17305882840969614	0.007495707696504993	0.17305882840969614	-0.007495707696505096	0.3362316312163919	5.4597530200575876e-17	
14.7 	0.6634006924303694	-5.292063084046578e-17	0.1731161549318675	0.0072078658489324425	0.1731161549318675	-0.007207865848932545	0.3365993075696329	5.4597530200575876e-17	
14.725 	0.6630479183601399	-5.292063084046578e-17	0.1731580265062033	0.00689988161879494	0.1731580265062033	-0.006899881618795042	0.33695208163986246	5.4597530200575876e-17	
14.75 	0.6627110132502239	-5.2828112255080347e-17	0.1731835513011265	0.006573387299995654	0.1731835513011265	-0.0065733872999957565	0.3372889867497782	5.457440055422952e-17	
14.775 	0.6623908600366043	-5.2828112255080347e-17	0.17319192454947024	0.006230098773309113	0.17319192454947024	-0.006230098773309216	0.3376091399633978	5.457440055422952e-17	
14.8 	0.6620882539589096	-5.2828112255080347e-17	0.17318243211818682	0.005871806475682226	0.17318243211818682	-0.005871806475682329	0.3379117460410924	5.457440055422952e-17	
14.825 	0.6618038990652957	-5.2828112255080347e-17	0.17315445360024093	0.005500366042496028	0.17315445360024093	-0.005500366042496131	0.3381961009347065	5.457440055422952e-17	
14.85 	0.6615384051923593	-5.2828112255080347e-17	0.17310746491541276	0.005117688672321945	0.17310746491541276	-0.00511768867232205	0.33846159480764293	5.457440055422952e-17	
14.875 	0.661292285432699	-5.2828112255080347e-17	0.17304104040944696	0.00472573126489391	0.17304104040944696	-0.004725731264894015	0.3387077145673034	5.457440055422952e-17	
14.9 	0.6610659541001717	-5.2828112255080347e-17	0.17295485444373596	0.004326486383917472	0.17295485444373596	-0.004326486383917577	0.3389340458998308	5.457440055422952e-17	
14.925 	0.6608597252003019	-5.2828112255080347e-17	0.172848682470506	0.003921972096945346	0.172848682470506	-0.003921972096945451	0.3391402747997003	5.457440055422952e-17	
14.95 	0.6606738114106762	-5.2828112255080347e-17	0.17272240159125757	0.00351422174486349	0.17272240159125757	-0.0035142217448635954	0.33932618858932617	5.457440055422952e-17	
14.975 	0.660508323573526	-5.2828112255080347e-17	0.17257599059898812	0.003105273693553327	0.17257599059898812	-0.003105273693553434	0.3394916764264763	5.457440055422952e-17	
