0.0 	1.0	0.0	0.0	0.0	0.0	0.0	0.0	0.0	
0.025 	0.9993752610157436	0.0	0.0006247377003716951	0.024979120494868695	0.0006247377003716951	-0.024979120494868695	0.0006247389842562126	0.0	
0.05 	0.9975041741486133	0.0	0.0024958053129447624	0.04983309012335339	0.0024958053129447624	-0.04983309012335339	0.002495825851386693	0.0	
0.075 	0.9943961138957973	0.0	0.005603782286269743	0.07443738814164924	0.005603782286269743	-0.07443738814164924	0.00560388610420254	0.0	
0.1 	0.9900666519666423	0.0	0.009933020670760082	0.09866875086279576	0.009933020670760082	-0.09866875086279576	0.009933348033357617	0.0	
0.125 	0.9845374788823921	0.0	0.01546172429006511	0.12240579223037856	0.01546172429006511	-0.12240579223037856	0.01546252111760773	0.0	
0.15 	0.97783629477176	0.0	0.022162059016726292	0.14552961489186936	0.022162059016726292	-0.14552961489186936	0.022163705228239832	0.0	
0.175 	0.9699966699148682	0.0	0.030000293591314682	0.16792440868012265	0.030000293591314682	-0.16792440868012265	0.03000333008513173	0.0	
0.2 	0.9610578757411344	0.0	0.038936970268952355	0.18947803347559797	0.038936970268952355	-0.18947803347559797	0.03894212425886524	0.0	
0.225 	0.9510646871361329	0.0	0.04892710442549052	0.21008258350132414	0.04892710442549052	-0.21008258350132414	0.048935312863866744	0.0	
0.25 	0.9400671570575501	0.0	0.059920412108428064	0.22963493019705586	0.059920412108428064	-0.22963493019705586	0.0599328429424495	0.0	
0.275 	0.9281203646003808	0.0	0.07186156437565845	0.24803724092801102	0.07186156437565845	-0.24803724092801102	0.0718796353996186	0.0	
0.3 	0.9152841377857153	0.0	0.08469046712905615	0.26519747090646273	0.08469046712905615	-0.26519747090646273	0.08471586221428413	0.0	
0.325 	0.9016227524752064	0.0	0.0983425650204511	0.28102982584066016	0.0983425650204511	-0.28102982584066016	0.098377247524793	0.0	
0.35 	0.887204608933917	0.0	0.11274916788535135	0.2954551929743741	0.11274916788535135	-0.2954551929743741	0.11279539106608243	0.0	
0.375 	0.8721018876771063	0.0	0.12783779804548429	0.3084015383410404	0.12783779804548429	-0.3084015383410404	0.12789811232289305	0.0	
0.4 	0.8563901863410732	0.0	0.14353255671541534	0.31980426822818825	0.14353255671541534	-0.31980426822818825	0.14360981365892603	0.0	
0.425 	0.8401481394138799	0.0	0.15975450765171254	0.3296065530297129	0.15975450765171254	-0.3296065530297129	0.15985186058611964	0.0	
0.45 	0.8234570227481595	0.0	0.17642207609584212	0.33775961185464803	0.17642207609584212	-0.33775961185464803	0.1765429772518401	0.0	
0.475 	0.8064003448548346	0.0	0.1934514609846535	0.3442229564604422	0.1934514609846535	-0.3442229564604422	0.19359965514516492	0.0	
0.5 	0.7890634270430251	0.0	0.2107570583353273	0.3489645932853267	0.2107570583353273	-0.3489645932853267	0.21093657295697435	0.0	
0.525 	0.7715329745274087	0.0	0.22825189365536044	0.3519611825671148	0.22825189365536044	-0.3519611825671148	0.2284670254725907	0.0	
0.55 	0.7538966406694985	0.0	0.24584806118282843	0.3531981537536264	0.24584806118282843	-0.3531981537536264	0.24610335933050106	0.0	
0.575 	0.7362425865535118	0.0	0.26345716772802547	0.3526697766317543	0.26345716772802547	-0.3526697766317543	0.2637574134464878	0.0	
0.6 	0.718659038120548	0.0	0.2809907788648065	0.3503791878268683	0.2809907788648065	-0.3503791878268683	0.2813409618794516	0.0	
0.625 	0.7012338430965492	0.0	0.2983608652086569	0.34633837255062816	0.2983608652086569	-0.34633837255062816	0.29876615690345043	0.0	
0.65 	0.684054029949946	0.0	0.31548024651873896	0.34056810170220914	0.31548024651873896	-0.34056810170220914	0.3159459700500537	0.0	
0.675 	0.6672053711039728	0.0	0.3322630313729173	0.33309782465425913	0.3322630313729173	-0.33309782465425913	0.3327946288960269	0.0	
0.7 	0.6507719526064515	0.0	0.348625050187971	0.3239655182794763	0.348625050187971	-0.3239655182794763	0.3492280473935483	0.0	
0.725 	0.6348357524264874	0.0	0.3644842793917404	0.31321749299535484	0.3644842793917404	-0.31321749299535484	0.3651642475735124	0.0	
0.75 	0.6194762295031891	0.0	0.3797612545996482	0.30090815682228583	0.3797612545996482	-0.30090815682228583	0.38052377049681047	0.0	
0.775 	0.6047699256164241	0.0	0.39437947070464763	0.2870997386627008	0.39437947070464763	-0.2870997386627008	0.3952300743835757	0.0	
0.8 	0.5907900820840513	0.0	0.4082657668568741	0.2718619722152376	0.4082657668568741	-0.2718619722152376	0.4092099179159484	0.0	
0.825 	0.5776062732143735	0.0	0.4213506943867844	0.25527174213693915	0.4213506943867844	-0.25527174213693915	0.4223937267856261	0.0	
0.85 	0.5652840583570831	0.0	0.43356886581294835	0.2374126942572583	0.43356886581294835	-0.2374126942572583	0.43471594164291644	0.0	
0.875 	0.5538846543012176	0.0	0.4448592831724571	0.2183748118291712	0.4448592831724571	-0.2183748118291712	0.4461153456987818	0.0	
0.9 	0.543464629665045	0.0	0.45516564401765036	0.19825395997407175	0.45516564401765036	-0.19825395997407175	0.4565353703349543	0.0	
0.925 	0.534075622810906	0.0	0.46443662353698273	0.1771514006374716	0.46443662353698273	-0.1771514006374716	0.4659243771890932	0.0	
0.95 	0.5257640846984293	0.0	0.4726261313797666	0.15517328052104767	0.4726261313797666	-0.15517328052104767	0.47423591530156983	0.0	
0.975 	0.5185710479628044	0.0	0.47969354189363134	0.1324300945925128	0.47969354189363134	-0.1324300945925128	0.48142895203719444	0.0	
1.0 	0.5125319233716003	0.0	0.48560389661914766	0.10903612789744942	0.48560389661914766	-0.10903612789744942	0.48746807662839864	0.0	
1.025 	0.50767632467463	0.0	0.49032807802750633	0.085108878506026	0.49032807802750633	-0.085108878506026	0.49232367532536875	0.0	
1.05 	0.5040279227173026	0.0	0.4938429536336764	0.060768464521855185	0.4938429536336764	-0.060768464521855185	0.49597207728269604	0.0	
1.075 	0.5016043295394826	0.0	0.4961314897683604	0.03613701815969048	0.4961314897683604	-0.03613701815969048	0.49839567046051586	0.0	
1.1 	0.5004170130298821	0.0	0.49718283444653383	0.011338069962784261	0.49718283444653383	-0.011338069962784261	0.4995829869701164	0.0	
1.125 	0.5004712425511868	0.0	0.4969923689276237	-0.0135040737207666	0.4969923689276237	0.0135040737207666	0.4995287574488119	0.0	
1.15 	0.5017660657942717	0.0	0.4955617277216414	-0.03826495685072454	0.4955617277216414	0.03826495685072454	0.49823393420572676	0.0	
1.175 	0.5042943169617811	0.0	0.49289878695601846	-0.06282060022789032	0.49289878695601846	0.06282060022789032	0.4957056830382174	0.0	
1.2 	0.5080426562228332	0.0	0.4890176211786967	-0.08704812527867412	0.4890176211786967	0.08704812527867412	0.4919573437771654	0.0	
1.225 	0.5129916402224892	0.0	0.48393842883336563	-0.11082637193756542	0.48393842883336563	0.11082637193756542	0.48700835977750934	0.0	
1.25 	0.5191158232726673	0.0	0.4776874268018069	-0.13403650750561105	0.4776874268018069	0.13403650750561105	0.48088417672733097	0.0	
1.275 	0.5263838886962088	0.0	0.47029671456528577	-0.156562623410457	0.47029671456528577	0.156562623410457	0.4736161113037892	0.0	
1.3 	0.5347588096435971	0.0	0.46180410869102756	-0.1782923168565537	0.46180410869102756	0.1782923168565537	0.46524119035640077	0.0	
1.325 	0.5441980385531523	0.0	0.45225294850024417	-0.1991172544324358	0.45225294850024417	0.1991172544324358	0.4558019614468454	0.0	
1.35 	0.5546537242811379	0.0	0.44169187392016485	-0.21893371483516288	0.44169187392016485	0.21893371483516288	0.4453462757188599	0.0	
1.375 	0.5660729557888521	0.0	0.4301745766633365	-0.237643107979564	0.4301745766633365	0.237643107979564	0.4339270442111456	0.0	
1.4 	0.5783980311401363	0.0	0.4177595260123772	-0.2551524678813146	0.4177595260123772	0.2551524678813146	0.42160196885986134	0.0	
1.425 	0.5915667504354939	0.0	0.4045096706166935	-0.2713749168374617	0.4045096706166935	0.2713749168374617	0.4084332495645039	0.0	
1.45 	0.6055127311888221	0.0	0.3904921178287751	-0.2862300985751116	0.3904921178287751	0.2862300985751116	0.39448726881117574	0.0	
1.475 	0.6201657445402209	0.0	0.3757777922209205	-0.2996445781978507	0.3757777922209205	0.2996445781978507	0.3798342554597768	0.0	
1.5 	0.6354520705940176	0.0	0.36044107502807105	-0.31155220692926056	0.36044107502807105	0.31155220692926056	0.36454792940598	0.0	
1.525 	0.6512948710755749	0.0	0.34455942635828474	-0.3218944498327569	0.34455942635828474	0.3218944498327569	0.3487051289244226	0.0	
1.55 	0.6676145774140992	0.0	0.3282129920988009	-0.33062067487598745	0.3282129920988009	0.33062067487598745	0.33238542258589837	0.0	
1.575 	0.6843292922819749	0.0	0.31148419752217316	-0.33768840190521415	0.31148419752217316	0.33768840190521415	0.3156707077180226	0.0	
1.6 	0.7013552025545039	0.0	0.29445732966321186	-0.34306351029945875	0.29445732966321186	0.34306351029945875	0.2986447974454935	0.0	
1.625 	0.7186070015976563	0.0	0.2772181105931318	-0.34672040428466855	0.2772181105931318	0.34672040428466855	0.28139299840234133	0.0	
1.65 	0.7359983187458194	0.0	0.25985326376207435	-0.3486421351036758	0.25985326376207435	0.3486421351036758	0.2640016812541783	0.0	
1.675 	0.7534421537967975	0.0	0.24245007561483875	-0.34882047945718714	0.24245007561483875	0.34882047945718714	0.24655784620320007	0.0	
1.7 	0.7708513143276182	0.0	0.22509595470704738	-0.3472559738533125	0.22509595470704738	0.3472559738533125	0.22914868567237942	0.0	
1.725 	0.7881388536221741	0.0	0.2078779905599806	-0.3439579047271031	0.2078779905599806	0.3439579047271031	0.21186114637782355	0.0	
1.75 	0.805218507000417	0.0	0.19088251449189433	-0.33894425441606	0.19088251449189433	0.33894425441606	0.19478149299958075	0.0	
1.775 	0.8220051243487158	0.0	0.1741946646517897	-0.3322416033014589	0.1741946646517897	0.3322416033014589	0.17799487565128197	0.0	
1.8 	0.8384150966720503	0.0	0.15789795745840568	-0.3238849886474635	0.15789795745840568	0.3238849886474635	0.16158490332794742	0.0	
1.825 	0.8543667745208035	0.0	0.14207386761278282	-0.3139177208892412	0.14207386761278282	0.3139177208892412	0.1456332254791943	0.0	
1.85 	0.8697808761878767	0.0	0.126801418807278	-0.30239115833653063	0.126801418807278	0.30239115833653063	0.13021912381212114	0.0	
1.875 	0.8845808836254522	0.0	0.11215678719764359	-0.28936444146924345	0.11215678719764359	0.28936444146924345	0.11541911637454587	0.0	
1.9 	0.8986934240946811	0.0	0.09821291963801518	-0.2749041882056436	0.09821291963801518	0.2749041882056436	0.10130657590531703	0.0	
1.925 	0.9120486356355574	0.0	0.08503916860172932	-0.25908415172040106	0.08503916860172932	0.25908415172040106	0.08795136436444077	0.0	
1.95 	0.9245805145278468	0.0	0.07270094562422383	-0.24198484257836034	0.07270094562422383	0.24198484257836034	0.07541948547215119	0.0	
1.975 	0.9362272430067636	0.0	0.06125939500830821	-0.22369311712924683	0.06125939500830821	0.22369311712924683	0.06377275699323434	0.0	
2.0 	0.9469314955986181	0.0	0.050771089427335214	-0.20430173427784015	0.050771089427335214	0.20430173427784015	0.05306850440137972	0.0	
2.025 	0.9566407225513993	0.0	0.0412877489487994	-0.18390888290252605	0.0412877489487994	0.18390888290252605	0.04335927744859854	0.0	
2.05 	0.9653074089526108	0.0	0.03285598488022646	-0.16261768234179277	0.03285598488022646	0.16261768234179277	0.03469259104738702	0.0	
2.075 	0.9728893082510729	0.0	0.02551706971152255	-0.14053565850242883	0.02551706971152255	0.14053565850242883	0.02711069174892512	0.0	
2.1 	0.9793496490301661	0.0	0.019306734293890553	-0.1177741982642348	0.019306734293890553	0.1177741982642348	0.02065035096983208	0.0	
2.125 	0.9846573140164807	0.0	0.014254993255684313	-0.0944479849633769	0.014254993255684313	0.0944479849633769	0.015342685983517377	0.0	
2.15 	0.9887869904493249	0.0	0.010385999510886184	-0.07067441782955337	0.010385999510886184	0.07067441782955337	0.011213009550673093	0.0	
2.175 	0.9917192910823228	0.0	0.007717928567005395	-0.04657301833045578	0.007717928567005395	0.04657301833045578	0.008280708917675154	0.0	
2.2 	0.993440845237655	0.0	0.006262893186873643	-0.022264826440204458	0.006262893186873643	0.022264826440204458	0.00655915476234301	0.0	
2.225 	0.9939443594855836	0.0	0.0060268888038448746	0.002128210103783355	0.0060268888038448746	-0.002128210103783355	0.0060556405144143	0.0	
2.25 	0.9932286476759988	0.0	0.007009769933086282	0.02648385045889839	0.007009769933086282	-0.02648385045889839	0.006771352323999047	0.0	
2.275 	0.9912986302040243	0.0	0.009205257663782669	0.050680176137474116	0.009205257663782669	-0.050680176137474116	0.008701369795973593	0.0	
2.3 	0.988165302547449	0.0	0.012600978158976567	0.07459620415550981	0.012600978158976567	-0.07459620415550981	0.01183469745254879	0.0	
2.325 	0.9838456732691054	0.0	0.01717853193224135	0.09811249477187374	0.01717853193224135	-0.09811249477187374	0.016154326730892357	0.0	
2.35 	0.9783626718315063	0.0	0.02291359351423944	0.12111175075094321	0.02291359351423944	-0.12111175075094321	0.021637328168491343	0.0	
2.375 	0.9717450267233079	0.0	0.029776040968248946	0.14347940512825685	0.029776040968248946	-0.14347940512825685	0.028254973276689604	0.0	
2.4 	0.9640271145466991	0.0	0.03773011456273406	0.16510419452066447	0.03773011456273406	-0.16510419452066447	0.0359728854532986	0.0	
2.425 	0.9552487808608834	0.0	0.046734603761753916	0.1858787150993268	0.046734603761753916	-0.1858787150993268	0.04475121913911427	0.0	
2.45 	0.9454551337186815	0.0	0.0567430615511987	0.20569995843532635	0.0567430615511987	-0.20569995843532635	0.054544866281316114	0.0	
2.475 	0.9346963109702062	0.0	0.06770404498123199	0.22446982453311748	0.06770404498123199	-0.22446982453311748	0.06530368902979138	0.0	
2.5 	0.923027222538889	0.0	0.07956138067359926	0.24209560948600617	0.07956138067359926	-0.24209560948600617	0.07697277746110855	0.0	
2.525 	0.910507269000181	0.0	0.09225445391729696	0.25849046531968806	0.09225445391729696	-0.25849046531968806	0.08949273099981656	0.0	
2.55 	0.8972000379113976	0.0	0.1057185198581103	0.2735738297338939	0.1057185198581103	-0.2735738297338939	0.1027999620885998	0.0	
2.575 	0.8831729794518361	0.0	0.11988503517731437	0.2872718236076425	0.11988503517731437	-0.2872718236076425	0.11682702054816113	0.0	
2.6 	0.8684970630349074	0.0	0.1346820085529364	0.2995176142996792	0.1346820085529364	-0.2995176142996792	0.13150293696508975	0.0	
2.625 	0.8532464166480904	0.0	0.15003436810390672	0.310251742951516	0.15003436810390672	-0.310251742951516	0.14675358335190658	0.0	
2.65 	0.8374979507615633	0.0	0.16586434393363772	0.319422414185185	0.16586434393363772	-0.319422414185185	0.1625020492384337	0.0	
2.675 	0.8213309687219739	0.0	0.1820918638154779	0.32698574678041736	0.1820918638154779	-0.32698574678041736	0.1786690312780232	0.0	
2.7 	0.804826765613619	0.0	0.19863495999845054	0.33290598411546585	0.19863495999845054	-0.33290598411546585	0.19517323438637807	0.0	
2.725 	0.7880682176249758	0.0	0.21541018505801432	0.3371556633611931	0.21541018505801432	-0.3371556633611931	0.21193178237502128	0.0	
2.75 	0.7711393640038097	0.0	0.23233303467353134	0.33971574262828286	0.23233303467353134	-0.33971574262828286	0.22886063599618736	0.0	
2.775 	0.754124983718755	0.0	0.24931837518189884	0.340575685481428	0.24931837518189884	-0.340575685481428	0.2458750162812421	0.0	
2.8 	0.7371101689691626	0.0	0.2662808737355382	0.33973350245102385	0.2662808737355382	-0.33973350245102385	0.2628898310308344	0.0	
2.825 	0.7201798976980325	0.0	0.2831354288827353	0.3371957493911277	0.2831354288827353	-0.3371957493911277	0.2798201023019643	0.0	
2.85 	0.7034186072649413	0.0	0.29979759938921335	0.332977482751144	0.29979759938921335	-0.332977482751144	0.29658139273505557	0.0	
2.875 	0.6869097714270458	0.0	0.31618402913178534	0.3271021720467368	0.31618402913178534	-0.3271021720467368	0.31309022857295127	0.0	
2.9 	0.6707354827565544	0.0	0.33221286591788673	0.3196015700317568	0.33221286591788673	-0.3196015700317568	0.3292645172434424	0.0	
2.925 	0.6549760425926172	0.0	0.34780417211860704	0.3105155412864095	0.34780417211860704	-0.3105155412864095	0.34502395740737934	0.0	
2.95 	0.6397095605845647	0.0	0.36288032504732615	0.2998918501463947	0.36288032504732615	-0.2998918501463947	0.3602904394154318	0.0	
2.975 	0.6250115658320584	0.0	0.3773664050709856	0.28778590910227436	0.3773664050709856	-0.28778590910227436	0.3749884341679381	0.0	
3.0 	0.6109546315662605	0.0	0.3911905695060801	0.27426048899683153	0.3911905695060801	-0.27426048899683153	0.38904536843373594	0.0	
3.025 	0.597608015244924	0.0	0.4042844104263079	0.2593853925396807	0.4042844104263079	-0.2593853925396807	0.4023919847550725	0.0	
3.05 	0.5850373158537155	0.0	0.41658329459307436	0.24323709284191478	0.41658329459307436	-0.24323709284191478	0.41496268414628124	0.0	
3.075 	0.5733041501165445	0.0	0.42802668381325204	0.22589833884820587	0.42802668381325204	-0.22589833884820587	0.4266958498834521	0.0	
3.1 	0.5624658492196339	0.0	0.43855843413029283	0.20745772970864512	0.43855843413029283	-0.20745772970864512	0.4375341507803626	0.0	
3.125 	0.5525751775480485	0.0	0.4481270723644257	0.1880092602868893	0.4481270723644257	-0.1880092602868893	0.4474248224519479	0.0	
3.15 	0.5436800748199521	0.0	0.4566860486346918	0.16765184014410975	0.4566860486346918	-0.16765184014410975	0.4563199251800444	0.0	
3.175 	0.535823422883562	0.0	0.4641939636193747	0.14648878846910257	0.4641939636193747	-0.14648878846910257	0.4641765771164345	0.0	
3.2 	0.5290428383152457	0.0	0.4706147694413232	0.12462730754307305	0.4706147694413232	-0.12462730754307305	0.4709571616847507	0.0	
3.225 	0.5233704918250999	0.0	0.47591794320008735	0.10217793743246845	0.47591794320008735	-0.10217793743246845	0.4766295081748964	0.0	
3.25 	0.5188329553393488	0.0	0.4800786323129927	0.07925399469428435	0.4800786323129927	-0.07925399469428435	0.48116704466064736	0.0	
3.275 	0.5154510774876974	0.0	0.48307777097154564	0.05597099795507397	0.48307777097154564	-0.05597099795507397	0.48454892251229886	0.0	
3.3 	0.5132398880790962	0.0	0.4849021671671612	0.03244608328706757	0.4849021671671612	-0.03244608328706757	0.4867601119208999	0.0	
3.325 	0.512208532001964	0.0	0.48554455989037515	0.008797412352070324	0.48554455989037515	-0.008797412352070324	0.487791467998032	0.0	
3.35 	0.5123602328355081	0.0	0.485003646259683	-0.01485642368407231	0.485003646259683	0.01485642368407231	0.48763976716448787	0.0	
3.375 	0.5136922863081639	0.0	0.4832840784891622	-0.03839700144681564	0.4832840784891622	0.03839700144681564	0.4863077136918322	0.0	
3.4 	0.5161960835880889	0.0	0.48039643075730004	-0.06170666083694901	0.48039643075730004	0.06170666083694901	0.483803916411907	0.0	
3.425 	0.5198571642398769	0.0	0.4763571361921927	-0.08466909569605653	0.4763571361921927	0.08466909569605653	0.48014283576011885	0.0	
3.45 	0.5246552985319537	0.0	0.4711883943397187	-0.10716993667523735	0.4711883943397187	0.10716993667523735	0.47534470146804214	0.0	
3.475 	0.5305645986312533	0.0	0.4649180496306533	-0.1290973233730934	0.4649180496306533	0.1290973233730934	0.4694354013687424	0.0	
3.5 	0.5375536580764899	0.0	0.45757944150922564	-0.15034246286800587	0.45757944150922564	0.15034246286800587	0.4624463419235055	0.0	
3.525 	0.5455857187793633	0.0	0.4492112270285743	-0.1708001718432485	0.4492112270285743	0.1708001718432485	0.4544142812206321	0.0	
3.55 	0.5546188646651026	0.0	0.4398571768572114	-0.19036939959113877	0.4398571768572114	0.19036939959113877	0.4453811353348929	0.0	
3.575 	0.5646062409305391	0.0	0.4295659457742541	-0.20895372928373682	0.4295659457742541	0.20895372928373682	0.4353937590694564	0.0	
3.6 	0.5754962977700792	0.0	0.4183908188591499	-0.2264618550120359	0.4183908188591499	0.2264618550120359	0.4245037022299162	0.0	
3.625 	0.5872330572981707	0.0	0.40638943470325484	-0.24280803222254624	0.40638943470325484	0.24280803222254624	0.4127669427018245	0.0	
3.65 	0.5997564022817239	0.0	0.3936234870853205	-0.25791249931898896	0.3936234870853205	0.25791249931898896	0.4002435977182715	0.0	
3.675 	0.6130023851880346	0.0	0.38015840666010725	-0.27170186834676974	0.38015840666010725	0.27170186834676974	0.3869976148119608	0.0	
3.7 	0.6269035559536144	0.0	0.3660630243084493	-0.28410948283820575	0.3660630243084493	0.28410948283820575	0.373096444046381	0.0	
3.725 	0.641389306787429	0.0	0.3514092178876364	-0.295075741066308	0.3514092178876364	0.295075741066308	0.3586106932125664	0.0	
3.75 	0.6563862322388724	0.0	0.33627154420250627	-0.3045483831333861	0.33627154420250627	0.3045483831333861	0.3436137677611231	0.0	
3.775 	0.6718185026867364	0.0	0.32072685808974355	-0.31248274050693037	0.32072685808974355	0.31248274050693037	0.3281814973132593	0.0	
3.8 	0.6876082493408593	0.0	0.304853920570212	-0.3188419468081568	0.304853920570212	0.3188419468081568	0.3123917506591362	0.0	
3.825 	0.7036759587933503	0.0	0.2887329980763781	-0.3235971088573004	0.2887329980763781	0.3235971088573004	0.29632404120664513	0.0	
3.85 	0.7199408751115559	0.0	0.2724454548037902	-0.3267274371831618	0.2724454548037902	0.3267274371831618	0.2800591248884396	0.0	
3.875 	0.7363214074304801	0.0	0.25607334026692763	-0.32822033541152335	0.25607334026692763	0.32822033541152335	0.26367859256951554	0.0	
3.9 	0.7527355409783322	0.0	0.23969897416040864	-0.32807144815677847	0.23969897416040864	0.32807144815677847	0.2472644590216635	0.0	
3.925 	0.76910124945537	0.0	0.22340453063643528	-0.32628466725237965	0.22340453063643528	0.32628466725237965	0.23089875054462594	0.0	
3.95 	0.78533690668328	0.0	0.20727162410843636	-0.32287209636743636	0.20727162410843636	0.32287209636743636	0.21466309331671574	0.0	
3.975 	0.8013616954499903	0.0	0.19138089867916228	-0.31785397426788525	0.19138089867916228	0.31785397426788525	0.19863830455000564	0.0	
4.0 	0.8170960114929646	0.0	0.17581162326906752	-0.31125855719003737	0.17581162326906752	0.31125855719003737	0.18290398850703135	0.0	
4.025 	0.8324618605926121	0.0	0.16064129448782186	-0.3031219610009124	0.16064129448782186	0.3031219610009124	0.1675381394073838	0.0	
4.05 	0.8473832467862391	0.0	0.145945249248411	-0.29348796402254074	0.145945249248411	0.29348796402254074	0.1526167532137568	0.0	
4.075 	0.8617865497618085	0.0	0.13179628906976038	-0.2824077715953232	0.13179628906976038	0.2824077715953232	0.13821345023818737	0.0	
4.1 	0.8756008895493509	0.0	0.11826431795043932	-0.26993974364757484	0.11826431795043932	0.26993974364757484	0.12439911045064492	0.0	
4.125 	0.8887584766958883	0.0	0.10541599562312512	-0.25614908672357944	0.10541599562312512	0.25614908672357944	0.11124152330410741	0.0	
4.15 	0.9011949461868177	0.0	0.09331440791751693	-0.24110751209990083	0.09331440791751693	0.24110751209990083	0.0988050538131779	0.0	
4.175 	0.9128496734624463	0.0	0.08201875586873449	-0.22489286178844933	0.08201875586873449	0.22489286178844933	0.08715032653754927	0.0	
4.2 	0.9236660709723163	0.0	0.07158406510940074	-0.20758870438403687	0.07158406510940074	0.20758870438403687	0.07633392902767924	0.0	
4.225 	0.9335918638116126	0.0	0.06206091697711554	-0.18928390286307945	0.06206091697711554	0.18928390286307945	0.06640813618838276	0.0	
4.25 	0.9425793430927741	0.0	0.053495202655450165	-0.17007215657797894	0.053495202655450165	0.17007215657797894	0.05742065690722126	0.0	
4.275 	0.9505855958208567	0.0	0.04592790154652568	-0.15005151981785728	0.04592790154652568	0.15005151981785728	0.049414404179138664	0.0	
4.3 	0.9575727101626329	0.0	0.039394884947320366	-0.1293238994201046	0.039394884947320366	0.1293238994201046	0.04242728983736256	0.0	
4.325 	0.9635079551262068	0.0	0.03392674597074214	-0.10799453401808849	0.03392674597074214	0.10799453401808849	0.03649204487378861	0.0	
4.35 	0.9683639337994396	0.0	0.02954865651688946	-0.08617145759786335	0.02954865651688946	0.08617145759786335	0.03163606620055583	0.0	
4.375 	0.9721187094310185	0.0	0.026280251960517833	-0.06396495011040806	0.026280251960517833	0.06396495011040806	0.027881290568976848	0.0	
4.4 	0.9747559037768819	0.0	0.024135544078254627	-0.04148697794545762	0.024135544078254627	0.04148697794545762	0.02524409622311348	0.0	
4.425 	0.9762647672761995	0.0	0.023122862594302726	-0.018850627118115436	0.023122862594302726	0.018850627118115436	0.023735232723795966	0.0	
4.45 	0.9766402207644947	0.0	0.023244825576993512	0.0038304679500576985	0.023244825576993512	-0.0038304679500576985	0.023359779235500894	0.0	
4.475 	0.9758828685760337	0.0	0.024498338771346655	0.02644269715800349	0.024498338771346655	-0.02644269715800349	0.02411713142396205	0.0	
4.5 	0.9739989830325675	0.0	0.0268746238055262	0.048873046061693994	0.0268746238055262	-0.048873046061693994	0.02600101696742811	0.0	
4.525 	0.9710004604601565	0.0	0.030359275062503095	0.07100966293547843	0.030359275062503095	-0.07100966293547843	0.02899953953983903	0.0	
4.55 	0.9669047490193916	0.0	0.034932344863093205	0.09274241870186124	0.034932344863093205	-0.09274241870186124	0.0330952509806039	0.0	
4.575 	0.9617347487761412	0.0	0.04056845646357493	0.11396345691612968	0.04056845646357493	-0.11396345691612968	0.038265251223854276	0.0	
4.6 	0.9555186845792615	0.0	0.04723694423102614	0.13456773104924374	0.04723694423102614	-0.13456773104924374	0.04448131542073393	0.0	
4.625 	0.9482899524478237	0.0	0.054902020223064	0.15445352638325327	0.054902020223064	-0.15445352638325327	0.0517100475521715	0.0	
4.65 	0.9400869403026474	0.0	0.06352296626650805	0.17352296391781938	0.06352296626650805	-0.17352296391781938	0.05991305969734769	0.0	
4.675 	0.9309528240046172	0.0	0.07305435050227876	0.19168248378372335	0.07305435050227876	-0.19168248378372335	0.06904717599537787	0.0	
4.7 	0.9209353397847775	0.0	0.08344626724222368	0.20884330576901222	0.08344626724222368	-0.20884330576901222	0.07906466021521771	0.0	
4.725 	0.9100865342679194	0.0	0.09464459886813349	0.22492186468506953	0.09464459886813349	-0.22492186468506953	0.08991346573207563	0.0	
4.75 	0.8984624934017396	0.0	0.10659129839453936	0.23984021843275258	0.10659129839453936	-0.23984021843275258	0.10153750659825543	0.0	
4.775 	0.8861230517070926	0.0	0.1192246912155033	0.2535264267721065	0.1192246912155033	-0.2535264267721065	0.11387694829290214	0.0	
4.8 	0.8731314833609062	0.0	0.13247979446201708	0.26591489895228637	0.13247979446201708	-0.26591489895228637	0.1268685166390884	0.0	
4.825 	0.8595541767114682	0.0	0.14628865231126423	0.2769467085203921	0.14628865231126423	-0.2769467085203921	0.14044582328852637	0.0	
4.85 	0.8454602939056464	0.0	0.1605806855122832	0.2865698737980974	0.1605806855122832	-0.2865698737980974	0.1545397060943483	0.0	
4.875 	0.8309214173787455	0.0	0.1752830533248572	0.2947396026923502	0.1752830533248572	-0.2947396026923502	0.16907858262124933	0.0	
4.9 	0.8160111850198271	0.0	0.19032102601006928	0.3014185006901177	0.19032102601006928	-0.3014185006901177	0.18398881498016775	0.0	
4.925 	0.800804915878111	0.0	0.20561836596216185	0.3065767410761975	0.20561836596216185	-0.3065767410761975	0.19919508412188378	0.0	
4.95 	0.7853792283193083	0.0	0.22109771553235028	0.3101921966065465	0.22109771553235028	-0.3101921966065465	0.2146207716806865	0.0	
4.975 	0.7698116525742025	0.0	0.23668098956622954	0.3122505320663999	0.23668098956622954	-0.3122505320663999	0.23018834742579225	0.0	
5.0 	0.7541802396453641	0.0	0.25228977065749486	0.31274525734165703	0.25228977065749486	-0.31274525734165703	0.24581976035463063	0.0	
5.025 	0.7385631685514429	0.0	0.26784570511194356	0.3116777408325911	0.26784570511194356	-0.3116777408325911	0.26143683144855184	0.0	
5.05 	0.72303835389201	0.0	0.2832708976171499	0.30905718323987214	0.2832708976171499	-0.30905718323987214	0.27696164610798457	0.0	
5.075 	0.7076830557094108	0.0	0.2984883026247687	0.3049005519531646	0.2984883026247687	-0.3049005519531646	0.29231694429058375	0.0	
5.1 	0.6925734936075975	0.0	0.3134221104740477	0.2992324764711617	0.3134221104740477	-0.2992324764711617	0.3074265063923975	0.0	
5.125 	0.6777844670615616	0.0	0.3279981263166718	0.2920851054778495	0.3279981263166718	-0.2920851054778495	0.3222155329384335	0.0	
5.15 	0.6633889838149222	0.0	0.34214413994433984	0.2834979263920726	0.34214413994433984	-0.2834979263920726	0.3366110161850727	0.0	
5.175 	0.6494578982176531	0.0	0.35579028467125584	0.2735175483951352	0.35579028467125584	-0.2735175483951352	0.3505421017823418	0.0	
5.2 	0.6360595613011247	0.0	0.3688693834837202	0.2621974501232892	0.3688693834837202	-0.2621974501232892	0.36394043869887027	0.0	
5.225 	0.6232594843238706	0.0	0.3813172807379035	0.24959769338761562	0.3813172807379035	-0.24959769338761562	0.3767405156761243	0.0	
5.25 	0.6111200174491234	0.0	0.3930731577643143	0.2357846044521409	0.3930731577643143	-0.2357846044521409	0.3888799825508713	0.0	
5.275 	0.599700045134581	0.0	0.40407983082301635	0.22083042456120322	0.40407983082301635	-0.22083042456120322	0.4002999548654137	0.0	
5.3 	0.5890546997264956	0.0	0.41428402994685953	0.20481293155830688	0.41428402994685953	-0.20481293155830688	0.41094530027349907	0.0	
5.325 	0.5792350946544865	0.0	0.42363665731037864	0.18781503458024273	0.42363665731037864	-0.18781503458024273	0.4207649053455081	0.0	
5.35 	0.5702880785209623	0.0	0.4320930238690631	0.1699243439414031	0.4320930238690631	-0.1699243439414031	0.42971192147903214	0.0	
5.375 	0.5622560112702444	0.0	0.43961306312684284	0.1512327184433532	0.43961306312684284	-0.1512327184433532	0.43774398872975007	0.0	
5.4 	0.5551765635079656	0.0	0.4461615210083073	0.13183579245325214	0.4461615210083073	-0.13183579245325214	0.444823436492029	0.0	
5.425 	0.5490825399216775	0.0	0.4517081209357411	0.11183248519111946	0.4517081209357411	-0.11183248519111946	0.45091746007831707	0.0	
5.45 	0.5440017276294523	0.0	0.4562277033389066	0.09132449474976617	0.4562277033389066	-0.09132449474976617	0.4559982723705423	0.0	
5.475 	0.5399567701552452	0.0	0.4597003389569645	0.07041577944204652	0.4597003389569645	-0.07041577944204652	0.46004322984474927	0.0	
5.5 	0.5369650675985604	0.0	0.46211141542632894	0.049212029127615506	0.46211141542632894	-0.049212029127615506	0.4630349324014341	0.0	
5.525 	0.5350387034321942	0.0	0.4634516967849182	0.027820129215333368	0.4634516967849182	-0.027820129215333368	0.4649612965678002	0.0	
5.55 	0.5341843982262142	0.0	0.46371735566149147	0.006347620067647074	0.46371735566149147	-0.006347620067647074	0.4658156017737804	0.0	
5.575 	0.5344034904595458	0.0	0.4629099780578452	-0.01509784545042058	0.4629099780578452	0.01509784545042058	0.4655965095404489	0.0	
5.6 	0.5356919444432955	0.0	0.46103654077088246	-0.03640904353268528	0.46103654077088246	0.03640904353268528	0.4643080555566994	0.0	
5.625 	0.5380403852429135	0.0	0.45810936164024946	-0.057479717370195776	0.45810936164024946	0.057479717370195776	0.4619596147570814	0.0	
5.65 	0.5414341603502156	0.0	0.45414602294465745	-0.0782051087585869	0.45414602294465745	0.0782051087585869	0.45856583964977954	0.0	
5.675 	0.545853427721791	0.0	0.4491692684054737	-0.09848248070544753	0.4491692684054737	0.09848248070544753	0.45414657227820404	0.0	
5.7 	0.5512732696681467	0.0	0.44320687438899276	-0.11821162842128759	0.44320687438899276	0.11821162842128759	0.4487267303318484	0.0	
5.725 	0.5576638319486932	0.0	0.43629149602831063	-0.13729537614336942	0.43629149602831063	0.13729537614336942	0.44233616805130205	0.0	
5.75 	0.5649904873020593	0.0	0.42846048911126866	-0.15564005732014063	0.42846048911126866	0.15564005732014063	0.4350095126979359	0.0	
5.775 	0.5732140225198261	0.0	0.4197557087018796	-0.17315597577484168	0.4197557087018796	0.17315597577484168	0.42678597748016917	0.0	
5.8 	0.5822908480552164	0.0	0.4102232855783789	-0.18975784556957248	0.4102232855783789	0.18975784556957248	0.4177091519447788	0.0	
5.825 	0.5921732290471515	0.0	0.3999133816809877	-0.20536520740513708	0.3999133816809877	0.20536520740513708	0.40782677095284386	0.0	
5.85 	0.6028095365349208	0.0	0.3888799258660691	-0.2199028195167399	0.3888799258660691	0.2199028195167399	0.3971904634650746	0.0	
5.875 	0.6141445175400507	0.0	0.37718033136009416	-0.23330102116041962	0.37718033136009416	0.23330102116041962	0.3858554824599445	0.0	
5.9 	0.6261195826002651	0.0	0.3648751963962235	-0.24549606692926432	0.3648751963962235	0.24549606692926432	0.3738804173997302	0.0	
5.925 	0.6386731092561662	0.0	0.35202798959790876	-0.2564304302912012	0.35202798959790876	0.2564304302912012	0.3613268907438293	0.0	
5.95 	0.651740759914842	0.0	0.3387047217473263	-0.2660530749006892	0.3387047217473263	0.2660530749006892	0.3482592400851533	0.0	
5.975 	0.6652558124463791	0.0	0.32497360564130834	-0.2743196924041285	0.32497360564130834	0.2743196924041285	0.33474418755361607	0.0	
6.0 	0.6791495018095626	0.0	0.31090470579342044	-0.28119290563236055	0.31090470579342044	0.28119290563236055	0.32085049819043265	0.0	
6.025 	0.6933513709521708	0.0	0.29656957978768345	-0.28664243625236535	0.29656957978768345	0.28664243625236535	0.3066486290478244	0.0	
6.05 	0.7077896291894297	0.0	0.2820409131269223	-0.29064523613323595	0.2820409131269223	0.29064523613323595	0.29221037081056545	0.0	
6.075 	0.722391516231592	0.0	0.2673921494466844	-0.2931855818677801	0.2673921494466844	0.2931855818677801	0.27760848376840325	0.0	
6.1 	0.7370836700083832	0.0	0.2526971179839697	-0.2942551320797001	0.2526971179839697	0.2942551320797001	0.2629163299916121	0.0	
6.125 	0.7517924964242975	0.0	0.2380296601985983	-0.2938529473362596	0.2380296601985983	0.2938529473362596	0.24820750357569768	0.0	
6.15 	0.7664445391744816	0.0	0.22346325744387194	-0.2919854726766802	0.22346325744387194	0.2919854726766802	0.23355546082551346	0.0	
6.175 	0.7809668477562043	0.0	0.20907066157231144	-0.2886664829562534	0.20907066157231144	0.2886664829562534	0.219033152243791	0.0	
6.2 	0.7952873418256206	0.0	0.19492353034173765	-0.28391699139431287	0.19492353034173765	0.28391699139431287	0.20471265817437467	0.0	
6.225 	0.809335170073605	0.0	0.1810920694569552	-0.2777651218998479	0.1810920694569552	0.2777651218998479	0.19066482992639008	0.0	
6.25 	0.8230410618276788	0.0	0.1676446830429696	-0.2702459459306875	0.1676446830429696	0.2702459459306875	0.17695893817231612	0.0	
6.275 	0.8363376696293245	0.0	0.15464763429725142	-0.2614012848199309	0.15464763429725142	0.2614012848199309	0.1636623303706705	0.0	
6.3 	0.8491599010869951	0.0	0.14216471801133493	-0.25127947867573913	0.14216471801133493	0.25127947867573913	0.1508400989130001	0.0	
6.325 	0.861445238364618	0.0	0.1302569465863237	-0.2399351231268641	0.1302569465863237	0.2399351231268641	0.13855476163537744	0.0	
6.35 	0.8731340437330223	0.0	0.11898225109304134	-0.2274287753455442	0.11898225109304134	0.2274287753455442	0.12686595626697317	0.0	
6.375 	0.8841698496871222	0.0	0.10839519884601564	-0.21382663093083926	0.10839519884601564	0.21382663093083926	0.11583015031287343	0.0	
6.4 	0.8944996322144478	0.0	0.09854672887167354	-0.19920017337836263	0.09854672887167354	0.19920017337836263	0.10550036778554786	0.0	
6.425 	0.9040740658903004	0.0	0.08948390655552663	-0.1836257979959858	0.08948390655552663	0.1836257979959858	0.0959259341096954	0.0	
6.45 	0.9128477595709145	0.0	0.08124969865127155	-0.16718441224878977	0.08124969865127155	0.16718441224878977	0.0871522404290813	0.0	
6.475 	0.9207794715580551	0.0	0.07388276972715532	-0.14996101462971195	0.07388276972715532	0.14996101462971195	0.07922052844194072	0.0	
6.5 	0.9278323032158937	0.0	0.06741730101224648	-0.13204425425444782	0.06741730101224648	0.13204425425444782	0.07216769678410206	0.0	
6.525 	0.933973870133254	0.0	0.06188283248800616	-0.11352597346972411	0.06188283248800616	0.11352597346972411	0.06602612986674186	0.0	
6.55 	0.9391764500407838	0.0	0.057304128949393456	-0.0945007358426458	0.057304128949393456	0.0945007358426458	0.06082354995921195	0.0	
6.575 	0.9434171068127085	0.0	0.0537010706353056	-0.07506534196506925	0.0537010706353056	0.07506534196506925	0.056582893187287035	0.0	
6.6 	0.9466777900059078	0.0	0.05108856890110156	-0.055318335560579544	0.05108856890110156	0.055318335560579544	0.05332220999408771	0.0	
6.625 	0.9489454095145117	0.0	0.04947650727695155	-0.035359502422420246	0.04947650727695155	0.035359502422420246	0.051054590485483706	0.0	
6.65 	0.9502118850453803	0.0	0.0488697081254678	-0.015289364738481154	0.0488697081254678	0.015289364738481154	0.04978811495461511	0.0	
6.675 	0.9504741702480518	0.0	0.049267924981178504	0.00479132662589936	0.049267924981178504	-0.00479132662589936	0.04952582975194352	0.0	
6.7 	0.949734251461381	0.0	0.0506658605235827	0.02478209931503803	0.0506658605235827	-0.02478209931503803	0.05026574853861444	0.0	
6.725 	0.9479991211674624	0.0	0.05305321000544106	0.04458326357920046	0.05305321000544106	-0.04458326357920046	0.052000878832532973	0.0	
6.75 	0.9452807263709164	0.0	0.056414729829278594	0.06409641074390621	0.056414729829278594	-0.06409641074390621	0.054719273629078906	0.0	
6.775 	0.9415958922475369	0.0	0.06073033083845479	0.08322490355340065	0.06073033083845479	-0.08322490355340065	0.058404107752458516	0.0	
6.8 	0.9369662215300513	0.0	0.06597519576523386	0.10187435593933847	0.06597519576523386	-0.10187435593933847	0.06303377846994407	0.0	
6.825 	0.9314179702196881	0.0	0.07211992015768239	0.11995309982786277	0.07211992015768239	-0.11995309982786277	0.06858202978030724	0.0	
6.85 	0.9249819003297818	0.0	0.07913067599053744	0.13737263667228575	0.07913067599053744	-0.13737263667228575	0.07501809967021357	0.0	
6.875 	0.9176931104811994	0.0	0.08696939705300108	0.15404807148405764	0.08696939705300108	-0.15404807148405764	0.08230688951879594	0.0	
6.9 	0.9095908452783693	0.0	0.0955939850992788	0.16989852723116694	0.0955939850992788	-0.16989852723116694	0.0904091547216259	0.0	
6.925 	0.9007182844986062	0.0	0.10495853564611368	0.18484753758001282	0.10495853564611368	-0.18484753758001282	0.09928171550138915	0.0	
6.95 	0.8911223132257433	0.0	0.11501358220606414	0.1988234160735431	0.11501358220606414	-0.1988234160735431	0.10887768677425218	0.0	
6.975 	0.8808532741513359	0.0	0.12570635765629046	0.21175959996442742	0.12570635765629046	-0.21175959996442742	0.11914672584865958	0.0	
7.0 	0.8699647033524267	0.0	0.1369810713605747	0.22359496705655607	0.1369810713605747	-0.22359496705655607	0.13003529664756866	0.0	
7.025 	0.8585130509336751	0.0	0.14877920058758584	0.23427412405050574	0.14877920058758584	-0.23427412405050574	0.14148694906632006	0.0	
7.05 	0.8465573879931617	0.0	0.16103979470136157	0.24374766503804193	0.16103979470136157	-0.24374766503804193	0.15344261200683337	0.0	
7.075 	0.834159101435057	0.0	0.17369979054091367	0.2519723989464477	0.17369979054091367	-0.2519723989464477	0.16584089856493808	0.0	
7.1 	0.821381578208296	0.0	0.18669433735504437	0.25891154489466783	0.18669433735504437	-0.25891154489466783	0.17861842179169915	0.0	
7.125 	0.8082898805981706	0.0	0.19995712961609666	0.2645348945891024	0.19995712961609666	-0.2645348945891024	0.19171011940182453	0.0	
7.15 	0.7949504142371357	0.0	0.21342074600264102	0.26881894105651233	0.21342074600264102	-0.26881894105651233	0.20504958576285956	0.0	
7.175 	0.7814305905319447	0.0	0.22701699281614787	0.2717469731840504	0.22701699281614787	-0.2717469731840504	0.21856940946805048	0.0	
7.2 	0.7677984852263771	0.0	0.24067725008060264	0.27330913571101223	0.24067725008060264	-0.27330913571101223	0.2322015147736181	0.0	
7.225 	0.7541224948321932	0.0	0.2543328185668317	0.27350245449263394	0.2543328185668317	-0.27350245449263394	0.24587750516780194	0.0	
7.25 	0.740470992665543	0.0	0.2679152659850213	0.2723308270322522	0.2679152659850213	-0.2723308270322522	0.2595290073344524	0.0	
7.275 	0.7269119862218426	0.0	0.2813567705994842	0.26980497845350243	0.2813567705994842	-0.26980497845350243	0.27308801377815267	0.0	
7.3 	0.7135127776092036	0.0	0.29459046053907184	0.26594238325808195	0.29459046053907184	-0.26594238325808195	0.28648722239079166	0.0	
7.325 	0.7003396287389151	0.0	0.30755074710460967	0.26076715338607964	0.30755074710460967	-0.26076715338607964	0.29966037126108014	0.0	
7.35 	0.6874574329414158	0.0	0.3201736504111831	0.25430989326411185	0.3201736504111831	-0.25430989326411185	0.3125425670585795	0.0	
7.375 	0.6749293946378035	0.0	0.332397115747794	0.2466075226906836	0.332397115747794	-0.2466075226906836	0.3250706053621915	0.0	
7.4 	0.662816718650457	0.0	0.344161319089606	0.23770306856749013	0.344161319089606	-0.23770306856749013	0.33718328134953823	0.0	
7.425 	0.6511783106820375	0.0	0.35540896025838803	0.2276454266390147	0.35540896025838803	-0.2276454266390147	0.3488216893179578	0.0	
7.45 	0.6400704904303212	0.0	0.36608554229454016	0.2164890945500033	0.36608554229454016	-0.2164890945500033	0.35992950956967434	0.0	
7.475 	0.6295467187372882	0.0	0.3761396356788572	0.2042938776704949	0.3761396356788572	-0.2042938776704949	0.3704532812627074	0.0	
7.5 	0.6196573400950806	0.0	0.3855231261235761	0.1911245692703707	0.3855231261235761	-0.1911245692703707	0.3803426599049149	0.0	
7.525 	0.610449341749202	0.0	0.394191444739815	0.17705060674922388	0.394191444739815	-0.17705060674922388	0.3895506582507935	0.0	
7.55 	0.6019661305511392	0.0	0.40210377948179993	0.1621457057421453	0.40210377948179993	-0.1621457057421453	0.3980338694488563	0.0	
7.575 	0.594247328618882	0.0	0.4092232668667899	0.14648747402722356	0.4092232668667899	-0.14648747402722356	0.40575267138111365	0.0	
7.6 	0.5873285887651061	0.0	0.4155171630728552	0.13015700725567358	0.4155171630728552	-0.13015700725567358	0.41267141123488965	0.0	
7.625 	0.5812414305495831	0.0	0.42095699362409356	0.11323846861008516	0.42095699362409356	-0.11323846861008516	0.41875856945041257	0.0	
7.65 	0.5760130977052138	0.0	0.4255186809839366	0.09581865456993689	0.4255186809839366	-0.09581865456993689	0.423986902294782	0.0	
7.675 	0.5716664375765202	0.0	0.42918264949133517	0.07798654902590824	0.42918264949133517	-0.07798654902590824	0.4283335624234756	0.0	
7.7 	0.5682198030960357	0.0	0.43193390719123326	0.05983286803536699	0.43193390719123326	-0.05983286803536699	0.4317801969039602	0.0	
7.725 	0.5656869777083837	0.0	0.43376210422924893	0.041449597550491615	0.43376210422924893	-0.041449597550491615	0.4343130222916121	0.0	
7.75 	0.5640771235345389	0.0	0.43466156760028174	0.022929526477643174	0.43466156760028174	-0.022929526477643174	0.4359228764654568	0.0	
7.775 	0.5633947529504002	0.0	0.4346313121612377	0.004365777441733369	0.4346313121612377	-0.004365777441733369	0.4366052470495955	0.0	
7.8 	0.5636397236349934	0.0	0.43367502793861196	-0.014148662367599962	0.43367502793861196	0.014148662367599962	0.4363602763650021	0.0	
7.825 	0.5648072570249573	0.0	0.4318010438816691	-0.032521407900177636	0.4318010438816691	0.032521407900177636	0.43519274297503807	0.0	
7.85 	0.5668879799940437	0.0	0.42902226833081564	-0.05066113815293339	0.42902226833081564	0.05066113815293339	0.4331120200059518	0.0	
7.875 	0.5698679894597923	0.0	0.42535610658786754	-0.06847805096690955	0.42535610658786754	0.06847805096690955	0.4301320105402031	0.0	
7.9 	0.5737289395048962	0.0	0.42082435608968183	-0.08588430844384762	0.42082435608968183	0.08588430844384762	0.42627106049509933	0.0	
7.925 	0.5784481504886293	0.0	0.4154530797984756	-0.10279447076836754	0.4154530797984756	0.10279447076836754	0.42155184951136637	0.0	
7.95 	0.583998739514636	0.0	0.4092724585305314	-0.11912591628851196	0.4092724585305314	0.11912591628851196	0.4160012604853596	0.0	
7.975 	0.5903497715159123	0.0	0.4023166230493441	-0.13479924578488284	0.4023166230493441	0.13479924578488284	0.40965022848408333	0.0	
8.0 	0.5974664301164683	0.0	0.39462346684907623	-0.14973866894629168	0.39462346684907623	0.14973866894629168	0.4025335698835273	0.0	
8.025 	0.605310207332459	0.0	0.38623444064896234	-0.1638723711673034	0.38623444064896234	0.1638723711673034	0.39468979266753645	0.0	
8.05 	0.6138391110839646	0.0	0.3771943297085621	-0.17713285888975075	0.3771943297085621	0.17713285888975075	0.3861608889160307	0.0	
8.075 	0.6230078894025588	0.0	0.367551015157067	-0.1894572818256592	0.367551015157067	0.1894572818256592	0.37699211059743654	0.0	
8.1 	0.6327682701397245	0.0	0.3573552206068044	-0.2007877305224327	0.3573552206068044	0.2007877305224327	0.367231729860271	0.0	
8.125 	0.6430692149074646	0.0	0.34666024539127804	-0.2110715078619586	0.34666024539127804	0.2110715078619586	0.35693078509253084	0.0	
8.15 	0.6538571859154457	0.0	0.33552168583119213	-0.22026137322279296	0.33552168583119213	0.22026137322279296	0.34614281408454994	0.0	
8.175 	0.6650764243090336	0.0	0.3239971459876243	-0.2283157581780728	0.3239971459876243	0.2283157581780728	0.33492357569096215	0.0	
8.2 	0.6766692385599151	0.0	0.3121459394095721	-0.23519895275050215	0.3121459394095721	0.23519895275050215	0.32333076144008066	0.0	
8.225 	0.6885763014158726	0.0	0.3000287834232784	-0.24088126139890467	0.3000287834232784	0.24088126139890467	0.31142369858412317	0.0	
8.25 	0.7007369538789133	0.0	0.28770748754285075	-0.24533912806761946	0.28770748754285075	0.24533912806761946	0.29926304612108234	0.0	
8.275 	0.7130895146514976	0.0	0.27524463760559564	-0.24855522978962757	0.27524463760559564	0.24855522978962757	0.2869104853484982	0.0	
8.3 	0.7255715934691876	0.0	0.26270327725108816	-0.2505185384958967	0.26270327725108816	0.2505185384958967	0.27442840653080813	0.0	
8.325 	0.7381204067247317	0.0	0.25014658837023857	-0.25122435084619354	0.25014658837023857	0.25122435084619354	0.2618795932752641	0.0	
8.35 	0.7506730937834327	0.0	0.23763757214948752	-0.2506742860596852	0.23763757214948752	0.2506742860596852	0.24932690621656317	0.0	
8.375 	0.7631670323926406	0.0	0.2252387323258018	-0.24887625188620208	0.2252387323258018	0.24887625188620208	0.23683296760735506	0.0	
8.4 	0.7755401515992847	0.0	0.21301176225042154	-0.24584437902022316	0.21301176225042154	0.24584437902022316	0.2244598484007111	0.0	
8.425 	0.7877312406084483	0.0	0.2010172373334592	-0.2415989244186515	0.2010172373334592	0.2415989244186515	0.21226875939154732	0.0	
8.45 	0.7996802520429669	0.0	0.18931431440762736	-0.23616614413945627	0.18931431440762736	0.23616614413945627	0.20031974795702898	0.0	
8.475 	0.8113285980986908	0.0	0.17796043950778703	-0.22957813647048364	0.17796043950778703	0.22957813647048364	0.18867140190130507	0.0	
8.5 	0.8226194381322496	0.0	0.16701106551390524	-0.22187265626540567	0.16701106551390524	0.22187265626540567	0.17738056186774623	0.0	
8.525 	0.8334979562675704	0.0	0.15651938104867702	-0.21309290154614643	0.15651938104867702	0.21309290154614643	0.1665020437324254	0.0	
8.55 	0.8439116276638152	0.0	0.14653605195782324	-0.20328727356748516	0.14653605195782324	0.20328727356748516	0.15608837233618056	0.0	
8.575 	0.8538104721504538	0.0	0.13710897663128435	-0.19250911166921042	0.13710897663128435	0.19250911166921042	0.14618952784954195	0.0	
8.6 	0.8631472940045496	0.0	0.12828305634757606	-0.1808164043635463	0.12828305634757606	0.1808164043635463	0.1368527059954461	0.0	
8.625 	0.8718779067206159	0.0	0.12009998174188503	-0.1682714782199955	0.12009998174188503	0.1682714782199955	0.1281220932793799	0.0	
8.65 	0.8799613417041919	0.0	0.11259803641150908	-0.15494066621569194	0.11259803641150908	0.15494066621569194	0.12003865829580383	0.0	
8.675 	0.8873600399061579	0.0	0.10581191858045999	-0.14089395731631468	0.10581191858045999	0.14089395731631468	0.11263996009383781	0.0	
8.7 	0.894040025505284	0.0	0.0997725816489552	-0.12620462914013786	0.0997725816489552	0.12620462914013786	0.10595997449471159	0.0	
8.725 	0.8999710608411265	0.0	0.09450709435363959	-0.11094886563546116	0.09450709435363959	0.11094886563546116	0.10002893915886901	0.0	
8.75 	0.9051267818976212	0.0	0.09003852116124242	-0.09520536176913903	0.09003852116124242	0.09520536176913903	0.09487321810237417	0.0	
8.775 	0.9094848137390833	0.0	0.08638582341253505	-0.07905491728090197	0.08638582341253505	0.07905491728090197	0.09051518626091203	0.0	
8.8 	0.9130268654042547	0.0	0.08356378162547631	-0.06258002160440052	0.08356378162547631	0.06258002160440052	0.08697313459574064	0.0	
8.825 	0.9157388038700182	0.0	0.08158293925688372	-0.04586443209121795	0.08158293925688372	0.04586443209121795	0.08426119612997729	0.0	
8.85 	0.9176107068038608	0.0	0.08044956811142281	-0.028992747698366156	0.08044956811142281	0.028992747698366156	0.08238929319613479	0.0	
8.875 	0.9186368939325718	0.0	0.08016565547574452	-0.012049980312931377	0.08016565547574452	0.012049980312931377	0.08136310606742381	0.0	
8.9 	0.9188159369634387	0.0	0.08072891294478943	0.004878874110435947	0.08072891294478943	-0.004878874110435947	0.08118406303655701	0.0	
8.925 	0.9181506481028098	0.0	0.08213280679719404	0.021709262432543355	0.08213280679719404	-0.021709262432543355	0.08184935189718569	0.0	
8.95 	0.9166480473247726	0.0	0.08436660966793633	0.038357497086569596	0.08436660966793633	-0.038357497086569596	0.083351952675223	0.0	
8.975 	0.9143193086492928	0.0	0.08741547315939709	0.05474117259308311	0.08741547315939709	-0.05474117259308311	0.0856806913507029	0.0	
9.0 	0.9111796857939688	0.0	0.09126052092743157	0.07077957375881193	0.09126052092743157	-0.07077957375881193	0.08882031420602704	0.0	
9.025 	0.9072484176660106	0.0	0.09587896167735802	0.08639407353657177	0.09587896167735802	-0.08639407353657177	0.09275158233398534	0.0	
9.05 	0.9025486142606862	0.0	0.10124422140648645	0.10150851858552813	0.10124422140648645	-0.10150851858552813	0.09745138573930988	0.0	
9.075 	0.8971071236287699	0.0	0.10732609413540793	0.11604960064237801	0.10732609413540793	-0.11604960064237801	0.10289287637122628	0.0	
9.1 	0.8909543806680215	0.0	0.11409091028020302	0.12994721189467023	0.11409091028020302	-0.12994721189467023	0.10904561933197474	0.0	
9.125 	0.8841242385819637	0.0	0.12150172173244105	0.14313478263688167	0.12150172173244105	-0.14313478263688167	0.11587576141803245	0.0	
9.15 	0.8766537839327868	0.0	0.12951850263373188	0.15554959958752837	0.12951850263373188	-0.15554959958752837	0.12334621606720934	0.0	
9.175 	0.8685831362936907	0.0	0.1380983647570381	0.16713310335097253	0.1380983647570381	-0.16713310335097253	0.13141686370630537	0.0	
9.2 	0.8599552335790093	0.0	0.1471957863382993	0.17783116362011916	0.1471957863382993	-0.17783116362011916	0.1400447664209866	0.0	
9.225 	0.8508156041976991	0.0	0.15676285313947666	0.18759433083526258	0.15676285313947666	-0.18759433083526258	0.14918439580229664	0.0	
9.25 	0.8412121272369107	0.0	0.16674951046817188	0.19637806313931436	0.16674951046817188	-0.19637806313931436	0.1587878727630849	0.0	
9.275 	0.8311947819371164	0.0	0.1771038248297556	0.20414292759985264	0.1771038248297556	-0.20414292759985264	0.16880521806287918	0.0	
9.3 	0.8208153877683919	0.0	0.1877722538456632	0.2108547748031925	0.1877722538456632	-0.2108547748031925	0.1791846122316035	0.0	
9.325 	0.8101273364587428	0.0	0.19869992303635658	0.21648488606428917	0.19869992303635658	-0.21648488606428917	0.18987266354125254	0.0	
9.35 	0.7991853173596372	0.0	0.20983090803953786	0.2210100926380268	0.20983090803953786	-0.2210100926380268	0.20081468264035793	0.0	
9.375 	0.7880450375610428	0.0	0.2211085208136441	0.2244128664615887	0.2211085208136441	-0.2244128664615887	0.21195496243895237	0.0	
9.4 	0.7767629381881312	0.0	0.23247559836350076	0.2266813821034117	0.23247559836350076	-0.2266813821034117	0.22323706181186417	0.0	
9.425 	0.7653959083243818	0.0	0.24387479251930239	0.22780954974095688	0.24387479251930239	-0.22780954974095688	0.23460409167561358	0.0	
9.45 	0.7540009980110245	0.0	0.25524885930179836	0.2277970191364404	0.25524885930179836	-0.2277970191364404	0.24599900198897093	0.0	
9.475 	0.742635131770644	0.0	0.2665409464156511	0.22664915472602193	0.2665409464156511	-0.22664915472602193	0.25736486822935173	0.0	
9.5 	0.731354824093359	0.0	0.2776948774293111	0.2243769820830148	0.2776948774293111	-0.2243769820830148	0.26864517590663683	0.0	
9.525 	0.7202158983073778	0.0	0.2886554312233029	0.22099710615874074	0.2886554312233029	-0.22099710615874074	0.27978410169261797	0.0	
9.55 	0.7092732102320248	0.0	0.29936861531938325	0.21653160184499307	0.29936861531938325	-0.21653160184499307	0.2907267897679711	0.0	
9.575 	0.6985803779806975	0.0	0.30978193174042556	0.21100787753901118	0.30978193174042556	-0.21100787753901118	0.30141962201929856	0.0	
9.6 	0.6881895192438309	0.0	0.3198446340948909	0.2044585125247303	0.3198446340948909	-0.2044585125247303	0.3118104807561654	0.0	
9.625 	0.6781509973380283	0.0	0.3295079746301074	0.19692106911221421	0.3295079746301074	-0.19692106911221421	0.32184900266196803	0.0	
9.65 	0.668513177257334	0.0	0.33872544005501726	0.1884378805999808	0.33872544005501726	-0.1884378805999808	0.3314868227426625	0.0	
9.675 	0.6593221929064347	0.0	0.3474529749952581	0.17905581624180172	0.3474529749952581	-0.17905581624180172	0.3406778070935616	0.0	
9.7 	0.6506217266337159	0.0	0.35564919201108214	0.16882602450994388	0.35564919201108214	-0.16882602450994388	0.3493782733662804	0.0	
9.725 	0.642452802114879	0.0	0.3632755671813237	0.15780365605019178	0.3632755671813237	-0.15780365605019178	0.35754719788511746	0.0	
9.75 	0.6348535915656373	0.0	0.3702966203340214	0.14604756781986564	0.3702966203340214	-0.14604756781986564	0.36514640843435947	0.0	
9.775 	0.6278592381852081	0.0	0.3766800790859719	0.1336200099879781	0.3766800790859719	-0.1336200099879781	0.3721407618147887	0.0	
9.8 	0.6215016946513426	0.0	0.38239702593902214	0.1205862972562505	0.38239702593902214	-0.1205862972562505	0.37849830534865403	0.0	
9.825 	0.6158095784028861	0.0	0.3874220277698478	0.10701446633056969	0.3874220277698478	-0.10701446633056969	0.38419042159711037	0.0	
9.85 	0.6108080443577991	0.0	0.39173324714186014	0.0929749213342951	0.39173324714186014	-0.0929749213342951	0.3891919556421975	0.0	
9.875 	0.6065186756236487	0.0	0.3953125349622601	0.0785400690073442	0.3953125349622601	-0.0785400690073442	0.3934813243763479	0.0	
9.9 	0.6029593926642687	0.0	0.3981455041036403	0.06378394557797339	0.3981455041036403	-0.06378394557797339	0.3970406073357281	0.0	
9.925 	0.6001443812910636	0.0	0.4002215837074233	0.048781837227448256	0.4002215837074233	-0.048781837227448256	0.399855618708933	0.0	
9.95 	0.5980840397508028	0.0	0.4015340539853306	0.0336098960912371	0.4015340539853306	-0.0336098960912371	0.40191596024919385	0.0	
9.975 	0.5967849450841802	0.0	0.4020800614344942	0.01834475375388403	0.4020800614344942	-0.01834475375388403	0.40321505491581655	0.0	
10.0 	0.5962498388314357	0.0	0.40186061448125354	0.0030631341982949576	0.40186061448125354	-0.0030631341982949576	0.40375016116856116	0.0	
10.025 	0.5964776320634092	0.0	0.4008805596676213	-0.012158531836177681	0.4008805596676213	0.012158531836177681	0.40352236793658763	0.0	
10.05 	0.5974634296190446	0.0	0.3991485385923576	-0.02724448914866757	0.3991485385923576	0.02724448914866757	0.40253657038095225	0.0	
10.075 	0.599198573334061	0.0	0.3966769259150693	-0.042120035112495575	0.3966769259150693	0.042120035112495575	0.4008014266659359	0.0	
10.1 	0.6016707039507422	0.0	0.3934817488262688	-0.05671188957489045	0.3934817488262688	0.05671188957489045	0.3983292960492548	0.0	
10.125 	0.6048638413060431	0.0	0.3895825884784095	-0.07094855578882785	0.3895825884784095	0.07094855578882785	0.3951361586939539	0.0	
10.15 	0.6087584823049266	0.0	0.3850024639621085	-0.08476067059901934	0.3850024639621085	0.08476067059901934	0.3912415176950705	0.0	
10.175 	0.6133317160984755	0.0	0.37976769949762285	-0.09808134216679058	0.37976769949762285	0.09808134216679058	0.38666828390152147	0.0	
10.2 	0.6185573558023106	0.0	0.3739077755937374	-0.11084647358971922	0.3739077755937374	0.11084647358971922	0.38144264419768653	0.0	
10.225 	0.6244060860105801	0.0	0.3674551650041525	-0.12299507085106315	0.3674551650041525	0.12299507085106315	0.3755939139894173	0.0	
10.25 	0.6308456252846785	0.0	0.3604451543848295	-0.13446953362076342	0.3604451543848295	0.13446953362076342	0.369154374715319	0.0	
10.275 	0.6378409027242616	0.0	0.35291565262421615	-0.14521592752368206	0.35291565262421615	0.14521592752368206	0.36215909727573614	0.0	
10.3 	0.6453542476613876	0.0	0.34490698688148874	-0.1551842365912273	0.34490698688148874	0.1551842365912273	0.35464575233861023	0.0	
10.325 	0.6533455914570699	0.0	0.33646168742561067	-0.16432859471908406	0.33646168742561067	0.16432859471908406	0.34665440854292795	0.0	
10.35 	0.6617726803234361	0.0	0.32762426241984	-0.17260749506584086	0.32762426241984	0.17260749506584086	0.33822731967656156	0.0	
10.375 	0.6705912980443364	0.0	0.31844096384207565	-0.17998397644428618	0.31844096384207565	0.17998397644428618	0.32940870195566113	0.0	
10.4 	0.6797554974228482	0.0	0.30895954577090096	-0.1864257858784189	0.30895954577090096	0.1864257858784189	0.32024450257714915	0.0	
10.425 	0.6892178392458826	0.0	0.29922901630017745	-0.1919055166241417	0.29922901630017745	0.1919055166241417	0.3107821607541145	0.0	
10.45 	0.6989296375241892	0.0	0.28929938437142433	-0.19640072107952103	0.28929938437142433	0.19640072107952103	0.3010703624758081	0.0	
10.475 	0.7088412097405892	0.0	0.2792214028328698	-0.19989399814073608	0.2792214028328698	0.19989399814073608	0.2911587902594082	0.0	
10.5 	0.7189021308203745	0.0	0.2690463090469109	-0.20237305469172426	0.2690463090469109	0.20237305469172426	0.28109786917962293	0.0	
10.525 	0.729061489525521	0.0	0.25882556437372245	-0.20383074104836835	0.25882556437372245	0.20383074104836835	0.27093851047447665	0.0	
10.55 	0.7392681459687368	0.0	0.24861059385791837	-0.2042650603111816	0.24861059385791837	0.2042650603111816	0.2607318540312606	0.0	
10.575 	0.7494709889443905	0.0	0.2384525274375163	-0.20367915171313722	0.2384525274375163	0.20367915171313722	0.250529011055607	0.0	
10.6 	0.7596191917809803	0.0	0.22840194398006125	-0.20208124818087955	0.22840194398006125	0.20208124818087955	0.24038080821901747	0.0	
10.625 	0.7696624654339841	0.0	0.21850861942973326	-0.19948460845737043	0.21850861942973326	0.19948460845737043	0.23033753456601383	0.0	
10.65 	0.7795513075585208	0.0	0.20882128032173272	-0.1959074242614052	0.20882128032173272	0.1959074242614052	0.22044869244147686	0.0	
10.675 	0.7892372463281501	0.0	0.19938736388638492	-0.1913727030837314	0.19938736388638492	0.1913727030837314	0.21076275367184752	0.0	
10.7 	0.7986730777991515	0.0	0.19025278592543463	-0.18590812734009501	0.19025278592543463	0.18590812734009501	0.20132692220084608	0.0	
10.725 	0.8078130956585751	0.0	0.18146171759715518	-0.1795458907178191	0.18146171759715518	0.1795458907178191	0.19218690434142238	0.0	
10.75 	0.8166133122389829	0.0	0.17305637219544207	-0.1723225126639061	0.17305637219544207	0.1723225126639061	0.18338668776101463	0.0	
10.775 	0.8250316697328777	0.0	0.16507680295129523	-0.16427863206860732	0.16507680295129523	0.16427863206860732	0.17496833026711986	0.0	
10.8 	0.8330282405950373	0.0	0.15756071282334516	-0.15545878129839075	0.15756071282334516	0.15545878129839075	0.16697175940496026	0.0	
10.825 	0.8405654161810356	0.0	0.1505432771776939	-0.1459111418257884	0.1505432771776939	0.1459111418257884	0.15943458381896203	0.0	
10.85 	0.8476080827348011	0.0	0.14405698018669302	-0.1356872827902633	0.14405698018669302	0.1356872827902633	0.1523919172651964	0.0	
10.875 	0.8541237839067877	0.0	0.13813146570176582	-0.12484188390359742	0.13813146570176582	0.12484188390359742	0.1458762160932098	0.0	
10.9 	0.8600828690568292	0.0	0.13279340327740605	-0.11343244418499852	0.13279340327740605	0.11343244418499852	0.13991713094316824	0.0	
10.925 	0.8654586266716404	0.0	0.12806636994248222	-0.10151897807482861	0.12806636994248222	0.10151897807482861	0.13454137332835692	0.0	
10.95 	0.870227402305789	0.0	0.12397074823138077	-0.08916370053129226	0.12397074823138077	0.08916370053129226	0.12977259769420826	0.0	
10.975 	0.8743687005363905	0.0	0.1205236409017919	-0.07643070276134942	0.1205236409017919	0.07643070276134942	0.12563129946360674	0.0	
11.0 	0.8778652705053348	0.0	0.11773880267852926	-0.06338562027534872	0.11773880267852926	0.06338562027534872	0.12213472949466243	0.0	
11.025 	0.880703174708098	0.0	0.11562658927415126	-0.05009529498426784	0.11562658927415126	0.05009529498426784	0.11929682529189932	0.0	
11.05 	0.8828718407746863	0.0	0.11419392384778224	-0.03662743307890362	0.11419392384778224	0.03662743307890362	0.11712815922531099	0.0	
11.075 	0.8843640960755527	0.0	0.11344428097388413	-0.02305026044182786	0.11344428097388413	0.02305026044182786	0.11563590392444457	0.0	
11.1 	0.885176185072963	0.0	0.11337768810327144	-0.009432177345412296	0.11337768810327144	0.009432177345412296	0.11482381492703415	0.0	
11.125 	0.8853077694258338	0.0	0.11399074440985263	0.004158585817223782	0.11399074440985263	-0.004158585817223782	0.11469223057416322	0.0	
11.15 	0.8847619109430579	0.0	0.1152766568288764	0.017654310036787916	0.1152766568288764	-0.017654310036787916	0.11523808905693915	0.0	
11.175 	0.883545037566348	0.0	0.11722529300630258	0.030988124720363282	0.11722529300630258	-0.030988124720363282	0.11645496243364915	0.0	
11.2 	0.8816668926482286	0.0	0.11982325079473938	0.04409433857692213	0.11982325079473938	-0.04409433857692213	0.11833310735176843	0.0	
11.225 	0.8791404678735701	0.0	0.12305394384960741	0.05690876272163796	0.12305394384960741	-0.05690876272163796	0.12085953212642689	0.0	
11.25 	0.8759819202535741	0.0	0.12689770280020957	0.06936902441371609	0.12689770280020957	-0.06936902441371609	0.12401807974642282	0.0	
11.275 	0.8722104736990058	0.0	0.131331891394586	0.0814148698990866	0.131331891394586	-0.0814148698990866	0.1277895263009911	0.0	
11.3 	0.8678483057543251	0.0	0.13633103694478219	0.09298845489332513	0.13633103694478219	-0.09298845489332513	0.13215169424567172	0.0	
11.325 	0.8629204201458569	0.0	0.14186697433079165	0.10403462131121087	0.14186697433079165	-0.10403462131121087	0.13707957985413996	0.0	
11.35 	0.8574545058649019	0.0	0.1479090027572811	0.1145011589269877	0.1479090027572811	-0.1145011589269877	0.14254549413509499	0.0	
11.375 	0.8514807835704188	0.0	0.15442405439754744	0.12433905073322667	0.15442405439754744	-0.12433905073322667	0.1485192164295781	0.0	
11.4 	0.8450318401552946	0.0	0.16137687400427358	0.13350270085572724	0.16137687400427358	-0.13350270085572724	0.15496815984470208	0.0	
11.425 	0.8381424523750033	0.0	0.16873020851677892	0.14195014397665096	0.16873020851677892	-0.14195014397665096	0.16185754762499344	0.0	
11.45 	0.8308494004873694	0.0	0.17644500564981416	0.14964323531753992	0.17644500564981416	-0.14964323531753992	0.16915059951262715	0.0	
11.475 	0.8231912728970066	0.0	0.18448062040972302	0.15654782033750017	0.18448062040972302	-0.15654782033750017	0.17680872710299014	0.0	
11.5 	0.8152082628375552	0.0	0.19279502845013247	0.16263388340907634	0.19279502845013247	-0.16263388340907634	0.1847917371624415	0.0	
11.525 	0.8069419581589875	0.0	0.20134504515137605	0.16787567484464527	0.20134504515137605	-0.16787567484464527	0.1930580418410091	0.0	
11.55 	0.7984351253157811	0.0	0.21008654928569578	0.17225181575893891	0.21008654928569578	-0.17225181575893891	0.2015648746842153	0.0	
11.575 	0.7897314886746335	0.0	0.218974710113975	0.17574538036798415	0.218974710113975	-0.17574538036798415	0.21026851132536298	0.0	
11.6 	0.7808755062774702	0.0	0.22796421674937345	0.17834395544073822	0.22796421674937345	-0.17834395544073822	0.21912449372252624	0.0	
11.625 	0.7719121432067797	0.0	0.23700950861877013	0.18003967673640656	0.23700950861877013	-0.18003967673640656	0.22808785679321672	0.0	
11.65 	0.7628866437057268	0.0	0.24606500585435429	0.18082924237727105	0.24606500585435429	-0.18082924237727105	0.2371133562942696	0.0	
11.675 	0.7538443032050989	0.0	0.2550853384549925	0.1807139032232439	0.2550853384549925	-0.1807139032232439	0.24615569679489752	0.0	
11.7 	0.7448302414029377	0.0	0.2640255730700644	0.17969943042971528	0.2640255730700644	-0.17969943042971528	0.2551697585970587	0.0	
11.725 	0.7358891775307778	0.0	0.27284143627719626	0.17779606048401622	0.27284143627719626	-0.17779606048401622	0.26411082246921863	0.0	
11.75 	0.727065208922848	0.0	0.2814895332496041	0.17501841812740962	0.2814895332496041	-0.17501841812740962	0.27293479107714846	0.0	
11.775 	0.7184015939815126	0.0	0.28992756073842657	0.17138541767840906	0.28992756073842657	-0.17138541767840906	0.2815984060184837	0.0	
11.8 	0.7099405406037819	0.0	0.29811451333030675	0.16692014337888444	0.29811451333030675	-0.16692014337888444	0.2900594593962146	0.0	
11.825 	0.7017230011000823	0.0	0.3060108819803579	0.16164970948633095	0.3060108819803579	-0.16164970948633095	0.2982769988999137	0.0	
11.85 	0.6937884745978554	0.0	0.31357884386530543	0.15560510093337618	0.31357884386530543	-0.15560510093337618	0.3062115254021408	0.0	
11.875 	0.6861748178791381	0.0	0.32078244265077754	0.1488209954686069	0.32078244265077754	-0.1488209954686069	0.31382518212085814	0.0	
11.9 	0.6789180655533757	0.0	0.3275877583201512	0.14133556828068525	0.3275877583201512	-0.14133556828068525	0.3210819344466205	0.0	
11.925 	0.6720522604145182	0.0	0.3339630657697668	0.13319028019007742	0.3339630657697668	-0.13319028019007742	0.32794773958547807	0.0	
11.95 	0.6656092947753076	0.0	0.3398789814363911	0.1244296505691606	0.3398789814363911	-0.1244296505691606	0.33439070522468833	0.0	
11.975 	0.6596187635118467	0.0	0.34530859728721197	0.11510101622165415	0.34530859728721197	-0.11510101622165415	0.3403812364881494	0.0	
12.0 	0.6541078294883619	0.0	0.35022760157005933	0.10525427751592815	0.35022760157005933	-0.10525427751592815	0.3458921705116343	0.0	
12.025 	0.6491011019659155	0.0	0.3546143857916078	0.0949416331234848	0.3546143857916078	-0.0949416331234848	0.3508988980340807	0.0	
12.05 	0.6446205285299699	0.0	0.3584501374636684	0.08421730476354965	0.3584501374636684	-0.08421730476354965	0.3553794714700266	0.0	
12.075 	0.6406853010005792	0.0	0.36171891823195634	0.07313725339702924	0.36171891823195634	-0.07313725339702924	0.3593146989994172	0.0	
12.1 	0.6373117757159206	0.0	0.36440772707753366	0.061758888347922106	0.36440772707753366	-0.061758888347922106	0.3626882242840758	0.0	
12.125 	0.6345134085052526	0.0	0.3665065483581064	0.05014077085747196	0.3665065483581064	-0.05014077085747196	0.36548659149474366	0.0	
12.15 	0.6323007045916129	0.0	0.36800838453409696	0.0383423135958273	0.36800838453409696	-0.0383423135958273	0.36769929540838336	0.0	
12.175 	0.6306811835879996	0.0	0.3689092735025346	0.026423477667662183	0.3689092735025346	-0.026423477667662183	0.3693188164119966	0.0	
12.2 	0.6296593596738299	0.0	0.3692082905399145	0.014444468652098297	0.3692082905399145	-0.014444468652098297	0.3703406403261663	0.0	
12.225 	0.6292367369615177	0.0	0.36890753493287237	0.0024654332133655817	0.36890753493287237	-0.0024654332133655817	0.37076326303847823	0.0	
12.25 	0.6294118199864497	0.0	0.3680121014524303	-0.00945384219299299	0.3680121014524303	0.00945384219299299	0.37058818001354626	0.0	
12.275 	0.6301801391778445	0.0	0.36653003690329555	-0.021254229012833383	0.36653003690329555	0.021254229012833383	0.36981986082215146	0.0	
12.3 	0.6315342910933499	0.0	0.36447228205386634	-0.03287754920626677	0.36447228205386634	0.03287754920626677	0.3684657089066462	0.0	
12.325 	0.6334639931271067	0.0	0.3618525993248552	-0.04426686133598419	0.3618525993248552	0.04426686133598419	0.3665360068728895	0.0	
12.35 	0.6359561523297828	0.0	0.35868748668440786	-0.05536673872759259	0.35868748668440786	0.05536673872759259	0.36404384767021325	0.0	
12.375 	0.6389949479100788	0.0	0.3549960782649494	-0.06612353834660462	0.3549960782649494	0.06612353834660462	0.3610050520899172	0.0	
12.4 	0.6425619269207791	0.0	0.3508000322813827	-0.07648565909142736	0.3508000322813827	0.07648565909142736	0.35743807307921704	0.0	
12.425 	0.6466361125688915	0.0	0.3461234068913875	-0.08640378826269333	0.3461234068913875	0.08640378826269333	0.3533638874311046	0.0	
12.45 	0.6511941245290845	0.0	0.34099252469612584	-0.09583113503622952	0.34099252469612584	0.09583113503622952	0.3488058754709114	0.0	
12.475 	0.6562103105827854	0.0	0.3354358266333682	-0.10472364983949907	0.3354358266333682	0.10472364983949907	0.3437896894172107	0.0	
12.5 	0.6616568888522162	0.0	0.3294837160646566	-0.11304022860907854	0.3294837160646566	0.11304022860907854	0.3383431111477801	0.0	
12.525 	0.6675040998495729	0.0	0.32316839390338253	-0.12074290098922862	0.32316839390338253	0.12074290098922862	0.3324959001504236	0.0	
12.55 	0.6737203675166982	0.0	0.3165236856713581	-0.12779700161843563	0.3165236856713581	0.12779700161843563	0.32627963248329844	0.0	
12.575 	0.680272468390204	0.0	0.3095848614074162	-0.13417132374147747	0.3095848614074162	0.13417132374147747	0.3197275316097926	0.0	
12.6 	0.6871257079912109	0.0	0.30238844938261716	-0.13983825447861814	0.30238844938261716	0.13983825447861814	0.3128742920087858	0.0	
12.625 	0.6942441035078626	0.0	0.29497204460263465	-0.14477389118046	0.29497204460263465	0.14477389118046	0.30575589649213397	0.0	
12.65 	0.701590571812681	0.0	0.2873741130987237	-0.1489581383962723	0.2873741130987237	0.1489581383962723	0.29840942818731536	0.0	
12.675 	0.7091271218357291	0.0	0.27963379302425817	-0.15237478508474253	0.27963379302425817	0.15237478508474253	0.2908728781642673	0.0	
12.7 	0.7168150502985617	0.0	0.27179069358410773	-0.1550115617985338	0.27179069358410773	0.1550115617985338	0.28318494970143454	0.0	
12.725 	0.7246151398030896	0.0	0.26388469282907656	-0.15686017767725027	0.26388469282907656	0.15686017767725027	0.2753848601969067	0.0	
12.75 	0.7324878582637931	0.0	0.2559557353472434	-0.1579163371868629	0.2559557353472434	0.1579163371868629	0.267512141736203	0.0	
12.775 	0.7403935586712166	0.0	0.2480436308783666	-0.15817973664680807	0.2480436308783666	0.15817973664680807	0.2596064413287793	0.0	
12.8 	0.7482926781792858	0.0	0.24018785486658845	-0.1576540406883045	0.24018785486658845	0.1576540406883045	0.25170732182070993	0.0	
12.825 	0.7561459355187091	0.0	0.23242735195058933	-0.1563468388884146	0.23242735195058933	0.1563468388884146	0.24385406448128658	0.0	
12.85 	0.7639145257534306	0.0	0.2248003433692074	-0.154269582923494	0.2248003433692074	0.154269582923494	0.2360854742465651	0.0	
12.875 	0.7715603114167173	0.0	0.21734413923449858	-0.15143750468242342	0.21734413923449858	0.15143750468242342	0.22843968858327826	0.0	
12.9 	0.7790460090878432	0.0	0.21009495659342065	-0.14786951587391406	0.21009495659342065	0.14786951587391406	0.22095399091215248	0.0	
12.925 	0.7863353704993222	0.0	0.20308774416398404	-0.14358808975275378	0.20308774416398404	0.14358808975275378	0.21366462950067333	0.0	
12.95 	0.793393357298081	0.0	0.1963560145920226	-0.13861912567666598	0.1963560145920226	0.13861912567666598	0.20660664270191448	0.0	
12.975 	0.800186308621619	0.0	0.18993168503094326	-0.13299179728806249	0.18993168503094326	0.13299179728806249	0.19981369137837648	0.0	
13.0 	0.8066821006918962	0.0	0.1838449267991632	-0.1267383851929827	0.1838449267991632	0.1267383851929827	0.19331789930809928	0.0	
13.025 	0.8128502976751467	0.0	0.17812402481871767	-0.11989409508255344	0.17812402481871767	0.11989409508255344	0.18714970232484893	0.0	
13.05 	0.8186622931047991	0.0	0.17279524748400898	-0.11249686231002648	0.17279524748400898	0.11249686231002648	0.18133770689519654	0.0	
13.075 	0.8240914412169172	0.0	0.16788272755217598	-0.10458714399854464	0.16788272755217598	0.10458714399854464	0.17590855878307862	0.0	
13.1 	0.8291131776027553	0.0	0.16340835458641975	-0.09620769981096679	0.16340835458641975	0.09620769981096679	0.17088682239724073	0.0	
13.125 	0.8337051286408735	0.0	0.15939167942115176	-0.0874033625630963	0.15939167942115176	0.0874033625630963	0.16629487135912255	0.0	
13.15 	0.8378472092314374	0.0	0.15584983105338754	-0.07822079990529662	0.15584983105338754	0.07822079990529662	0.1621527907685586	0.0	
13.175 	0.8415217084175322	0.0	0.1527974462987363	-0.06870826833455579	0.1527974462987363	0.06870826833455579	0.1584782915824639	0.0	
13.2 	0.8447133625422126	0.0	0.15024661248299764	-0.05891536082943986	0.15024661248299764	0.05891536082943986	0.15528663745778346	0.0	
13.225 	0.8474094156552505	0.0	0.14820682337212956	-0.048892749423944566	0.14820682337212956	0.048892749423944566	0.15259058434474562	0.0	
13.25 	0.8495996669497853	0.0	0.14668494847455887	-0.038691924052943125	0.14668494847455887	0.038691924052943125	0.15040033305021083	0.0	
13.275 	0.8512765050759946	0.0	0.1456852157808335	-0.028364929011705623	0.1456852157808335	0.028364929011705623	0.14872349492400155	0.0	
13.3 	0.8524349292461226	0.0	0.1452092079368181	-0.01796409837483076	0.1452092079368181	0.01796409837483076	0.14756507075387343	0.0	
13.325 	0.8530725571124038	0.0	0.14525587177837448	-0.007541791715925472	0.14525587177837448	0.007541791715925472	0.14692744288759219	0.0	
13.35 	0.8531896194662383	0.0	0.1458215410880868	0.002849868541434533	0.1458215410880868	-0.002849868541434533	0.1468103805337578	0.0	
13.375 	0.8527889418730982	0.0	0.14689997236843808	0.013159256828421034	0.14689997236843808	-0.013159256828421034	0.14721105812689794	0.0	
13.4 	0.8518759134227197	0.0	0.14848239336124297	0.02333549990233981	0.14848239336124297	-0.02333549990233981	0.14812408657727646	0.0	
13.425 	0.8504584428378507	0.0	0.15055756398041556	0.03332872682608617	0.15055756398041556	-0.03332872682608617	0.14954155716214565	0.0	
13.45 	0.8485469022468665	0.0	0.15311184926460542	0.04309031223363684	0.15311184926460542	-0.04309031223363684	0.15145309775312976	0.0	
13.475 	0.8461540589856318	0.0	0.1561293038981622	0.05257311170204013	0.1561293038981622	-0.05257311170204013	0.15384594101436438	0.0	
13.5 	0.8432949958517765	0.0	0.15959176779356163	0.06173168809852275	0.15959176779356163	-0.06173168809852275	0.15670500414821975	0.0	
13.525 	0.8399870202898126	0.0	0.1634789721761065	0.07052252782485866	0.1634789721761065	-0.07052252782485866	0.16001297971018355	0.0	
13.55 	0.836249563037965	0.0	0.167768655562641	0.07890424593972646	0.167768655562641	-0.07890424593972646	0.16375043696203112	0.0	
13.575 	0.8321040668169876	0.0	0.17243668898040804	0.08683777920307982	0.17243668898040804	-0.08683777920307982	0.16789593318300847	0.0	
13.6 	0.8275738656873642	0.0	0.1774572097302372	0.09428656615420962	0.1774572097302372	-0.09428656615420962	0.1724261343126319	0.0	
13.625 	0.8226840557439322	0.0	0.1828027629601552	0.10121671340680995	0.1828027629601552	-0.10121671340680995	0.177315944256064	0.0	
13.65 	0.817461357855936	0.0	0.1884444502814174	0.10759714741957958	0.1884444502814174	-0.10759714741957958	0.18253864214406032	0.0	
13.675 	0.8119339731956434	0.0	0.19435208462900894	0.11339975107928531	0.19435208462900894	-0.11339975107928531	0.18806602680435283	0.0	
13.7 	0.8061314323297931	0.0	0.20049435054296452	0.11859948451436567	0.20049435054296452	-0.11859948451436567	0.1938685676702031	0.0	
13.725 	0.8000844386751585	0.0	0.2068389690255034	0.12317448964063162	0.2068389690255034	-0.12317448964063162	0.19991556132483765	0.0	
13.75 	0.7938247071423106	0.0	0.21335286611203855	0.12710617802598773	0.21335286611203855	-0.12710617802598773	0.20617529285768565	0.0	
13.775 	0.7873847988101477	0.0	0.2200023442816401	0.1303793017479097	0.2200023442816401	-0.1303793017479097	0.21261520118984858	0.0	
13.8 	0.7807979524878853	0.0	0.22675325582453862	0.13298200700522703	0.22675325582453862	-0.13298200700522703	0.21920204751211086	0.0	
13.825 	0.7740979140309098	0.0	0.23357117728074575	0.1349058703341249	0.23357117728074575	-0.1349058703341249	0.22590208596908654	0.0	
13.85 	0.7673187642821928	0.0	0.2404215840648269	0.13614591736675288	0.2404215840648269	-0.13614591736675288	0.23268123571780336	0.0	
13.875 	0.7604947465118433	0.0	0.24727002439723886	0.13670062415896736	0.24727002439723886	-0.13670062415896736	0.23950525348815296	0.0	
13.9 	0.753660094223848	0.0	0.2540822916723879	0.13657190120110288	0.2540822916723879	-0.13657190120110288	0.2463399057761481	0.0	
13.925 	0.7468488601912108	0.0	0.26082459440757894	0.13576506031183652	0.26082459440757894	-0.13576506031183652	0.2531511398087853	0.0	
13.95 	0.7400947475685629	0.0	0.26746372293521886	0.13428876469975892	0.26746372293521886	-0.13428876469975892	0.25990525243143325	0.0	
13.975 	0.7334309439150235	0.0	0.27396721202287816	0.1321549625597877	0.27396721202287816	-0.1321549625597877	0.2665690560849726	0.0	
14.0 	0.7268899589397143	0.0	0.28030349863197007	0.12937880465166088	0.28030349863197007	-0.12937880465166088	0.27311004106028164	0.0	
14.025 	0.7205034667580266	0.0	0.2864420740557094	0.12597854638504322	0.2864420740557094	-0.12597854638504322	0.27949653324196916	0.0	
14.05 	0.7143021534186451	0.0	0.29235362971049844	0.12197543500991447	0.29235362971049844	-0.12197543500991447	0.2856978465813506	0.0	
14.075 	0.7083155704296192	0.0	0.298010195891757	0.11739358258152634	0.298010195891757	-0.11739358258152634	0.2916844295703764	0.0	
14.1 	0.7025719949766215	0.0	0.30338527284526584	0.11225982543600244	0.30338527284526584	-0.11225982543600244	0.29742800502337413	0.0	
14.125 	0.6970982974881439	0.0	0.3084539535481073	0.1066035709752964	0.3084539535481073	-0.1066035709752964	0.30290170251185145	0.0	
14.15 	0.6919198171609767	0.0	0.3131930376390357	0.10045663261844186	0.3131930376390357	-0.10045663261844186	0.3080801828390187	0.0	
14.175 	0.6870602460151016	0.0	0.31758113598634324	0.09385305382956273	0.31758113598634324	-0.09385305382956273	0.3129397539848937	0.0	
14.2 	0.6825415220003821	0.0	0.321598765431756	0.08682892218172691	0.321598765431756	-0.08682892218172691	0.31745847799961324	0.0	
14.225 	0.6783837316283597	0.0	0.32522843330134205	0.07942217445921404	0.32522843330134205	-0.07942217445921404	0.32161626837163565	0.0	
14.25 	0.6746050225513679	0.0	0.32845471132855236	0.07167239383894274	0.32845471132855236	-0.07167239383894274	0.3253949774486275	0.0	
14.275 	0.6712215264582921	0.0	0.3312642986900878	0.06362060022451105	0.3312642986900878	-0.06362060022451105	0.32877847354170336	0.0	
14.3 	0.6682472926019334	0.0	0.33364607391199524	0.055309034833413075	0.33364607391199524	-0.055309034833413075	0.33175270739806206	0.0	
14.325 	0.6656942322173448	0.0	0.33559113546096264	0.0467809401594089	0.33559113546096264	-0.0467809401594089	0.3343057677826507	0.0	
14.35 	0.6635720740339938	0.0	0.33709283089391173	0.03808033644766783	0.33709283089391173	-0.03808033644766783	0.3364279259660018	0.0	
14.375 	0.6618883310274569	0.0	0.33814677449739483	0.029251795830135117	0.33814677449739483	-0.029251795830135117	0.3381116689725385	0.0	
14.4 	0.6606482784988522	0.0	0.33875085340668787	0.020340215272574874	0.33875085340668787	-0.020340215272574874	0.33935172150114323	0.0	
14.425 	0.6598549435126652	0.0	0.338905222252551	0.01139058948292999	0.338905222252551	-0.01139058948292999	0.34014505648733007	0.0	
14.45 	0.6595091056663079	0.0	0.33861228644111196	0.0024477849230576114	0.33861228644111196	-0.0024477849230576114	0.3404908943336873	0.0	
14.475 	0.6596093091079555	0.0	0.3378766742289301	-0.006443683947383677	0.3378766742289301	0.006443683947383677	0.34039069089203977	0.0	
14.5 	0.6601518856632149	0.0	0.3367051978107441	-0.015239875085001393	0.3367051978107441	0.015239875085001393	0.3398481143367803	0.0	
14.525 	0.6611309888762738	0.0	0.3351068036914191	-0.02389763484915425	0.3351068036914191	0.02389763484915425	0.3388690111237214	0.0	
14.55 	0.6625386387176168	0.0	0.33309251266592743	-0.03237480850499411	0.33309251266592743	0.03237480850499411	0.3374613612823783	0.0	
14.575 	0.6643647766584585	0.0	0.3306753497815629	-0.0406304442220207	0.3306753497815629	0.0406304442220207	0.33563522334153667	0.0	
14.6 	0.6665973307619577	0.0	0.32787026470476277	-0.04862498958685753	0.32787026470476277	0.04862498958685753	0.33340266923803746	0.0	
14.625 	0.6692222903933117	0.0	0.3246940429606505	-0.056320479693416275	0.3246940429606505	0.056320479693416275	0.33077770960668346	0.0	
14.65 	0.6722237901051867	0.0	0.3211652085565101	-0.06368071592253109	0.3211652085565101	0.06368071592253109	0.3277762098948087	0.0	
14.675 	0.6755842022118581	0.0	0.31730391854063783	-0.07067143457623959	0.31730391854063783	0.07067143457623959	0.32441579778813723	0.0	
14.7 	0.6792842375251048	0.0	0.3131318500852124	-0.07726046458887073	0.3131318500852124	0.07726046458887073	0.3207157624748906	0.0	
14.725 	0.6833030536875015	0.0	0.3086720807157926	-0.0834178735976594	0.3086720807157926	0.0834178735976594	0.3166969463124941	0.0	
14.75 	0.6876183705044799	0.0	0.3039489623406446	-0.08911610171941257	0.3039489623406446	0.08911610171941257	0.3123816294955157	0.0	
14.775 	0.6922065916455089	0.0	0.298987989760171	-0.09433008244646057	0.298987989760171	0.09433008244646057	0.3077934083544867	0.0	
14.8 	0.6970429320571239	0.0	0.293815664360146	-0.09903735014437724	0.293815664360146	0.09903735014437724	0.3029570679428717	0.0	
14.825 	0.7021015504064425	0.0	0.2884593537121471	-0.10321813370537981	0.2884593537121471	0.10321813370537981	0.29789844959355305	0.0	
14.85 	0.7073556858533192	0.0	0.28294714782043606	-0.10685543598453942	0.28294714782043606	0.10685543598453942	0.29264431414667635	0.0	
14.875 	0.7127777984325107	0.0	0.27730771276651783	-0.1099350987205621	0.27730771276651783	0.1099350987205621	0.28722220156748496	0.0	
14.9 	0.7183397123141981	0.0	0.2715701425106516	-0.11244585271854547	0.2715701425106516	0.11244585271854547	0.2816602876857975	0.0	
14.925 	0.7240127612019901	0.0	0.265763809613688	-0.11437935314837971	0.265763809613688	0.11437935314837971	0.27598723879800546	0.0	
14.95 	0.7297679351221201	0.0	0.2599182156427586	-0.11573019988895097	0.2599182156427586	0.11573019988895097	0.2702320648778753	0.0	
14.975 	0.7355760278559782	0.0	0.2540628420205673	-0.11649594292461844	0.2540628420205673	0.11649594292461844	0.26442397214401725	0.0	
