    0.000000e+00             nan
    2.000000e-02    7.555852e-05
    4.000000e-02    8.865183e-04
    6.000000e-02    3.390373e-03
    8.000000e-02    8.154743e-03
    1.000000e-01    1.524128e-02
    1.200000e-01    2.437406e-02
    1.400000e-01    3.512188e-02
    1.600000e-01    4.702333e-02
    1.800000e-01    5.965190e-02
    2.000000e-01    7.264778e-02
    2.200000e-01    8.573101e-02
    2.400000e-01    9.869421e-02
    2.600000e-01    1.113885e-01
    2.800000e-01    1.237102e-01
    3.000000e-01    1.355911e-01
    3.200000e-01    1.469914e-01
    3.400000e-01    1.578927e-01
    3.600000e-01    1.682907e-01
    3.800000e-01    1.781913e-01
    4.000000e-01    1.876080e-01
    4.200000e-01    1.965600e-01
    4.400000e-01    2.050699e-01
    4.600000e-01    2.131615e-01
    4.800000e-01    2.208587e-01
    5.000000e-01    2.281850e-01
    5.200000e-01    2.351631e-01
    5.400000e-01    2.418150e-01
    5.600000e-01    2.481616e-01
    5.800000e-01    2.542228e-01
    6.000000e-01    2.600170e-01
    6.200000e-01    2.655614e-01
    6.400000e-01    2.708715e-01
    6.600000e-01    2.759619e-01
    6.800000e-01    2.808463e-01
    7.000000e-01    2.855372e-01
    7.200000e-01    2.900466e-01
    7.400000e-01    2.943856e-01
    7.600000e-01    2.985649e-01
    7.800000e-01    3.025942e-01
    8.000000e-01    3.064816e-01
    8.200000e-01    3.102347e-01
    8.400000e-01    3.138612e-01
    8.600000e-01    3.173685e-01
    8.800000e-01    3.207634e-01
    9.000000e-01    3.240524e-01
    9.200000e-01    3.272410e-01
    9.400000e-01    3.303347e-01
    9.600000e-01    3.333383e-01
    9.800000e-01    3.362564e-01
    1.000000e+00    3.390932e-01
    1.020000e+00    3.418527e-01
    1.040000e+00    3.445385e-01
    1.060000e+00    3.471541e-01
    1.080000e+00    3.497028e-01
    1.100000e+00    3.521875e-01
    1.120000e+00    3.546110e-01
    1.140000e+00    3.569759e-01
    1.160000e+00    3.592843e-01
    1.180000e+00    3.615387e-01
    1.200000e+00    3.637413e-01
    1.220000e+00    3.658941e-01
    1.240000e+00    3.679993e-01
    1.260000e+00    3.700586e-01
    1.280000e+00    3.720737e-01
    1.300000e+00    3.740465e-01
    1.320000e+00    3.759783e-01
    1.340000e+00    3.778710e-01
    1.360000e+00    3.797257e-01
    1.380000e+00    3.815436e-01
    1.400000e+00    3.833254e-01
    1.420000e+00    3.850723e-01
    1.440000e+00    3.867857e-01
    1.460000e+00    3.884670e-01
    1.480000e+00    3.901175e-01
    1.500000e+00    3.917381e-01
    1.520000e+00    3.933300e-01
    1.540000e+00    3.948940e-01
    1.560000e+00    3.964312e-01
    1.580000e+00    3.979424e-01
    1.600000e+00    3.994285e-01
    1.620000e+00    4.008904e-01
    1.640000e+00    4.023287e-01
    1.660000e+00    4.037442e-01
    1.680000e+00    4.051374e-01
    1.700000e+00    4.065091e-01
    1.720000e+00    4.078599e-01
    1.740000e+00    4.091903e-01
    1.760000e+00    4.105010e-01
    1.780000e+00    4.117925e-01
    1.800000e+00    4.130650e-01
    1.820000e+00    4.143189e-01
    1.840000e+00    4.155545e-01
    1.860000e+00    4.167724e-01
    1.880000e+00    4.179730e-01
    1.900000e+00    4.191567e-01
    1.920000e+00    4.203237e-01
    1.940000e+00    4.214743e-01
    1.960000e+00    4.226089e-01
    1.980000e+00    4.237279e-01
    2.000000e+00    4.248316e-01
    2.020000e+00    4.259206e-01
    2.040000e+00    4.269951e-01
    2.060000e+00    4.280555e-01
    2.080000e+00    4.291021e-01
    2.100000e+00    4.301354e-01
    2.120000e+00    4.311555e-01
    2.140000e+00    4.321629e-01
    2.160000e+00    4.331580e-01
    2.180000e+00    4.341410e-01
    2.200000e+00    4.351124e-01
    2.220000e+00    4.360726e-01
    2.240000e+00    4.370219e-01
    2.260000e+00    4.379605e-01
    2.280000e+00    4.388889e-01
    2.300000e+00    4.398070e-01
    2.320000e+00    4.407150e-01
    2.340000e+00    4.416133e-01
    2.360000e+00    4.425019e-01
    2.380000e+00    4.433812e-01
    2.400000e+00    4.442513e-01
    2.420000e+00    4.451125e-01
    2.440000e+00    4.459649e-01
    2.460000e+00    4.468087e-01
    2.480000e+00    4.476442e-01
    2.500000e+00    4.484716e-01
    2.520000e+00    4.492912e-01
    2.540000e+00    4.501030e-01
    2.560000e+00    4.509074e-01
    2.580000e+00    4.517045e-01
    2.600000e+00    4.524945e-01
    2.620000e+00    4.532774e-01
    2.640000e+00    4.540534e-01
    2.660000e+00    4.548226e-01
    2.680000e+00    4.555850e-01
    2.700000e+00    4.563407e-01
    2.720000e+00    4.570899e-01
    2.740000e+00    4.578325e-01
    2.760000e+00    4.585687e-01
    2.780000e+00    4.592985e-01
    2.800000e+00    4.600220e-01
    2.820000e+00    4.607393e-01
    2.840000e+00    4.614506e-01
    2.860000e+00    4.621559e-01
    2.880000e+00    4.628554e-01
    2.900000e+00    4.635490e-01
    2.920000e+00    4.642369e-01
    2.940000e+00    4.649193e-01
    2.960000e+00    4.655962e-01
    2.980000e+00    4.662677e-01
    3.000000e+00    4.669337e-01
    3.020000e+00    4.675942e-01
    3.040000e+00    4.682493e-01
    3.060000e+00    4.688990e-01
    3.080000e+00    4.695436e-01
    3.100000e+00    4.701832e-01
    3.120000e+00    4.708178e-01
    3.140000e+00    4.714475e-01
    3.160000e+00    4.720725e-01
    3.180000e+00    4.726928e-01
    3.200000e+00    4.733084e-01
    3.220000e+00    4.739194e-01
    3.240000e+00    4.745257e-01
    3.260000e+00    4.751276e-01
    3.280000e+00    4.757248e-01
    3.300000e+00    4.763176e-01
    3.320000e+00    4.769059e-01
    3.340000e+00    4.774898e-01
    3.360000e+00    4.780693e-01
    3.380000e+00    4.786445e-01
    3.400000e+00    4.792154e-01
    3.420000e+00    4.797821e-01
    3.440000e+00    4.803446e-01
    3.460000e+00    4.809031e-01
    3.480000e+00    4.814575e-01
    3.500000e+00    4.820079e-01
    3.520000e+00    4.825543e-01
    3.540000e+00    4.830966e-01
    3.560000e+00    4.836350e-01
    3.580000e+00    4.841694e-01
    3.600000e+00    4.846999e-01
    3.620000e+00    4.852266e-01
    3.640000e+00    4.857494e-01
    3.660000e+00    4.862683e-01
    3.680000e+00    4.867835e-01
    3.700000e+00    4.872950e-01
    3.720000e+00    4.878028e-01
    3.740000e+00    4.883069e-01
    3.760000e+00    4.888074e-01
    3.780000e+00    4.893045e-01
    3.800000e+00    4.897981e-01
    3.820000e+00    4.902881e-01
    3.840000e+00    4.907742e-01
    3.860000e+00    4.912563e-01
    3.880000e+00    4.917342e-01
    3.900000e+00    4.922079e-01
    3.920000e+00    4.926776e-01
    3.940000e+00    4.931433e-01
    3.960000e+00    4.936054e-01
    3.980000e+00    4.940639e-01
    4.000000e+00    4.945189e-01
    4.020000e+00    4.949708e-01
    4.040000e+00    4.954195e-01
    4.060000e+00    4.958652e-01
    4.080000e+00    4.963082e-01
    4.100000e+00    4.967484e-01
    4.120000e+00    4.971860e-01
    4.140000e+00    4.976212e-01
    4.160000e+00    4.980541e-01
    4.180000e+00    4.984847e-01
    4.200000e+00    4.989132e-01
    4.220000e+00    4.993397e-01
    4.240000e+00    4.997645e-01
    4.260000e+00    5.001873e-01
    4.280000e+00    5.006081e-01
    4.300000e+00    5.010268e-01
    4.320000e+00    5.014435e-01
    4.340000e+00    5.018584e-01
    4.360000e+00    5.022713e-01
    4.380000e+00    5.026824e-01
    4.400000e+00    5.030917e-01
    4.420000e+00    5.034990e-01
    4.440000e+00    5.039046e-01
    4.460000e+00    5.043082e-01
    4.480000e+00    5.047100e-01
    4.500000e+00    5.051099e-01
    4.520000e+00    5.055080e-01
    4.540000e+00    5.059043e-01
    4.560000e+00    5.062987e-01
    4.580000e+00    5.066912e-01
    4.600000e+00    5.070819e-01
    4.620000e+00    5.074707e-01
    4.640000e+00    5.078576e-01
    4.660000e+00    5.082426e-01
    4.680000e+00    5.086257e-01
    4.700000e+00    5.090069e-01
    4.720000e+00    5.093861e-01
    4.740000e+00    5.097635e-01
    4.760000e+00    5.101389e-01
    4.780000e+00    5.105125e-01
    4.800000e+00    5.108842e-01
    4.820000e+00    5.112541e-01
    4.840000e+00    5.116221e-01
    4.860000e+00    5.119884e-01
    4.880000e+00    5.123529e-01
    4.900000e+00    5.127156e-01
    4.920000e+00    5.130765e-01
    4.940000e+00    5.134357e-01
    4.960000e+00    5.137932e-01
    4.980000e+00    5.141490e-01
    5.000000e+00    5.145031e-01
    5.020000e+00    5.148555e-01
    5.040000e+00    5.152063e-01
    5.060000e+00    5.155553e-01
    5.080000e+00    5.159026e-01
    5.100000e+00    5.162482e-01
    5.120000e+00    5.165921e-01
    5.140000e+00    5.169343e-01
    5.160000e+00    5.172748e-01
    5.180000e+00    5.176137e-01
    5.200000e+00    5.179509e-01
    5.220000e+00    5.182864e-01
    5.240000e+00    5.186204e-01
    5.260000e+00    5.189529e-01
    5.280000e+00    5.192841e-01
    5.300000e+00    5.196139e-01
    5.320000e+00    5.199425e-01
    5.340000e+00    5.202699e-01
    5.360000e+00    5.205960e-01
    5.380000e+00    5.209210e-01
    5.400000e+00    5.212447e-01
    5.420000e+00    5.215673e-01
    5.440000e+00    5.218885e-01
    5.460000e+00    5.222085e-01
    5.480000e+00    5.225272e-01
    5.500000e+00    5.228445e-01
    5.520000e+00    5.231606e-01
    5.540000e+00    5.234754e-01
    5.560000e+00    5.237890e-01
    5.580000e+00    5.241012e-01
    5.600000e+00    5.244123e-01
    5.620000e+00    5.247222e-01
    5.640000e+00    5.250310e-01
    5.660000e+00    5.253387e-01
    5.680000e+00    5.256454e-01
    5.700000e+00    5.259511e-01
    5.720000e+00    5.262558e-01
    5.740000e+00    5.265594e-01
    5.760000e+00    5.268620e-01
    5.780000e+00    5.271635e-01
    5.800000e+00    5.274640e-01
    5.820000e+00    5.277635e-01
    5.840000e+00    5.280619e-01
    5.860000e+00    5.283593e-01
    5.880000e+00    5.286556e-01
    5.900000e+00    5.289509e-01
    5.920000e+00    5.292451e-01
    5.940000e+00    5.295383e-01
    5.960000e+00    5.298304e-01
    5.980000e+00    5.301215e-01
    6.000000e+00    5.304114e-01
    6.020000e+00    5.307003e-01
    6.040000e+00    5.309880e-01
    6.060000e+00    5.312745e-01
    6.080000e+00    5.315599e-01
    6.100000e+00    5.318440e-01
    6.120000e+00    5.321270e-01
    6.140000e+00    5.324088e-01
    6.160000e+00    5.326894e-01
    6.180000e+00    5.329688e-01
    6.200000e+00    5.332471e-01
    6.220000e+00    5.335241e-01
    6.240000e+00    5.337999e-01
    6.260000e+00    5.340746e-01
    6.280000e+00    5.343481e-01
    6.300000e+00    5.346205e-01
    6.320000e+00    5.348918e-01
    6.340000e+00    5.351620e-01
    6.360000e+00    5.354310e-01
    6.380000e+00    5.356990e-01
    6.400000e+00    5.359659e-01
    6.420000e+00    5.362317e-01
    6.440000e+00    5.364964e-01
    6.460000e+00    5.367601e-01
    6.480000e+00    5.370228e-01
    6.500000e+00    5.372845e-01
    6.520000e+00    5.375454e-01
    6.540000e+00    5.378054e-01
    6.560000e+00    5.380645e-01
    6.580000e+00    5.383228e-01
    6.600000e+00    5.385802e-01
    6.620000e+00    5.388368e-01
    6.640000e+00    5.390925e-01
    6.660000e+00    5.393473e-01
    6.680000e+00    5.396013e-01
    6.700000e+00    5.398544e-01
    6.720000e+00    5.401066e-01
    6.740000e+00    5.403579e-01
    6.760000e+00    5.406084e-01
    6.780000e+00    5.408579e-01
    6.800000e+00    5.411066e-01
    6.820000e+00    5.413544e-01
    6.840000e+00    5.416012e-01
    6.860000e+00    5.418472e-01
    6.880000e+00    5.420923e-01
    6.900000e+00    5.423365e-01
    6.920000e+00    5.425799e-01
    6.940000e+00    5.428223e-01
    6.960000e+00    5.430639e-01
    6.980000e+00    5.433046e-01
    7.000000e+00    5.435443e-01
    7.020000e+00    5.437833e-01
    7.040000e+00    5.440213e-01
    7.060000e+00    5.442585e-01
    7.080000e+00    5.444949e-01
    7.100000e+00    5.447303e-01
    7.120000e+00    5.449649e-01
    7.140000e+00    5.451986e-01
    7.160000e+00    5.454315e-01
    7.180000e+00    5.456636e-01
    7.200000e+00    5.458948e-01
    7.220000e+00    5.461253e-01
    7.240000e+00    5.463549e-01
    7.260000e+00    5.465837e-01
    7.280000e+00    5.468118e-01
    7.300000e+00    5.470390e-01
    7.320000e+00    5.472655e-01
    7.340000e+00    5.474911e-01
    7.360000e+00    5.477160e-01
    7.380000e+00    5.479400e-01
    7.400000e+00    5.481632e-01
    7.420000e+00    5.483856e-01
    7.440000e+00    5.486072e-01
    7.460000e+00    5.488279e-01
    7.480000e+00    5.490479e-01
    7.500000e+00    5.492671e-01
    7.520000e+00    5.494854e-01
    7.540000e+00    5.497030e-01
    7.560000e+00    5.499198e-01
    7.580000e+00    5.501358e-01
    7.600000e+00    5.503510e-01
    7.620000e+00    5.505655e-01
    7.640000e+00    5.507791e-01
    7.660000e+00    5.509920e-01
    7.680000e+00    5.512041e-01
    7.700000e+00    5.514154e-01
    7.720000e+00    5.516260e-01
    7.740000e+00    5.518358e-01
    7.760000e+00    5.520448e-01
    7.780000e+00    5.522530e-01
    7.800000e+00    5.524605e-01
    7.820000e+00    5.526673e-01
    7.840000e+00    5.528733e-01
    7.860000e+00    5.530785e-01
    7.880000e+00    5.532830e-01
    7.900000e+00    5.534868e-01
    7.920000e+00    5.536899e-01
    7.940000e+00    5.538922e-01
    7.960000e+00    5.540938e-01
    7.980000e+00    5.542948e-01
    8.000000e+00    5.544951e-01
    8.020000e+00    5.546947e-01
    8.040000e+00    5.548937e-01
    8.060000e+00    5.550922e-01
    8.080000e+00    5.552902e-01
    8.100000e+00    5.554876e-01
    8.120000e+00    5.556845e-01
    8.140000e+00    5.558809e-01
    8.160000e+00    5.560768e-01
    8.180000e+00    5.562722e-01
    8.200000e+00    5.564671e-01
    8.220000e+00    5.566615e-01
    8.240000e+00    5.568555e-01
    8.260000e+00    5.570489e-01
    8.280000e+00    5.572418e-01
    8.300000e+00    5.574341e-01
    8.320000e+00    5.576259e-01
    8.340000e+00    5.578172e-01
    8.360000e+00    5.580079e-01
    8.380000e+00    5.581981e-01
    8.400000e+00    5.583877e-01
    8.420000e+00    5.585768e-01
    8.440000e+00    5.587653e-01
    8.460000e+00    5.589534e-01
    8.480000e+00    5.591409e-01
    8.500000e+00    5.593279e-01
    8.520000e+00    5.595145e-01
    8.540000e+00    5.597004e-01
    8.560000e+00    5.598858e-01
    8.580000e+00    5.600706e-01
    8.600000e+00    5.602548e-01
    8.620000e+00    5.604384e-01
    8.640000e+00    5.606214e-01
    8.660000e+00    5.608038e-01
    8.680000e+00    5.609857e-01
    8.700000e+00    5.611669e-01
    8.720000e+00    5.613475e-01
    8.740000e+00    5.615275e-01
    8.760000e+00    5.617070e-01
    8.780000e+00    5.618858e-01
    8.800000e+00    5.620641e-01
    8.820000e+00    5.622418e-01
    8.840000e+00    5.624189e-01
    8.860000e+00    5.625954e-01
    8.880000e+00    5.627714e-01
    8.900000e+00    5.629468e-01
    8.920000e+00    5.631216e-01
    8.940000e+00    5.632959e-01
    8.960000e+00    5.634695e-01
    8.980000e+00    5.636427e-01
    9.000000e+00    5.638152e-01
    9.020000e+00    5.639872e-01
    9.040000e+00    5.641587e-01
    9.060000e+00    5.643296e-01
    9.080000e+00    5.644999e-01
    9.100000e+00    5.646698e-01
    9.120000e+00    5.648391e-01
    9.140000e+00    5.650079e-01
    9.160000e+00    5.651762e-01
    9.180000e+00    5.653440e-01
    9.200000e+00    5.655113e-01
    9.220000e+00    5.656780e-01
    9.240000e+00    5.658440e-01
    9.260000e+00    5.660092e-01
    9.280000e+00    5.661737e-01
    9.300000e+00    5.663374e-01
    9.320000e+00    5.665003e-01
    9.340000e+00    5.666624e-01
    9.360000e+00    5.668239e-01
    9.380000e+00    5.669847e-01
    9.400000e+00    5.671448e-01
    9.420000e+00    5.673044e-01
    9.440000e+00    5.674635e-01
    9.460000e+00    5.676221e-01
    9.480000e+00    5.677803e-01
    9.500000e+00    5.679381e-01
    9.520000e+00    5.680955e-01
    9.540000e+00    5.682525e-01
    9.560000e+00    5.684090e-01
    9.580000e+00    5.685651e-01
    9.600000e+00    5.687208e-01
    9.620000e+00    5.688761e-01
    9.640000e+00    5.690310e-01
    9.660000e+00    5.691854e-01
    9.680000e+00    5.693394e-01
    9.700000e+00    5.694930e-01
    9.720000e+00    5.696462e-01
    9.740000e+00    5.697990e-01
    9.760000e+00    5.699513e-01
    9.780000e+00    5.701032e-01
    9.800000e+00    5.702547e-01
    9.820000e+00    5.704058e-01
    9.840000e+00    5.705564e-01
    9.860000e+00    5.707067e-01
    9.880000e+00    5.708565e-01
    9.900000e+00    5.710059e-01
    9.920000e+00    5.711549e-01
    9.940000e+00    5.713035e-01
    9.960000e+00    5.714517e-01
    9.980000e+00    5.715995e-01
    1.000000e+01    5.717469e-01
    1.002000e+01    5.718939e-01
    1.004000e+01    5.720405e-01
    1.006000e+01    5.721867e-01
    1.008000e+01    5.723325e-01
    1.010000e+01    5.724778e-01
    1.012000e+01    5.726228e-01
    1.014000e+01    5.727672e-01
    1.016000e+01    5.729113e-01
    1.018000e+01    5.730549e-01
    1.020000e+01    5.731980e-01
    1.022000e+01    5.733408e-01
    1.024000e+01    5.734831e-01
    1.026000e+01    5.736250e-01
    1.028000e+01    5.737665e-01
    1.030000e+01    5.739075e-01
    1.032000e+01    5.740482e-01
    1.034000e+01    5.741884e-01
    1.036000e+01    5.743282e-01
    1.038000e+01    5.744676e-01
    1.040000e+01    5.746066e-01
    1.042000e+01    5.747452e-01
    1.044000e+01    5.748834e-01
    1.046000e+01    5.750212e-01
    1.048000e+01    5.751586e-01
    1.050000e+01    5.752955e-01
    1.052000e+01    5.754321e-01
    1.054000e+01    5.755683e-01
    1.056000e+01    5.757040e-01
    1.058000e+01    5.758393e-01
    1.060000e+01    5.759742e-01
    1.062000e+01    5.761087e-01
    1.064000e+01    5.762428e-01
    1.066000e+01    5.763765e-01
    1.068000e+01    5.765097e-01
    1.070000e+01    5.766426e-01
    1.072000e+01    5.767751e-01
    1.074000e+01    5.769071e-01
    1.076000e+01    5.770388e-01
    1.078000e+01    5.771700e-01
    1.080000e+01    5.773008e-01
    1.082000e+01    5.774312e-01
    1.084000e+01    5.775612e-01
    1.086000e+01    5.776908e-01
    1.088000e+01    5.778200e-01
    1.090000e+01    5.779489e-01
    1.092000e+01    5.780774e-01
    1.094000e+01    5.782054e-01
    1.096000e+01    5.783332e-01
    1.098000e+01    5.784605e-01
    1.100000e+01    5.785875e-01
    1.102000e+01    5.787141e-01
    1.104000e+01    5.788403e-01
    1.106000e+01    5.789662e-01
    1.108000e+01    5.790917e-01
    1.110000e+01    5.792168e-01
    1.112000e+01    5.793416e-01
    1.114000e+01    5.794660e-01
    1.116000e+01    5.795901e-01
    1.118000e+01    5.797138e-01
    1.120000e+01    5.798372e-01
    1.122000e+01    5.799602e-01
    1.124000e+01    5.800829e-01
    1.126000e+01    5.802053e-01
    1.128000e+01    5.803273e-01
    1.130000e+01    5.804490e-01
    1.132000e+01    5.805703e-01
    1.134000e+01    5.806913e-01
    1.136000e+01    5.808120e-01
    1.138000e+01    5.809324e-01
    1.140000e+01    5.810525e-01
    1.142000e+01    5.811723e-01
    1.144000e+01    5.812920e-01
    1.146000e+01    5.814115e-01
    1.148000e+01    5.815309e-01
    1.150000e+01    5.816501e-01
    1.152000e+01    5.817692e-01
    1.154000e+01    5.818881e-01
    1.156000e+01    5.820068e-01
    1.158000e+01    5.821254e-01
    1.160000e+01    5.822437e-01
    1.162000e+01    5.823617e-01
    1.164000e+01    5.824795e-01
    1.166000e+01    5.825971e-01
    1.168000e+01    5.827143e-01
    1.170000e+01    5.828313e-01
    1.172000e+01    5.829479e-01
    1.174000e+01    5.830642e-01
    1.176000e+01    5.831802e-01
    1.178000e+01    5.832959e-01
    1.180000e+01    5.834112e-01
    1.182000e+01    5.835262e-01
    1.184000e+01    5.836409e-01
    1.186000e+01    5.837552e-01
    1.188000e+01    5.838693e-01
    1.190000e+01    5.839830e-01
    1.192000e+01    5.840964e-01
    1.194000e+01    5.842094e-01
    1.196000e+01    5.843222e-01
    1.198000e+01    5.844346e-01
    1.200000e+01    5.845467e-01
    1.202000e+01    5.846585e-01
    1.204000e+01    5.847700e-01
    1.206000e+01    5.848811e-01
    1.208000e+01    5.849920e-01
    1.210000e+01    5.851025e-01
    1.212000e+01    5.852126e-01
    1.214000e+01    5.853225e-01
    1.216000e+01    5.854320e-01
    1.218000e+01    5.855413e-01
    1.220000e+01    5.856502e-01
    1.222000e+01    5.857588e-01
    1.224000e+01    5.858671e-01
    1.226000e+01    5.859751e-01
    1.228000e+01    5.860828e-01
    1.230000e+01    5.861902e-01
    1.232000e+01    5.862973e-01
    1.234000e+01    5.864041e-01
    1.236000e+01    5.865106e-01
    1.238000e+01    5.866168e-01
    1.240000e+01    5.867227e-01
    1.242000e+01    5.868283e-01
    1.244000e+01    5.869336e-01
    1.246000e+01    5.870386e-01
    1.248000e+01    5.871434e-01
    1.250000e+01    5.872478e-01
    1.252000e+01    5.873519e-01
    1.254000e+01    5.874558e-01
    1.256000e+01    5.875593e-01
    1.258000e+01    5.876626e-01
    1.260000e+01    5.877656e-01
    1.262000e+01    5.878682e-01
    1.264000e+01    5.879706e-01
    1.266000e+01    5.880727e-01
    1.268000e+01    5.881745e-01
    1.270000e+01    5.882760e-01
    1.272000e+01    5.883772e-01
    1.274000e+01    5.884781e-01
    1.276000e+01    5.885788e-01
    1.278000e+01    5.886791e-01
    1.280000e+01    5.887792e-01
    1.282000e+01    5.888789e-01
    1.284000e+01    5.889784e-01
    1.286000e+01    5.890776e-01
    1.288000e+01    5.891765e-01
    1.290000e+01    5.892751e-01
    1.292000e+01    5.893735e-01
    1.294000e+01    5.894716e-01
    1.296000e+01    5.895694e-01
    1.298000e+01    5.896670e-01
    1.300000e+01    5.897643e-01
    1.302000e+01    5.898613e-01
    1.304000e+01    5.899581e-01
    1.306000e+01    5.900545e-01
    1.308000e+01    5.901507e-01
    1.310000e+01    5.902465e-01
    1.312000e+01    5.903420e-01
    1.314000e+01    5.904371e-01
    1.316000e+01    5.905319e-01
    1.318000e+01    5.906264e-01
    1.320000e+01    5.907206e-01
    1.322000e+01    5.908144e-01
    1.324000e+01    5.909079e-01
    1.326000e+01    5.910011e-01
    1.328000e+01    5.910940e-01
    1.330000e+01    5.911866e-01
    1.332000e+01    5.912789e-01
    1.334000e+01    5.913709e-01
    1.336000e+01    5.914625e-01
    1.338000e+01    5.915539e-01
    1.340000e+01    5.916450e-01
    1.342000e+01    5.917358e-01
    1.344000e+01    5.918264e-01
    1.346000e+01    5.919166e-01
    1.348000e+01    5.920065e-01
    1.350000e+01    5.920962e-01
    1.352000e+01    5.921856e-01
    1.354000e+01    5.922747e-01
    1.356000e+01    5.923635e-01
    1.358000e+01    5.924520e-01
    1.360000e+01    5.925403e-01
    1.362000e+01    5.926283e-01
    1.364000e+01    5.927160e-01
    1.366000e+01    5.928034e-01
    1.368000e+01    5.928906e-01
    1.370000e+01    5.929775e-01
    1.372000e+01    5.930642e-01
    1.374000e+01    5.931506e-01
    1.376000e+01    5.932367e-01
    1.378000e+01    5.933226e-01
    1.380000e+01    5.934082e-01
    1.382000e+01    5.934935e-01
    1.384000e+01    5.935786e-01
    1.386000e+01    5.936634e-01
    1.388000e+01    5.937479e-01
    1.390000e+01    5.938322e-01
    1.392000e+01    5.939162e-01
    1.394000e+01    5.940000e-01
    1.396000e+01    5.940834e-01
    1.398000e+01    5.941667e-01
    1.400000e+01    5.942496e-01
    1.402000e+01    5.943323e-01
    1.404000e+01    5.944147e-01
    1.406000e+01    5.944969e-01
    1.408000e+01    5.945787e-01
    1.410000e+01    5.946603e-01
    1.412000e+01    5.947416e-01
    1.414000e+01    5.948227e-01
    1.416000e+01    5.949034e-01
    1.418000e+01    5.949839e-01
    1.420000e+01    5.950641e-01
    1.422000e+01    5.951440e-01
    1.424000e+01    5.952236e-01
    1.426000e+01    5.953030e-01
    1.428000e+01    5.953821e-01
    1.430000e+01    5.954610e-01
    1.432000e+01    5.955395e-01
    1.434000e+01    5.956178e-01
    1.436000e+01    5.956959e-01
    1.438000e+01    5.957737e-01
    1.440000e+01    5.958512e-01
    1.442000e+01    5.959284e-01
    1.444000e+01    5.960054e-01
    1.446000e+01    5.960822e-01
    1.448000e+01    5.961587e-01
    1.450000e+01    5.962349e-01
    1.452000e+01    5.963109e-01
    1.454000e+01    5.963867e-01
    1.456000e+01    5.964622e-01
    1.458000e+01    5.965374e-01
    1.460000e+01    5.966124e-01
    1.462000e+01    5.966872e-01
    1.464000e+01    5.967617e-01
    1.466000e+01    5.968360e-01
    1.468000e+01    5.969100e-01
    1.470000e+01    5.969839e-01
    1.472000e+01    5.970574e-01
    1.474000e+01    5.971308e-01
    1.476000e+01    5.972039e-01
    1.478000e+01    5.972767e-01
    1.480000e+01    5.973494e-01
    1.482000e+01    5.974218e-01
    1.484000e+01    5.974940e-01
    1.486000e+01    5.975660e-01
    1.488000e+01    5.976377e-01
    1.490000e+01    5.977093e-01
    1.492000e+01    5.977806e-01
    1.494000e+01    5.978518e-01
    1.496000e+01    5.979227e-01
    1.498000e+01    5.979934e-01
    1.500000e+01    5.980640e-01
    1.502000e+01    5.981343e-01
    1.504000e+01    5.982044e-01
    1.506000e+01    5.982744e-01
    1.508000e+01    5.983441e-01
    1.510000e+01    5.984137e-01
    1.512000e+01    5.984831e-01
    1.514000e+01    5.985523e-01
    1.516000e+01    5.986214e-01
    1.518000e+01    5.986903e-01
    1.520000e+01    5.987591e-01
    1.522000e+01    5.988277e-01
    1.524000e+01    5.988962e-01
    1.526000e+01    5.989645e-01
    1.528000e+01    5.990326e-01
    1.530000e+01    5.991006e-01
    1.532000e+01    5.991685e-01
    1.534000e+01    5.992361e-01
    1.536000e+01    5.993036e-01
    1.538000e+01    5.993709e-01
    1.540000e+01    5.994380e-01
    1.542000e+01    5.995049e-01
    1.544000e+01    5.995717e-01
    1.546000e+01    5.996382e-01
    1.548000e+01    5.997046e-01
    1.550000e+01    5.997708e-01
    1.552000e+01    5.998369e-01
    1.554000e+01    5.999027e-01
    1.556000e+01    5.999684e-01
    1.558000e+01    6.000338e-01
    1.560000e+01    6.000991e-01
    1.562000e+01    6.001642e-01
    1.564000e+01    6.002291e-01
    1.566000e+01    6.002938e-01
    1.568000e+01    6.003583e-01
    1.570000e+01    6.004226e-01
    1.572000e+01    6.004867e-01
    1.574000e+01    6.005507e-01
    1.576000e+01    6.006145e-01
    1.578000e+01    6.006781e-01
    1.580000e+01    6.007416e-01
    1.582000e+01    6.008050e-01
    1.584000e+01    6.008683e-01
    1.586000e+01    6.009316e-01
    1.588000e+01    6.009948e-01
    1.590000e+01    6.010580e-01
    1.592000e+01    6.011211e-01
    1.594000e+01    6.011841e-01
    1.596000e+01    6.012470e-01
    1.598000e+01    6.013098e-01
    1.600000e+01    6.013725e-01
    1.602000e+01    6.014351e-01
    1.604000e+01    6.014975e-01
    1.606000e+01    6.015598e-01
    1.608000e+01    6.016220e-01
    1.610000e+01    6.016839e-01
    1.612000e+01    6.017457e-01
    1.614000e+01    6.018074e-01
    1.616000e+01    6.018689e-01
    1.618000e+01    6.019302e-01
    1.620000e+01    6.019913e-01
    1.622000e+01    6.020523e-01
    1.624000e+01    6.021130e-01
    1.626000e+01    6.021736e-01
    1.628000e+01    6.022341e-01
    1.630000e+01    6.022943e-01
    1.632000e+01    6.023544e-01
    1.634000e+01    6.024143e-01
    1.636000e+01    6.024740e-01
    1.638000e+01    6.025335e-01
    1.640000e+01    6.025929e-01
    1.642000e+01    6.026520e-01
    1.644000e+01    6.027111e-01
    1.646000e+01    6.027699e-01
    1.648000e+01    6.028286e-01
    1.650000e+01    6.028870e-01
    1.652000e+01    6.029453e-01
    1.654000e+01    6.030035e-01
    1.656000e+01    6.030614e-01
    1.658000e+01    6.031192e-01
    1.660000e+01    6.031768e-01
    1.662000e+01    6.032343e-01
    1.664000e+01    6.032915e-01
    1.666000e+01    6.033486e-01
    1.668000e+01    6.034055e-01
    1.670000e+01    6.034623e-01
    1.672000e+01    6.035188e-01
    1.674000e+01    6.035752e-01
    1.676000e+01    6.036315e-01
    1.678000e+01    6.036875e-01
    1.680000e+01    6.037434e-01
    1.682000e+01    6.037992e-01
    1.684000e+01    6.038548e-01
    1.686000e+01    6.039102e-01
    1.688000e+01    6.039654e-01
    1.690000e+01    6.040205e-01
    1.692000e+01    6.040754e-01
    1.694000e+01    6.041302e-01
    1.696000e+01    6.041848e-01
    1.698000e+01    6.042392e-01
    1.700000e+01    6.042935e-01
    1.702000e+01    6.043476e-01
    1.704000e+01    6.044016e-01
    1.706000e+01    6.044554e-01
    1.708000e+01    6.045090e-01
    1.710000e+01    6.045625e-01
    1.712000e+01    6.046158e-01
    1.714000e+01    6.046690e-01
    1.716000e+01    6.047221e-01
    1.718000e+01    6.047750e-01
    1.720000e+01    6.048277e-01
    1.722000e+01    6.048803e-01
    1.724000e+01    6.049327e-01
    1.726000e+01    6.049850e-01
    1.728000e+01    6.050371e-01
    1.730000e+01    6.050891e-01
    1.732000e+01    6.051410e-01
    1.734000e+01    6.051926e-01
    1.736000e+01    6.052442e-01
    1.738000e+01    6.052956e-01
    1.740000e+01    6.053469e-01
    1.742000e+01    6.053980e-01
    1.744000e+01    6.054490e-01
    1.746000e+01    6.054998e-01
    1.748000e+01    6.055505e-01
    1.750000e+01    6.056011e-01
    1.752000e+01    6.056515e-01
    1.754000e+01    6.057018e-01
    1.756000e+01    6.057520e-01
    1.758000e+01    6.058020e-01
    1.760000e+01    6.058519e-01
    1.762000e+01    6.059016e-01
    1.764000e+01    6.059513e-01
    1.766000e+01    6.060008e-01
    1.768000e+01    6.060501e-01
    1.770000e+01    6.060993e-01
    1.772000e+01    6.061484e-01
    1.774000e+01    6.061974e-01
    1.776000e+01    6.062462e-01
    1.778000e+01    6.062949e-01
    1.780000e+01    6.063435e-01
    1.782000e+01    6.063919e-01
    1.784000e+01    6.064403e-01
    1.786000e+01    6.064885e-01
    1.788000e+01    6.065366e-01
    1.790000e+01    6.065845e-01
    1.792000e+01    6.066324e-01
    1.794000e+01    6.066801e-01
    1.796000e+01    6.067277e-01
    1.798000e+01    6.067753e-01
    1.800000e+01    6.068227e-01
    1.802000e+01    6.068700e-01
    1.804000e+01    6.069172e-01
    1.806000e+01    6.069642e-01
    1.808000e+01    6.070112e-01
    1.810000e+01    6.070580e-01
    1.812000e+01    6.071047e-01
    1.814000e+01    6.071512e-01
    1.816000e+01    6.071976e-01
    1.818000e+01    6.072439e-01
    1.820000e+01    6.072900e-01
    1.822000e+01    6.073361e-01
    1.824000e+01    6.073820e-01
    1.826000e+01    6.074278e-01
    1.828000e+01    6.074735e-01
    1.830000e+01    6.075190e-01
    1.832000e+01    6.075645e-01
    1.834000e+01    6.076098e-01
    1.836000e+01    6.076550e-01
    1.838000e+01    6.077001e-01
    1.840000e+01    6.077451e-01
    1.842000e+01    6.077900e-01
    1.844000e+01    6.078347e-01
    1.846000e+01    6.078794e-01
    1.848000e+01    6.079239e-01
    1.850000e+01    6.079683e-01
    1.852000e+01    6.080126e-01
    1.854000e+01    6.080567e-01
    1.856000e+01    6.081008e-01
    1.858000e+01    6.081447e-01
    1.860000e+01    6.081885e-01
    1.862000e+01    6.082322e-01
    1.864000e+01    6.082758e-01
    1.866000e+01    6.083192e-01
    1.868000e+01    6.083626e-01
    1.870000e+01    6.084058e-01
    1.872000e+01    6.084489e-01
    1.874000e+01    6.084919e-01
    1.876000e+01    6.085348e-01
    1.878000e+01    6.085776e-01
    1.880000e+01    6.086203e-01
    1.882000e+01    6.086629e-01
    1.884000e+01    6.087054e-01
    1.886000e+01    6.087477e-01
    1.888000e+01    6.087900e-01
    1.890000e+01    6.088321e-01
    1.892000e+01    6.088742e-01
    1.894000e+01    6.089161e-01
    1.896000e+01    6.089580e-01
    1.898000e+01    6.089997e-01
    1.900000e+01    6.090414e-01
    1.902000e+01    6.090829e-01
    1.904000e+01    6.091244e-01
    1.906000e+01    6.091657e-01
    1.908000e+01    6.092070e-01
    1.910000e+01    6.092482e-01
    1.912000e+01    6.092893e-01
    1.914000e+01    6.093302e-01
    1.916000e+01    6.093711e-01
    1.918000e+01    6.094119e-01
    1.920000e+01    6.094526e-01
    1.922000e+01    6.094932e-01
    1.924000e+01    6.095337e-01
    1.926000e+01    6.095741e-01
    1.928000e+01    6.096143e-01
    1.930000e+01    6.096545e-01
    1.932000e+01    6.096946e-01
    1.934000e+01    6.097346e-01
    1.936000e+01    6.097744e-01
    1.938000e+01    6.098142e-01
    1.940000e+01    6.098539e-01
    1.942000e+01    6.098934e-01
    1.944000e+01    6.099328e-01
    1.946000e+01    6.099722e-01
    1.948000e+01    6.100114e-01
    1.950000e+01    6.100505e-01
    1.952000e+01    6.100895e-01
    1.954000e+01    6.101284e-01
    1.956000e+01    6.101671e-01
    1.958000e+01    6.102058e-01
    1.960000e+01    6.102443e-01
    1.962000e+01    6.102828e-01
    1.964000e+01    6.103211e-01
    1.966000e+01    6.103593e-01
    1.968000e+01    6.103974e-01
    1.970000e+01    6.104354e-01
    1.972000e+01    6.104733e-01
    1.974000e+01    6.105111e-01
    1.976000e+01    6.105488e-01
    1.978000e+01    6.105863e-01
    1.980000e+01    6.106238e-01
    1.982000e+01    6.106612e-01
    1.984000e+01    6.106984e-01
    1.986000e+01    6.107356e-01
    1.988000e+01    6.107726e-01
    1.990000e+01    6.108096e-01
    1.992000e+01    6.108465e-01
    1.994000e+01    6.108833e-01
    1.996000e+01    6.109199e-01
    1.998000e+01    6.109565e-01
    2.000000e+01    6.109930e-01
    2.002000e+01    6.110294e-01
    2.004000e+01    6.110657e-01
    2.006000e+01    6.111019e-01
    2.008000e+01    6.111380e-01
    2.010000e+01    6.111740e-01
    2.012000e+01    6.112100e-01
    2.014000e+01    6.112458e-01
    2.016000e+01    6.112815e-01
    2.018000e+01    6.113172e-01
    2.020000e+01    6.113527e-01
    2.022000e+01    6.113882e-01
    2.024000e+01    6.114235e-01
    2.026000e+01    6.114588e-01
    2.028000e+01    6.114940e-01
    2.030000e+01    6.115290e-01
    2.032000e+01    6.115640e-01
    2.034000e+01    6.115989e-01
    2.036000e+01    6.116337e-01
    2.038000e+01    6.116685e-01
    2.040000e+01    6.117031e-01
    2.042000e+01    6.117376e-01
    2.044000e+01    6.117721e-01
    2.046000e+01    6.118064e-01
    2.048000e+01    6.118407e-01
    2.050000e+01    6.118749e-01
    2.052000e+01    6.119090e-01
    2.054000e+01    6.119430e-01
    2.056000e+01    6.119769e-01
    2.058000e+01    6.120107e-01
    2.060000e+01    6.120444e-01
    2.062000e+01    6.120781e-01
    2.064000e+01    6.121116e-01
    2.066000e+01    6.121451e-01
    2.068000e+01    6.121785e-01
    2.070000e+01    6.122118e-01
    2.072000e+01    6.122450e-01
    2.074000e+01    6.122782e-01
    2.076000e+01    6.123112e-01
    2.078000e+01    6.123442e-01
    2.080000e+01    6.123771e-01
    2.082000e+01    6.124100e-01
    2.084000e+01    6.124427e-01
    2.086000e+01    6.124754e-01
    2.088000e+01    6.125080e-01
    2.090000e+01    6.125406e-01
    2.092000e+01    6.125731e-01
    2.094000e+01    6.126054e-01
    2.096000e+01    6.126378e-01
    2.098000e+01    6.126700e-01
    2.100000e+01    6.127021e-01
    2.102000e+01    6.127342e-01
    2.104000e+01    6.127662e-01
    2.106000e+01    6.127982e-01
    2.108000e+01    6.128300e-01
    2.110000e+01    6.128618e-01
    2.112000e+01    6.128935e-01
    2.114000e+01    6.129251e-01
    2.116000e+01    6.129566e-01
    2.118000e+01    6.129881e-01
    2.120000e+01    6.130195e-01
    2.122000e+01    6.130508e-01
    2.124000e+01    6.130820e-01
    2.126000e+01    6.131132e-01
    2.128000e+01    6.131442e-01
    2.130000e+01    6.131752e-01
    2.132000e+01    6.132062e-01
    2.134000e+01    6.132370e-01
    2.136000e+01    6.132678e-01
    2.138000e+01    6.132985e-01
    2.140000e+01    6.133291e-01
    2.142000e+01    6.133596e-01
    2.144000e+01    6.133901e-01
    2.146000e+01    6.134205e-01
    2.148000e+01    6.134508e-01
    2.150000e+01    6.134811e-01
    2.152000e+01    6.135112e-01
    2.154000e+01    6.135414e-01
    2.156000e+01    6.135714e-01
    2.158000e+01    6.136014e-01
    2.160000e+01    6.136313e-01
    2.162000e+01    6.136611e-01
    2.164000e+01    6.136909e-01
    2.166000e+01    6.137206e-01
    2.168000e+01    6.137502e-01
    2.170000e+01    6.137797e-01
    2.172000e+01    6.138092e-01
    2.174000e+01    6.138386e-01
    2.176000e+01    6.138679e-01
    2.178000e+01    6.138972e-01
    2.180000e+01    6.139264e-01
    2.182000e+01    6.139555e-01
    2.184000e+01    6.139845e-01
    2.186000e+01    6.140135e-01
    2.188000e+01    6.140424e-01
    2.190000e+01    6.140712e-01
    2.192000e+01    6.140999e-01
    2.194000e+01    6.141286e-01
    2.196000e+01    6.141572e-01
    2.198000e+01    6.141857e-01
    2.200000e+01    6.142142e-01
    2.202000e+01    6.142425e-01
    2.204000e+01    6.142708e-01
    2.206000e+01    6.142991e-01
    2.208000e+01    6.143272e-01
    2.210000e+01    6.143553e-01
    2.212000e+01    6.143834e-01
    2.214000e+01    6.144113e-01
    2.216000e+01    6.144392e-01
    2.218000e+01    6.144670e-01
    2.220000e+01    6.144947e-01
    2.222000e+01    6.145224e-01
    2.224000e+01    6.145500e-01
    2.226000e+01    6.145775e-01
    2.228000e+01    6.146049e-01
    2.230000e+01    6.146323e-01
    2.232000e+01    6.146596e-01
    2.234000e+01    6.146869e-01
    2.236000e+01    6.147140e-01
    2.238000e+01    6.147411e-01
    2.240000e+01    6.147682e-01
    2.242000e+01    6.147951e-01
    2.244000e+01    6.148220e-01
    2.246000e+01    6.148489e-01
    2.248000e+01    6.148756e-01
    2.250000e+01    6.149023e-01
    2.252000e+01    6.149289e-01
    2.254000e+01    6.149555e-01
    2.256000e+01    6.149820e-01
    2.258000e+01    6.150084e-01
    2.260000e+01    6.150348e-01
    2.262000e+01    6.150610e-01
    2.264000e+01    6.150873e-01
    2.266000e+01    6.151134e-01
    2.268000e+01    6.151395e-01
    2.270000e+01    6.151655e-01
    2.272000e+01    6.151915e-01
    2.274000e+01    6.152174e-01
    2.276000e+01    6.152432e-01
    2.278000e+01    6.152690e-01
    2.280000e+01    6.152947e-01
    2.282000e+01    6.153203e-01
    2.284000e+01    6.153459e-01
    2.286000e+01    6.153714e-01
    2.288000e+01    6.153968e-01
    2.290000e+01    6.154220e-01
    2.292000e+01    6.154471e-01
    2.294000e+01    6.154721e-01
    2.296000e+01    6.154970e-01
    2.298000e+01    6.155219e-01
    2.300000e+01    6.155466e-01
    2.302000e+01    6.155713e-01
    2.304000e+01    6.155960e-01
    2.306000e+01    6.156206e-01
    2.308000e+01    6.156451e-01
    2.310000e+01    6.156696e-01
    2.312000e+01    6.156941e-01
    2.314000e+01    6.157185e-01
    2.316000e+01    6.157428e-01
    2.318000e+01    6.157671e-01
    2.320000e+01    6.157913e-01
    2.322000e+01    6.158155e-01
    2.324000e+01    6.158396e-01
    2.326000e+01    6.158636e-01
    2.328000e+01    6.158876e-01
    2.330000e+01    6.159116e-01
    2.332000e+01    6.159355e-01
    2.334000e+01    6.159593e-01
    2.336000e+01    6.159831e-01
    2.338000e+01    6.160068e-01
    2.340000e+01    6.160304e-01
    2.342000e+01    6.160540e-01
    2.344000e+01    6.160776e-01
    2.346000e+01    6.161010e-01
    2.348000e+01    6.161245e-01
    2.350000e+01    6.161478e-01
    2.352000e+01    6.161711e-01
    2.354000e+01    6.161944e-01
    2.356000e+01    6.162175e-01
    2.358000e+01    6.162407e-01
    2.360000e+01    6.162637e-01
    2.362000e+01    6.162867e-01
    2.364000e+01    6.163097e-01
    2.366000e+01    6.163325e-01
    2.368000e+01    6.163554e-01
    2.370000e+01    6.163781e-01
    2.372000e+01    6.164008e-01
    2.374000e+01    6.164235e-01
    2.376000e+01    6.164461e-01
    2.378000e+01    6.164686e-01
    2.380000e+01    6.164910e-01
    2.382000e+01    6.165134e-01
    2.384000e+01    6.165357e-01
    2.386000e+01    6.165578e-01
    2.388000e+01    6.165797e-01
    2.390000e+01    6.166014e-01
    2.392000e+01    6.166230e-01
    2.394000e+01    6.166445e-01
    2.396000e+01    6.166658e-01
    2.398000e+01    6.166871e-01
    2.400000e+01    6.167082e-01
    2.402000e+01    6.167293e-01
    2.404000e+01    6.167503e-01
    2.406000e+01    6.167712e-01
    2.408000e+01    6.167920e-01
    2.410000e+01    6.168128e-01
    2.412000e+01    6.168335e-01
    2.414000e+01    6.168541e-01
    2.416000e+01    6.168747e-01
    2.418000e+01    6.168952e-01
    2.420000e+01    6.169156e-01
    2.422000e+01    6.169360e-01
    2.424000e+01    6.169563e-01
    2.426000e+01    6.169766e-01
    2.428000e+01    6.169968e-01
    2.430000e+01    6.170170e-01
    2.432000e+01    6.170371e-01
    2.434000e+01    6.170572e-01
    2.436000e+01    6.170772e-01
    2.438000e+01    6.170971e-01
    2.440000e+01    6.171169e-01
    2.442000e+01    6.171367e-01
    2.444000e+01    6.171565e-01
    2.446000e+01    6.171762e-01
    2.448000e+01    6.171958e-01
    2.450000e+01    6.172153e-01
    2.452000e+01    6.172348e-01
    2.454000e+01    6.172542e-01
    2.456000e+01    6.172736e-01
    2.458000e+01    6.172929e-01
    2.460000e+01    6.173122e-01
    2.462000e+01    6.173315e-01
    2.464000e+01    6.173507e-01
    2.466000e+01    6.173699e-01
    2.468000e+01    6.173891e-01
    2.470000e+01    6.174082e-01
    2.472000e+01    6.174274e-01
    2.474000e+01    6.174466e-01
    2.476000e+01    6.174657e-01
    2.478000e+01    6.174849e-01
    2.480000e+01    6.175041e-01
    2.482000e+01    6.175233e-01
    2.484000e+01    6.175424e-01
    2.486000e+01    6.175616e-01
    2.488000e+01    6.175808e-01
    2.490000e+01    6.176000e-01
    2.492000e+01    6.176193e-01
    2.494000e+01    6.176385e-01
    2.496000e+01    6.176577e-01
    2.498000e+01    6.176769e-01
    2.500000e+01    6.176961e-01
    2.502000e+01    6.177154e-01
    2.504000e+01    6.177346e-01
    2.506000e+01    6.177538e-01
    2.508000e+01    6.177730e-01
    2.510000e+01    6.177922e-01
    2.512000e+01    6.178114e-01
    2.514000e+01    6.178305e-01
    2.516000e+01    6.178497e-01
    2.518000e+01    6.178688e-01
    2.520000e+01    6.178879e-01
    2.522000e+01    6.179070e-01
    2.524000e+01    6.179260e-01
    2.526000e+01    6.179450e-01
    2.528000e+01    6.179639e-01
    2.530000e+01    6.179828e-01
    2.532000e+01    6.180016e-01
    2.534000e+01    6.180203e-01
    2.536000e+01    6.180389e-01
    2.538000e+01    6.180575e-01
    2.540000e+01    6.180759e-01
    2.542000e+01    6.180943e-01
    2.544000e+01    6.181127e-01
    2.546000e+01    6.181310e-01
    2.548000e+01    6.181492e-01
    2.550000e+01    6.181674e-01
    2.552000e+01    6.181855e-01
    2.554000e+01    6.182035e-01
    2.556000e+01    6.182215e-01
    2.558000e+01    6.182395e-01
    2.560000e+01    6.182574e-01
    2.562000e+01    6.182752e-01
    2.564000e+01    6.182930e-01
    2.566000e+01    6.183108e-01
    2.568000e+01    6.183286e-01
    2.570000e+01    6.183463e-01
    2.572000e+01    6.183642e-01
    2.574000e+01    6.183823e-01
    2.576000e+01    6.184004e-01
    2.578000e+01    6.184186e-01
    2.580000e+01    6.184369e-01
    2.582000e+01    6.184551e-01
    2.584000e+01    6.184734e-01
    2.586000e+01    6.184916e-01
    2.588000e+01    6.185098e-01
    2.590000e+01    6.185279e-01
    2.592000e+01    6.185461e-01
    2.594000e+01    6.185641e-01
    2.596000e+01    6.185821e-01
    2.598000e+01    6.186000e-01
    2.600000e+01    6.186179e-01
    2.602000e+01    6.186358e-01
    2.604000e+01    6.186535e-01
    2.606000e+01    6.186712e-01
    2.608000e+01    6.186889e-01
    2.610000e+01    6.187065e-01
    2.612000e+01    6.187241e-01
    2.614000e+01    6.187416e-01
    2.616000e+01    6.187591e-01
    2.618000e+01    6.187765e-01
    2.620000e+01    6.187939e-01
    2.622000e+01    6.188112e-01
    2.624000e+01    6.188285e-01
    2.626000e+01    6.188457e-01
    2.628000e+01    6.188629e-01
    2.630000e+01    6.188800e-01
    2.632000e+01    6.188971e-01
    2.634000e+01    6.189142e-01
    2.636000e+01    6.189312e-01
    2.638000e+01    6.189482e-01
    2.640000e+01    6.189651e-01
    2.642000e+01    6.189820e-01
    2.644000e+01    6.189988e-01
    2.646000e+01    6.190156e-01
    2.648000e+01    6.190324e-01
    2.650000e+01    6.190491e-01
    2.652000e+01    6.190658e-01
    2.654000e+01    6.190824e-01
    2.656000e+01    6.190990e-01
    2.658000e+01    6.191156e-01
    2.660000e+01    6.191321e-01
    2.662000e+01    6.191486e-01
    2.664000e+01    6.191650e-01
    2.666000e+01    6.191814e-01
    2.668000e+01    6.191977e-01
    2.670000e+01    6.192141e-01
    2.672000e+01    6.192303e-01
    2.674000e+01    6.192466e-01
    2.676000e+01    6.192628e-01
    2.678000e+01    6.192789e-01
    2.680000e+01    6.192950e-01
    2.682000e+01    6.193111e-01
    2.684000e+01    6.193271e-01
    2.686000e+01    6.193431e-01
    2.688000e+01    6.193591e-01
    2.690000e+01    6.193750e-01
    2.692000e+01    6.193909e-01
    2.694000e+01    6.194067e-01
    2.696000e+01    6.194225e-01
    2.698000e+01    6.194383e-01
    2.700000e+01    6.194540e-01
    2.702000e+01    6.194697e-01
    2.704000e+01    6.194853e-01
    2.706000e+01    6.195009e-01
    2.708000e+01    6.195165e-01
    2.710000e+01    6.195320e-01
    2.712000e+01    6.195475e-01
    2.714000e+01    6.195630e-01
    2.716000e+01    6.195784e-01
    2.718000e+01    6.195938e-01
    2.720000e+01    6.196092e-01
    2.722000e+01    6.196245e-01
    2.724000e+01    6.196398e-01
    2.726000e+01    6.196550e-01
    2.728000e+01    6.196702e-01
    2.730000e+01    6.196854e-01
    2.732000e+01    6.197005e-01
    2.734000e+01    6.197156e-01
    2.736000e+01    6.197307e-01
    2.738000e+01    6.197457e-01
    2.740000e+01    6.197607e-01
    2.742000e+01    6.197756e-01
    2.744000e+01    6.197905e-01
    2.746000e+01    6.198054e-01
    2.748000e+01    6.198202e-01
    2.750000e+01    6.198350e-01
    2.752000e+01    6.198498e-01
    2.754000e+01    6.198645e-01
    2.756000e+01    6.198792e-01
    2.758000e+01    6.198938e-01
    2.760000e+01    6.199084e-01
    2.762000e+01    6.199230e-01
    2.764000e+01    6.199375e-01
    2.766000e+01    6.199520e-01
    2.768000e+01    6.199665e-01
    2.770000e+01    6.199809e-01
    2.772000e+01    6.199953e-01
    2.774000e+01    6.200097e-01
    2.776000e+01    6.200240e-01
    2.778000e+01    6.200383e-01
    2.780000e+01    6.200525e-01
    2.782000e+01    6.200668e-01
    2.784000e+01    6.200809e-01
    2.786000e+01    6.200951e-01
    2.788000e+01    6.201092e-01
    2.790000e+01    6.201232e-01
    2.792000e+01    6.201373e-01
    2.794000e+01    6.201512e-01
    2.796000e+01    6.201652e-01
    2.798000e+01    6.201791e-01
    2.800000e+01    6.201930e-01
    2.802000e+01    6.202068e-01
    2.804000e+01    6.202207e-01
    2.806000e+01    6.202344e-01
    2.808000e+01    6.202482e-01
    2.810000e+01    6.202619e-01
    2.812000e+01    6.202756e-01
    2.814000e+01    6.202892e-01
    2.816000e+01    6.203028e-01
    2.818000e+01    6.203164e-01
    2.820000e+01    6.203299e-01
    2.822000e+01    6.203434e-01
    2.824000e+01    6.203569e-01
    2.826000e+01    6.203703e-01
    2.828000e+01    6.203837e-01
    2.830000e+01    6.203971e-01
    2.832000e+01    6.204104e-01
    2.834000e+01    6.204237e-01
    2.836000e+01    6.204370e-01
    2.838000e+01    6.204502e-01
    2.840000e+01    6.204634e-01
    2.842000e+01    6.204766e-01
    2.844000e+01    6.204898e-01
    2.846000e+01    6.205029e-01
    2.848000e+01    6.205159e-01
    2.850000e+01    6.205290e-01
    2.852000e+01    6.205420e-01
    2.854000e+01    6.205550e-01
    2.856000e+01    6.205679e-01
    2.858000e+01    6.205808e-01
    2.860000e+01    6.205937e-01
    2.862000e+01    6.206065e-01
    2.864000e+01    6.206193e-01
    2.866000e+01    6.206321e-01
    2.868000e+01    6.206449e-01
    2.870000e+01    6.206576e-01
    2.872000e+01    6.206703e-01
    2.874000e+01    6.206829e-01
    2.876000e+01    6.206956e-01
    2.878000e+01    6.207082e-01
    2.880000e+01    6.207207e-01
    2.882000e+01    6.207332e-01
    2.884000e+01    6.207457e-01
    2.886000e+01    6.207582e-01
    2.888000e+01    6.207707e-01
    2.890000e+01    6.207831e-01
    2.892000e+01    6.207955e-01
    2.894000e+01    6.208078e-01
    2.896000e+01    6.208201e-01
    2.898000e+01    6.208324e-01
    2.900000e+01    6.208447e-01
    2.902000e+01    6.208569e-01
    2.904000e+01    6.208691e-01
    2.906000e+01    6.208813e-01
    2.908000e+01    6.208934e-01
    2.910000e+01    6.209056e-01
    2.912000e+01    6.209176e-01
    2.914000e+01    6.209297e-01
    2.916000e+01    6.209417e-01
    2.918000e+01    6.209537e-01
    2.920000e+01    6.209657e-01
    2.922000e+01    6.209776e-01
    2.924000e+01    6.209895e-01
    2.926000e+01    6.210014e-01
    2.928000e+01    6.210133e-01
    2.930000e+01    6.210251e-01
    2.932000e+01    6.210369e-01
    2.934000e+01    6.210487e-01
    2.936000e+01    6.210604e-01
    2.938000e+01    6.210721e-01
    2.940000e+01    6.210838e-01
    2.942000e+01    6.210954e-01
    2.944000e+01    6.211070e-01
    2.946000e+01    6.211186e-01
    2.948000e+01    6.211302e-01
    2.950000e+01    6.211417e-01
    2.952000e+01    6.211532e-01
    2.954000e+01    6.211647e-01
    2.956000e+01    6.211762e-01
    2.958000e+01    6.211876e-01
    2.960000e+01    6.211990e-01
    2.962000e+01    6.212103e-01
    2.964000e+01    6.212217e-01
    2.966000e+01    6.212330e-01
    2.968000e+01    6.212443e-01
    2.970000e+01    6.212555e-01
    2.972000e+01    6.212667e-01
    2.974000e+01    6.212779e-01
    2.976000e+01    6.212891e-01
    2.978000e+01    6.213002e-01
    2.980000e+01    6.213113e-01
    2.982000e+01    6.213224e-01
    2.984000e+01    6.213335e-01
    2.986000e+01    6.213445e-01
    2.988000e+01    6.213555e-01
    2.990000e+01    6.213665e-01
    2.992000e+01    6.213774e-01
    2.994000e+01    6.213884e-01
    2.996000e+01    6.213993e-01
    2.998000e+01    6.214101e-01
    3.000000e+01    6.214210e-01
    3.002000e+01    6.214318e-01
    3.004000e+01    6.214426e-01
    3.006000e+01    6.214533e-01
    3.008000e+01    6.214641e-01
    3.010000e+01    6.214748e-01
    3.012000e+01    6.214854e-01
    3.014000e+01    6.214961e-01
    3.016000e+01    6.215067e-01
    3.018000e+01    6.215173e-01
    3.020000e+01    6.215279e-01
    3.022000e+01    6.215384e-01
    3.024000e+01    6.215490e-01
    3.026000e+01    6.215595e-01
    3.028000e+01    6.215699e-01
    3.030000e+01    6.215804e-01
    3.032000e+01    6.215908e-01
    3.034000e+01    6.216012e-01
    3.036000e+01    6.216115e-01
    3.038000e+01    6.216219e-01
    3.040000e+01    6.216322e-01
    3.042000e+01    6.216425e-01
    3.044000e+01    6.216527e-01
    3.046000e+01    6.216630e-01
    3.048000e+01    6.216732e-01
    3.050000e+01    6.216834e-01
    3.052000e+01    6.216935e-01
    3.054000e+01    6.217037e-01
    3.056000e+01    6.217138e-01
    3.058000e+01    6.217239e-01
    3.060000e+01    6.217339e-01
    3.062000e+01    6.217440e-01
    3.064000e+01    6.217540e-01
    3.066000e+01    6.217640e-01
    3.068000e+01    6.217739e-01
    3.070000e+01    6.217839e-01
    3.072000e+01    6.217938e-01
    3.074000e+01    6.218037e-01
    3.076000e+01    6.218135e-01
    3.078000e+01    6.218234e-01
    3.080000e+01    6.218332e-01
    3.082000e+01    6.218430e-01
    3.084000e+01    6.218528e-01
    3.086000e+01    6.218625e-01
    3.088000e+01    6.218722e-01
    3.090000e+01    6.218819e-01
    3.092000e+01    6.218916e-01
    3.094000e+01    6.219012e-01
    3.096000e+01    6.219108e-01
    3.098000e+01    6.219204e-01
    3.100000e+01    6.219300e-01
    3.102000e+01    6.219396e-01
    3.104000e+01    6.219491e-01
    3.106000e+01    6.219586e-01
    3.108000e+01    6.219681e-01
    3.110000e+01    6.219775e-01
    3.112000e+01    6.219870e-01
    3.114000e+01    6.219964e-01
    3.116000e+01    6.220058e-01
    3.118000e+01    6.220151e-01
    3.120000e+01    6.220245e-01
    3.122000e+01    6.220338e-01
    3.124000e+01    6.220431e-01
    3.126000e+01    6.220523e-01
    3.128000e+01    6.220616e-01
    3.130000e+01    6.220708e-01
    3.132000e+01    6.220800e-01
    3.134000e+01    6.220892e-01
    3.136000e+01    6.220984e-01
    3.138000e+01    6.221075e-01
    3.140000e+01    6.221166e-01
    3.142000e+01    6.221257e-01
    3.144000e+01    6.221348e-01
    3.146000e+01    6.221438e-01
    3.148000e+01    6.221528e-01
    3.150000e+01    6.221618e-01
    3.152000e+01    6.221708e-01
    3.154000e+01    6.221797e-01
    3.156000e+01    6.221887e-01
    3.158000e+01    6.221976e-01
    3.160000e+01    6.222065e-01
    3.162000e+01    6.222153e-01
    3.164000e+01    6.222242e-01
    3.166000e+01    6.222330e-01
    3.168000e+01    6.222418e-01
    3.170000e+01    6.222506e-01
    3.172000e+01    6.222593e-01
    3.174000e+01    6.222681e-01
    3.176000e+01    6.222768e-01
    3.178000e+01    6.222855e-01
    3.180000e+01    6.222942e-01
    3.182000e+01    6.223028e-01
    3.184000e+01    6.223114e-01
    3.186000e+01    6.223200e-01
    3.188000e+01    6.223286e-01
    3.190000e+01    6.223372e-01
    3.192000e+01    6.223457e-01
    3.194000e+01    6.223543e-01
    3.196000e+01    6.223628e-01
    3.198000e+01    6.223712e-01
    3.200000e+01    6.223797e-01
    3.202000e+01    6.223881e-01
    3.204000e+01    6.223965e-01
    3.206000e+01    6.224049e-01
    3.208000e+01    6.224133e-01
    3.210000e+01    6.224217e-01
    3.212000e+01    6.224300e-01
    3.214000e+01    6.224383e-01
    3.216000e+01    6.224466e-01
    3.218000e+01    6.224549e-01
    3.220000e+01    6.224631e-01
    3.222000e+01    6.224714e-01
    3.224000e+01    6.224796e-01
    3.226000e+01    6.224878e-01
    3.228000e+01    6.224959e-01
    3.230000e+01    6.225041e-01
    3.232000e+01    6.225122e-01
    3.234000e+01    6.225203e-01
    3.236000e+01    6.225284e-01
    3.238000e+01    6.225365e-01
    3.240000e+01    6.225446e-01
    3.242000e+01    6.225526e-01
    3.244000e+01    6.225606e-01
    3.246000e+01    6.225686e-01
    3.248000e+01    6.225766e-01
    3.250000e+01    6.225845e-01
    3.252000e+01    6.225924e-01
    3.254000e+01    6.226003e-01
    3.256000e+01    6.226082e-01
    3.258000e+01    6.226161e-01
    3.260000e+01    6.226240e-01
    3.262000e+01    6.226318e-01
    3.264000e+01    6.226396e-01
    3.266000e+01    6.226474e-01
    3.268000e+01    6.226552e-01
    3.270000e+01    6.226629e-01
    3.272000e+01    6.226707e-01
    3.274000e+01    6.226784e-01
    3.276000e+01    6.226861e-01
    3.278000e+01    6.226937e-01
    3.280000e+01    6.227014e-01
    3.282000e+01    6.227090e-01
    3.284000e+01    6.227167e-01
    3.286000e+01    6.227243e-01
    3.288000e+01    6.227319e-01
    3.290000e+01    6.227394e-01
    3.292000e+01    6.227470e-01
    3.294000e+01    6.227545e-01
    3.296000e+01    6.227620e-01
    3.298000e+01    6.227695e-01
    3.300000e+01    6.227770e-01
    3.302000e+01    6.227844e-01
    3.304000e+01    6.227918e-01
    3.306000e+01    6.227993e-01
    3.308000e+01    6.228067e-01
    3.310000e+01    6.228140e-01
    3.312000e+01    6.228214e-01
    3.314000e+01    6.228287e-01
    3.316000e+01    6.228361e-01
    3.318000e+01    6.228434e-01
    3.320000e+01    6.228507e-01
    3.322000e+01    6.228580e-01
    3.324000e+01    6.228652e-01
    3.326000e+01    6.228725e-01
    3.328000e+01    6.228797e-01
    3.330000e+01    6.228869e-01
    3.332000e+01    6.228941e-01
    3.334000e+01    6.229013e-01
    3.336000e+01    6.229084e-01
    3.338000e+01    6.229156e-01
    3.340000e+01    6.229227e-01
    3.342000e+01    6.229298e-01
    3.344000e+01    6.229369e-01
    3.346000e+01    6.229440e-01
    3.348000e+01    6.229510e-01
    3.350000e+01    6.229580e-01
    3.352000e+01    6.229651e-01
    3.354000e+01    6.229721e-01
    3.356000e+01    6.229790e-01
    3.358000e+01    6.229860e-01
    3.360000e+01    6.229930e-01
    3.362000e+01    6.229999e-01
    3.364000e+01    6.230068e-01
    3.366000e+01    6.230137e-01
    3.368000e+01    6.230206e-01
    3.370000e+01    6.230274e-01
    3.372000e+01    6.230343e-01
    3.374000e+01    6.230411e-01
    3.376000e+01    6.230479e-01
    3.378000e+01    6.230547e-01
    3.380000e+01    6.230615e-01
    3.382000e+01    6.230682e-01
    3.384000e+01    6.230750e-01
    3.386000e+01    6.230817e-01
    3.388000e+01    6.230884e-01
    3.390000e+01    6.230951e-01
    3.392000e+01    6.231018e-01
    3.394000e+01    6.231084e-01
    3.396000e+01    6.231151e-01
    3.398000e+01    6.231217e-01
    3.400000e+01    6.231283e-01
    3.402000e+01    6.231349e-01
    3.404000e+01    6.231415e-01
    3.406000e+01    6.231480e-01
    3.408000e+01    6.231546e-01
    3.410000e+01    6.231611e-01
    3.412000e+01    6.231676e-01
    3.414000e+01    6.231741e-01
    3.416000e+01    6.231806e-01
    3.418000e+01    6.231871e-01
    3.420000e+01    6.231935e-01
    3.422000e+01    6.232000e-01
    3.424000e+01    6.232064e-01
    3.426000e+01    6.232128e-01
    3.428000e+01    6.232192e-01
    3.430000e+01    6.232255e-01
    3.432000e+01    6.232319e-01
    3.434000e+01    6.232382e-01
    3.436000e+01    6.232446e-01
    3.438000e+01    6.232509e-01
    3.440000e+01    6.232572e-01
    3.442000e+01    6.232634e-01
    3.444000e+01    6.232697e-01
    3.446000e+01    6.232759e-01
    3.448000e+01    6.232822e-01
    3.450000e+01    6.232884e-01
    3.452000e+01    6.232946e-01
    3.454000e+01    6.233008e-01
    3.456000e+01    6.233069e-01
    3.458000e+01    6.233131e-01
    3.460000e+01    6.233192e-01
    3.462000e+01    6.233254e-01
    3.464000e+01    6.233315e-01
    3.466000e+01    6.233376e-01
    3.468000e+01    6.233436e-01
    3.470000e+01    6.233497e-01
    3.472000e+01    6.233558e-01
    3.474000e+01    6.233618e-01
    3.476000e+01    6.233678e-01
    3.478000e+01    6.233738e-01
    3.480000e+01    6.233798e-01
    3.482000e+01    6.233858e-01
    3.484000e+01    6.233917e-01
    3.486000e+01    6.233977e-01
    3.488000e+01    6.234036e-01
    3.490000e+01    6.234095e-01
    3.492000e+01    6.234154e-01
    3.494000e+01    6.234213e-01
    3.496000e+01    6.234272e-01
    3.498000e+01    6.234330e-01
    3.500000e+01    6.234389e-01
    3.502000e+01    6.234447e-01
    3.504000e+01    6.234505e-01
    3.506000e+01    6.234563e-01
    3.508000e+01    6.234621e-01
    3.510000e+01    6.234679e-01
    3.512000e+01    6.234736e-01
    3.514000e+01    6.234794e-01
    3.516000e+01    6.234851e-01
    3.518000e+01    6.234908e-01
    3.520000e+01    6.234965e-01
    3.522000e+01    6.235022e-01
    3.524000e+01    6.235078e-01
    3.526000e+01    6.235135e-01
    3.528000e+01    6.235191e-01
    3.530000e+01    6.235248e-01
    3.532000e+01    6.235304e-01
    3.534000e+01    6.235360e-01
    3.536000e+01    6.235416e-01
    3.538000e+01    6.235471e-01
    3.540000e+01    6.235527e-01
    3.542000e+01    6.235582e-01
    3.544000e+01    6.235638e-01
    3.546000e+01    6.235693e-01
    3.548000e+01    6.235748e-01
    3.550000e+01    6.235803e-01
    3.552000e+01    6.235858e-01
    3.554000e+01    6.235912e-01
    3.556000e+01    6.235967e-01
    3.558000e+01    6.236021e-01
    3.560000e+01    6.236075e-01
    3.562000e+01    6.236129e-01
    3.564000e+01    6.236183e-01
    3.566000e+01    6.236237e-01
    3.568000e+01    6.236291e-01
    3.570000e+01    6.236344e-01
    3.572000e+01    6.236398e-01
    3.574000e+01    6.236451e-01
    3.576000e+01    6.236504e-01
    3.578000e+01    6.236557e-01
    3.580000e+01    6.236610e-01
    3.582000e+01    6.236663e-01
    3.584000e+01    6.236716e-01
    3.586000e+01    6.236768e-01
    3.588000e+01    6.236820e-01
    3.590000e+01    6.236873e-01
    3.592000e+01    6.236925e-01
    3.594000e+01    6.236977e-01
    3.596000e+01    6.237029e-01
    3.598000e+01    6.237080e-01
    3.600000e+01    6.237132e-01
    3.602000e+01    6.237183e-01
    3.604000e+01    6.237235e-01
    3.606000e+01    6.237286e-01
    3.608000e+01    6.237337e-01
    3.610000e+01    6.237388e-01
    3.612000e+01    6.237439e-01
    3.614000e+01    6.237489e-01
    3.616000e+01    6.237540e-01
    3.618000e+01    6.237591e-01
    3.620000e+01    6.237641e-01
    3.622000e+01    6.237691e-01
    3.624000e+01    6.237741e-01
    3.626000e+01    6.237791e-01
    3.628000e+01    6.237841e-01
    3.630000e+01    6.237891e-01
    3.632000e+01    6.237940e-01
    3.634000e+01    6.237990e-01
    3.636000e+01    6.238039e-01
    3.638000e+01    6.238088e-01
    3.640000e+01    6.238137e-01
    3.642000e+01    6.238186e-01
    3.644000e+01    6.238235e-01
    3.646000e+01    6.238284e-01
    3.648000e+01    6.238332e-01
    3.650000e+01    6.238381e-01
    3.652000e+01    6.238429e-01
    3.654000e+01    6.238478e-01
    3.656000e+01    6.238526e-01
    3.658000e+01    6.238574e-01
    3.660000e+01    6.238622e-01
    3.662000e+01    6.238669e-01
    3.664000e+01    6.238717e-01
    3.666000e+01    6.238765e-01
    3.668000e+01    6.238812e-01
    3.670000e+01    6.238859e-01
    3.672000e+01    6.238907e-01
    3.674000e+01    6.238954e-01
    3.676000e+01    6.239001e-01
    3.678000e+01    6.239047e-01
    3.680000e+01    6.239094e-01
    3.682000e+01    6.239141e-01
    3.684000e+01    6.239187e-01
    3.686000e+01    6.239234e-01
    3.688000e+01    6.239280e-01
    3.690000e+01    6.239326e-01
    3.692000e+01    6.239372e-01
    3.694000e+01    6.239418e-01
    3.696000e+01    6.239464e-01
    3.698000e+01    6.239509e-01
    3.700000e+01    6.239555e-01
    3.702000e+01    6.239600e-01
    3.704000e+01    6.239646e-01
    3.706000e+01    6.239691e-01
    3.708000e+01    6.239736e-01
    3.710000e+01    6.239781e-01
    3.712000e+01    6.239826e-01
    3.714000e+01    6.239871e-01
    3.716000e+01    6.239916e-01
    3.718000e+01    6.239960e-01
    3.720000e+01    6.240005e-01
    3.722000e+01    6.240049e-01
    3.724000e+01    6.240093e-01
    3.726000e+01    6.240137e-01
    3.728000e+01    6.240181e-01
    3.730000e+01    6.240225e-01
    3.732000e+01    6.240269e-01
    3.734000e+01    6.240313e-01
    3.736000e+01    6.240356e-01
    3.738000e+01    6.240400e-01
    3.740000e+01    6.240443e-01
    3.742000e+01    6.240486e-01
    3.744000e+01    6.240530e-01
    3.746000e+01    6.240573e-01
    3.748000e+01    6.240616e-01
    3.750000e+01    6.240658e-01
    3.752000e+01    6.240701e-01
    3.754000e+01    6.240744e-01
    3.756000e+01    6.240786e-01
    3.758000e+01    6.240829e-01
    3.760000e+01    6.240871e-01
    3.762000e+01    6.240913e-01
    3.764000e+01    6.240955e-01
    3.766000e+01    6.240997e-01
    3.768000e+01    6.241039e-01
    3.770000e+01    6.241081e-01
    3.772000e+01    6.241123e-01
    3.774000e+01    6.241164e-01
    3.776000e+01    6.241206e-01
    3.778000e+01    6.241247e-01
    3.780000e+01    6.241288e-01
    3.782000e+01    6.241330e-01
    3.784000e+01    6.241371e-01
    3.786000e+01    6.241412e-01
    3.788000e+01    6.241453e-01
    3.790000e+01    6.241493e-01
    3.792000e+01    6.241534e-01
    3.794000e+01    6.241575e-01
    3.796000e+01    6.241615e-01
    3.798000e+01    6.241655e-01
    3.800000e+01    6.241696e-01
    3.802000e+01    6.241736e-01
    3.804000e+01    6.241776e-01
    3.806000e+01    6.241816e-01
    3.808000e+01    6.241856e-01
    3.810000e+01    6.241896e-01
    3.812000e+01    6.241935e-01
    3.814000e+01    6.241975e-01
    3.816000e+01    6.242014e-01
    3.818000e+01    6.242054e-01
    3.820000e+01    6.242093e-01
    3.822000e+01    6.242132e-01
    3.824000e+01    6.242171e-01
    3.826000e+01    6.242210e-01
    3.828000e+01    6.242249e-01
    3.830000e+01    6.242288e-01
    3.832000e+01    6.242327e-01
    3.834000e+01    6.242365e-01
    3.836000e+01    6.242404e-01
    3.838000e+01    6.242442e-01
    3.840000e+01    6.242480e-01
    3.842000e+01    6.242518e-01
    3.844000e+01    6.242557e-01
    3.846000e+01    6.242594e-01
    3.848000e+01    6.242632e-01
    3.850000e+01    6.242670e-01
    3.852000e+01    6.242707e-01
    3.854000e+01    6.242745e-01
    3.856000e+01    6.242782e-01
    3.858000e+01    6.242819e-01
    3.860000e+01    6.242857e-01
    3.862000e+01    6.242894e-01
    3.864000e+01    6.242930e-01
    3.866000e+01    6.242967e-01
    3.868000e+01    6.243004e-01
    3.870000e+01    6.243040e-01
    3.872000e+01    6.243077e-01
    3.874000e+01    6.243113e-01
    3.876000e+01    6.243149e-01
    3.878000e+01    6.243185e-01
    3.880000e+01    6.243221e-01
    3.882000e+01    6.243257e-01
    3.884000e+01    6.243293e-01
    3.886000e+01    6.243329e-01
    3.888000e+01    6.243364e-01
    3.890000e+01    6.243400e-01
    3.892000e+01    6.243435e-01
    3.894000e+01    6.243471e-01
    3.896000e+01    6.243506e-01
    3.898000e+01    6.243541e-01
    3.900000e+01    6.243576e-01
    3.902000e+01    6.243611e-01
    3.904000e+01    6.243646e-01
    3.906000e+01    6.243680e-01
    3.908000e+01    6.243715e-01
    3.910000e+01    6.243749e-01
    3.912000e+01    6.243784e-01
    3.914000e+01    6.243818e-01
    3.916000e+01    6.243852e-01
    3.918000e+01    6.243887e-01
    3.920000e+01    6.243921e-01
    3.922000e+01    6.243955e-01
    3.924000e+01    6.243988e-01
    3.926000e+01    6.244022e-01
    3.928000e+01    6.244056e-01
    3.930000e+01    6.244090e-01
    3.932000e+01    6.244123e-01
    3.934000e+01    6.244156e-01
    3.936000e+01    6.244190e-01
    3.938000e+01    6.244223e-01
    3.940000e+01    6.244256e-01
    3.942000e+01    6.244289e-01
    3.944000e+01    6.244322e-01
    3.946000e+01    6.244355e-01
    3.948000e+01    6.244388e-01
    3.950000e+01    6.244421e-01
    3.952000e+01    6.244453e-01
    3.954000e+01    6.244486e-01
    3.956000e+01    6.244518e-01
    3.958000e+01    6.244551e-01
    3.960000e+01    6.244583e-01
    3.962000e+01    6.244615e-01
    3.964000e+01    6.244647e-01
    3.966000e+01    6.244679e-01
    3.968000e+01    6.244711e-01
    3.970000e+01    6.244743e-01
    3.972000e+01    6.244775e-01
    3.974000e+01    6.244807e-01
    3.976000e+01    6.244838e-01
    3.978000e+01    6.244870e-01
    3.980000e+01    6.244902e-01
    3.982000e+01    6.244933e-01
    3.984000e+01    6.244964e-01
    3.986000e+01    6.244995e-01
    3.988000e+01    6.245027e-01
    3.990000e+01    6.245058e-01
    3.992000e+01    6.245089e-01
    3.994000e+01    6.245120e-01
    3.996000e+01    6.245150e-01
    3.998000e+01    6.245181e-01
