    0.000000e+00             nan
    2.000000e-02    2.045671e-05
    4.000000e-02    2.602515e-04
    6.000000e-02    1.095690e-03
    8.000000e-02    2.922114e-03
    1.000000e-01    6.059122e-03
    1.200000e-01    1.071235e-02
    1.400000e-01    1.697200e-02
    1.600000e-01    2.483036e-02
    1.800000e-01    3.420578e-02
    2.000000e-01    4.496622e-02
    2.200000e-01    5.694929e-02
    2.400000e-01    6.997781e-02
    2.600000e-01    8.387126e-02
    2.800000e-01    9.845372e-02
    3.000000e-01    1.135590e-01
    3.200000e-01    1.290335e-01
    3.400000e-01    1.447382e-01
    3.600000e-01    1.605487e-01
    3.800000e-01    1.763553e-01
    4.000000e-01    1.920622e-01
    4.200000e-01    2.075868e-01
    4.400000e-01    2.228585e-01
    4.600000e-01    2.378179e-01
    4.800000e-01    2.524152e-01
    5.000000e-01    2.666099e-01
    5.200000e-01    2.803691e-01
    5.400000e-01    2.936672e-01
    5.600000e-01    3.064846e-01
    5.800000e-01    3.188074e-01
    6.000000e-01    3.306263e-01
    6.200000e-01    3.419362e-01
    6.400000e-01    3.527356e-01
    6.600000e-01    3.630260e-01
    6.800000e-01    3.728118e-01
    7.000000e-01    3.820994e-01
    7.200000e-01    3.908971e-01
    7.400000e-01    3.992152e-01
    7.600000e-01    4.070647e-01
    7.800000e-01    4.144582e-01
    8.000000e-01    4.214089e-01
    8.200000e-01    4.279307e-01
    8.400000e-01    4.340380e-01
    8.600000e-01    4.397457e-01
    8.800000e-01    4.450687e-01
    9.000000e-01    4.500222e-01
    9.200000e-01    4.546214e-01
    9.400000e-01    4.588814e-01
    9.600000e-01    4.628172e-01
    9.800000e-01    4.664436e-01
    1.000000e+00    4.697752e-01
    1.020000e+00    4.728263e-01
    1.040000e+00    4.756110e-01
    1.060000e+00    4.781428e-01
    1.080000e+00    4.804351e-01
    1.100000e+00    4.825007e-01
    1.120000e+00    4.843522e-01
    1.140000e+00    4.860016e-01
    1.160000e+00    4.874606e-01
    1.180000e+00    4.887404e-01
    1.200000e+00    4.898519e-01
    1.220000e+00    4.908055e-01
    1.240000e+00    4.916110e-01
    1.260000e+00    4.922781e-01
    1.280000e+00    4.928158e-01
    1.300000e+00    4.932330e-01
    1.320000e+00    4.935378e-01
    1.340000e+00    4.937382e-01
    1.360000e+00    4.938417e-01
    1.380000e+00    4.938555e-01
    1.400000e+00    4.937863e-01
    1.420000e+00    4.936407e-01
    1.440000e+00    4.934246e-01
    1.460000e+00    4.931439e-01
    1.480000e+00    4.928039e-01
    1.500000e+00    4.924099e-01
    1.520000e+00    4.919666e-01
    1.540000e+00    4.914786e-01
    1.560000e+00    4.909502e-01
    1.580000e+00    4.903853e-01
    1.600000e+00    4.897878e-01
    1.620000e+00    4.891611e-01
    1.640000e+00    4.885086e-01
    1.660000e+00    4.878333e-01
    1.680000e+00    4.871381e-01
    1.700000e+00    4.864257e-01
    1.720000e+00    4.856984e-01
    1.740000e+00    4.849588e-01
    1.760000e+00    4.842088e-01
    1.780000e+00    4.834505e-01
    1.800000e+00    4.826857e-01
    1.820000e+00    4.819160e-01
    1.840000e+00    4.811431e-01
    1.860000e+00    4.803683e-01
    1.880000e+00    4.795930e-01
    1.900000e+00    4.788183e-01
    1.920000e+00    4.780454e-01
    1.940000e+00    4.772752e-01
    1.960000e+00    4.765086e-01
    1.980000e+00    4.757464e-01
    2.000000e+00    4.749895e-01
    2.020000e+00    4.742384e-01
    2.040000e+00    4.734937e-01
    2.060000e+00    4.727559e-01
    2.080000e+00    4.720256e-01
    2.100000e+00    4.713031e-01
    2.120000e+00    4.705887e-01
    2.140000e+00    4.698829e-01
    2.160000e+00    4.691858e-01
    2.180000e+00    4.684977e-01
    2.200000e+00    4.678188e-01
    2.220000e+00    4.671491e-01
    2.240000e+00    4.664889e-01
    2.260000e+00    4.658383e-01
    2.280000e+00    4.651972e-01
    2.300000e+00    4.645657e-01
    2.320000e+00    4.639439e-01
    2.340000e+00    4.633318e-01
    2.360000e+00    4.627292e-01
    2.380000e+00    4.621363e-01
    2.400000e+00    4.615529e-01
    2.420000e+00    4.609789e-01
    2.440000e+00    4.604144e-01
    2.460000e+00    4.598592e-01
    2.480000e+00    4.593132e-01
    2.500000e+00    4.587764e-01
    2.520000e+00    4.582486e-01
    2.540000e+00    4.577297e-01
    2.560000e+00    4.572196e-01
    2.580000e+00    4.567181e-01
    2.600000e+00    4.562252e-01
    2.620000e+00    4.557407e-01
    2.640000e+00    4.552645e-01
    2.660000e+00    4.547964e-01
    2.680000e+00    4.543363e-01
    2.700000e+00    4.538840e-01
    2.720000e+00    4.534395e-01
    2.740000e+00    4.530026e-01
    2.760000e+00    4.525731e-01
    2.780000e+00    4.521509e-01
    2.800000e+00    4.517359e-01
    2.820000e+00    4.513279e-01
    2.840000e+00    4.509269e-01
    2.860000e+00    4.505326e-01
    2.880000e+00    4.501449e-01
    2.900000e+00    4.497637e-01
    2.920000e+00    4.493889e-01
    2.940000e+00    4.490203e-01
    2.960000e+00    4.486579e-01
    2.980000e+00    4.483015e-01
    3.000000e+00    4.479509e-01
    3.020000e+00    4.476061e-01
    3.040000e+00    4.472670e-01
    3.060000e+00    4.469333e-01
    3.080000e+00    4.466051e-01
    3.100000e+00    4.462822e-01
    3.120000e+00    4.459644e-01
    3.140000e+00    4.456518e-01
    3.160000e+00    4.453441e-01
    3.180000e+00    4.450413e-01
    3.200000e+00    4.447432e-01
    3.220000e+00    4.444499e-01
    3.240000e+00    4.441611e-01
    3.260000e+00    4.438768e-01
    3.280000e+00    4.435969e-01
    3.300000e+00    4.433213e-01
    3.320000e+00    4.430499e-01
    3.340000e+00    4.427826e-01
    3.360000e+00    4.425195e-01
    3.380000e+00    4.422602e-01
    3.400000e+00    4.420049e-01
    3.420000e+00    4.417534e-01
    3.440000e+00    4.415056e-01
    3.460000e+00    4.412616e-01
    3.480000e+00    4.410211e-01
    3.500000e+00    4.407841e-01
    3.520000e+00    4.405506e-01
    3.540000e+00    4.403205e-01
    3.560000e+00    4.400937e-01
    3.580000e+00    4.398702e-01
    3.600000e+00    4.396499e-01
    3.620000e+00    4.394327e-01
    3.640000e+00    4.392186e-01
    3.660000e+00    4.390076e-01
    3.680000e+00    4.387995e-01
    3.700000e+00    4.385943e-01
    3.720000e+00    4.383920e-01
    3.740000e+00    4.381925e-01
    3.760000e+00    4.379958e-01
    3.780000e+00    4.378017e-01
    3.800000e+00    4.376104e-01
    3.820000e+00    4.374216e-01
    3.840000e+00    4.372354e-01
    3.860000e+00    4.370517e-01
    3.880000e+00    4.368705e-01
    3.900000e+00    4.366917e-01
    3.920000e+00    4.365154e-01
    3.940000e+00    4.363414e-01
    3.960000e+00    4.361697e-01
    3.980000e+00    4.360003e-01
    4.000000e+00    4.358331e-01
    4.020000e+00    4.356681e-01
    4.040000e+00    4.355052e-01
    4.060000e+00    4.353445e-01
    4.080000e+00    4.351858e-01
    4.100000e+00    4.350292e-01
    4.120000e+00    4.348746e-01
    4.140000e+00    4.347220e-01
    4.160000e+00    4.345713e-01
    4.180000e+00    4.344225e-01
    4.200000e+00    4.342756e-01
    4.220000e+00    4.341305e-01
    4.240000e+00    4.339873e-01
    4.260000e+00    4.338458e-01
    4.280000e+00    4.337061e-01
    4.300000e+00    4.335681e-01
    4.320000e+00    4.334318e-01
    4.340000e+00    4.332972e-01
    4.360000e+00    4.331643e-01
    4.380000e+00    4.330329e-01
    4.400000e+00    4.329032e-01
    4.420000e+00    4.327750e-01
    4.440000e+00    4.326483e-01
    4.460000e+00    4.325232e-01
    4.480000e+00    4.323996e-01
    4.500000e+00    4.322774e-01
    4.520000e+00    4.321567e-01
    4.540000e+00    4.320375e-01
    4.560000e+00    4.319196e-01
    4.580000e+00    4.318032e-01
    4.600000e+00    4.316881e-01
    4.620000e+00    4.315744e-01
    4.640000e+00    4.314620e-01
    4.660000e+00    4.313509e-01
    4.680000e+00    4.312411e-01
    4.700000e+00    4.311326e-01
    4.720000e+00    4.310253e-01
    4.740000e+00    4.309193e-01
    4.760000e+00    4.308145e-01
    4.780000e+00    4.307110e-01
    4.800000e+00    4.306086e-01
    4.820000e+00    4.305074e-01
    4.840000e+00    4.304073e-01
    4.860000e+00    4.303084e-01
    4.880000e+00    4.302106e-01
    4.900000e+00    4.301140e-01
    4.920000e+00    4.300184e-01
    4.940000e+00    4.299239e-01
    4.960000e+00    4.298305e-01
    4.980000e+00    4.297382e-01
    5.000000e+00    4.296469e-01
    5.020000e+00    4.295566e-01
    5.040000e+00    4.294673e-01
    5.060000e+00    4.293791e-01
    5.080000e+00    4.292918e-01
    5.100000e+00    4.292055e-01
    5.120000e+00    4.291202e-01
    5.140000e+00    4.290358e-01
    5.160000e+00    4.289524e-01
    5.180000e+00    4.288699e-01
    5.200000e+00    4.287883e-01
    5.220000e+00    4.287076e-01
    5.240000e+00    4.286278e-01
    5.260000e+00    4.285489e-01
    5.280000e+00    4.284709e-01
    5.300000e+00    4.283938e-01
    5.320000e+00    4.283174e-01
    5.340000e+00    4.282420e-01
    5.360000e+00    4.281673e-01
    5.380000e+00    4.280935e-01
    5.400000e+00    4.280205e-01
    5.420000e+00    4.279483e-01
    5.440000e+00    4.278769e-01
    5.460000e+00    4.278062e-01
    5.480000e+00    4.277363e-01
    5.500000e+00    4.276672e-01
    5.520000e+00    4.275989e-01
    5.540000e+00    4.275313e-01
    5.560000e+00    4.274644e-01
    5.580000e+00    4.273982e-01
    5.600000e+00    4.273328e-01
    5.620000e+00    4.272681e-01
    5.640000e+00    4.272040e-01
    5.660000e+00    4.271407e-01
    5.680000e+00    4.270780e-01
    5.700000e+00    4.270160e-01
    5.720000e+00    4.269547e-01
    5.740000e+00    4.268940e-01
    5.760000e+00    4.268340e-01
    5.780000e+00    4.267747e-01
    5.800000e+00    4.267159e-01
    5.820000e+00    4.266578e-01
    5.840000e+00    4.266003e-01
    5.860000e+00    4.265434e-01
    5.880000e+00    4.264872e-01
    5.900000e+00    4.264315e-01
    5.920000e+00    4.263764e-01
    5.940000e+00    4.263219e-01
    5.960000e+00    4.262680e-01
    5.980000e+00    4.262147e-01
    6.000000e+00    4.261619e-01
    6.020000e+00    4.261097e-01
    6.040000e+00    4.260580e-01
    6.060000e+00    4.260069e-01
    6.080000e+00    4.259563e-01
    6.100000e+00    4.259062e-01
    6.120000e+00    4.258567e-01
    6.140000e+00    4.258077e-01
    6.160000e+00    4.257592e-01
    6.180000e+00    4.257112e-01
    6.200000e+00    4.256637e-01
    6.220000e+00    4.256167e-01
    6.240000e+00    4.255702e-01
    6.260000e+00    4.255242e-01
    6.280000e+00    4.254786e-01
    6.300000e+00    4.254336e-01
    6.320000e+00    4.253890e-01
    6.340000e+00    4.253448e-01
    6.360000e+00    4.253011e-01
    6.380000e+00    4.252579e-01
    6.400000e+00    4.252151e-01
    6.420000e+00    4.251728e-01
    6.440000e+00    4.251309e-01
    6.460000e+00    4.250894e-01
    6.480000e+00    4.250484e-01
    6.500000e+00    4.250077e-01
    6.520000e+00    4.249675e-01
    6.540000e+00    4.249277e-01
    6.560000e+00    4.248883e-01
    6.580000e+00    4.248494e-01
    6.600000e+00    4.248108e-01
    6.620000e+00    4.247726e-01
    6.640000e+00    4.247348e-01
    6.660000e+00    4.246974e-01
    6.680000e+00    4.246604e-01
    6.700000e+00    4.246237e-01
    6.720000e+00    4.245875e-01
    6.740000e+00    4.245516e-01
    6.760000e+00    4.245161e-01
    6.780000e+00    4.244809e-01
    6.800000e+00    4.244461e-01
    6.820000e+00    4.244116e-01
    6.840000e+00    4.243775e-01
    6.860000e+00    4.243437e-01
    6.880000e+00    4.243103e-01
    6.900000e+00    4.242772e-01
    6.920000e+00    4.242445e-01
    6.940000e+00    4.242120e-01
    6.960000e+00    4.241799e-01
    6.980000e+00    4.241482e-01
    7.000000e+00    4.241167e-01
    7.020000e+00    4.240856e-01
    7.040000e+00    4.240547e-01
    7.060000e+00    4.240242e-01
    7.080000e+00    4.239940e-01
    7.100000e+00    4.239641e-01
    7.120000e+00    4.239344e-01
    7.140000e+00    4.239051e-01
    7.160000e+00    4.238761e-01
    7.180000e+00    4.238474e-01
    7.200000e+00    4.238189e-01
    7.220000e+00    4.237908e-01
    7.240000e+00    4.237629e-01
    7.260000e+00    4.237353e-01
    7.280000e+00    4.237079e-01
    7.300000e+00    4.236809e-01
    7.320000e+00    4.236541e-01
    7.340000e+00    4.236276e-01
    7.360000e+00    4.236013e-01
    7.380000e+00    4.235753e-01
    7.400000e+00    4.235496e-01
    7.420000e+00    4.235241e-01
    7.440000e+00    4.234989e-01
    7.460000e+00    4.234740e-01
    7.480000e+00    4.234493e-01
    7.500000e+00    4.234248e-01
    7.520000e+00    4.234006e-01
    7.540000e+00    4.233766e-01
    7.560000e+00    4.233528e-01
    7.580000e+00    4.233293e-01
    7.600000e+00    4.233061e-01
    7.620000e+00    4.232830e-01
    7.640000e+00    4.232602e-01
    7.660000e+00    4.232376e-01
    7.680000e+00    4.232153e-01
    7.700000e+00    4.231931e-01
    7.720000e+00    4.231712e-01
    7.740000e+00    4.231495e-01
    7.760000e+00    4.231280e-01
    7.780000e+00    4.231067e-01
    7.800000e+00    4.230856e-01
    7.820000e+00    4.230648e-01
    7.840000e+00    4.230441e-01
    7.860000e+00    4.230236e-01
    7.880000e+00    4.230034e-01
    7.900000e+00    4.229833e-01
    7.920000e+00    4.229634e-01
    7.940000e+00    4.229437e-01
    7.960000e+00    4.229242e-01
    7.980000e+00    4.229049e-01
    8.000000e+00    4.228858e-01
    8.020000e+00    4.228669e-01
    8.040000e+00    4.228481e-01
    8.060000e+00    4.228295e-01
    8.080000e+00    4.228112e-01
    8.100000e+00    4.227930e-01
    8.120000e+00    4.227749e-01
    8.140000e+00    4.227571e-01
    8.160000e+00    4.227394e-01
    8.180000e+00    4.227219e-01
    8.200000e+00    4.227045e-01
    8.220000e+00    4.226873e-01
    8.240000e+00    4.226703e-01
    8.260000e+00    4.226535e-01
    8.280000e+00    4.226368e-01
    8.300000e+00    4.226202e-01
    8.320000e+00    4.226039e-01
    8.340000e+00    4.225876e-01
    8.360000e+00    4.225716e-01
    8.380000e+00    4.225557e-01
    8.400000e+00    4.225399e-01
    8.420000e+00    4.225243e-01
    8.440000e+00    4.225088e-01
    8.460000e+00    4.224935e-01
    8.480000e+00    4.224784e-01
    8.500000e+00    4.224634e-01
    8.520000e+00    4.224485e-01
    8.540000e+00    4.224337e-01
    8.560000e+00    4.224191e-01
    8.580000e+00    4.224047e-01
    8.600000e+00    4.223904e-01
    8.620000e+00    4.223762e-01
    8.640000e+00    4.223621e-01
    8.660000e+00    4.223482e-01
    8.680000e+00    4.223344e-01
    8.700000e+00    4.223208e-01
    8.720000e+00    4.223073e-01
    8.740000e+00    4.222939e-01
    8.760000e+00    4.222806e-01
    8.780000e+00    4.222674e-01
    8.800000e+00    4.222544e-01
    8.820000e+00    4.222415e-01
    8.840000e+00    4.222288e-01
    8.860000e+00    4.222161e-01
    8.880000e+00    4.222036e-01
    8.900000e+00    4.221911e-01
    8.920000e+00    4.221788e-01
    8.940000e+00    4.221666e-01
    8.960000e+00    4.221546e-01
    8.980000e+00    4.221426e-01
    9.000000e+00    4.221308e-01
    9.020000e+00    4.221190e-01
    9.040000e+00    4.221074e-01
    9.060000e+00    4.220959e-01
    9.080000e+00    4.220844e-01
    9.100000e+00    4.220731e-01
    9.120000e+00    4.220619e-01
    9.140000e+00    4.220508e-01
    9.160000e+00    4.220398e-01
    9.180000e+00    4.220289e-01
    9.200000e+00    4.220181e-01
    9.220000e+00    4.220074e-01
    9.240000e+00    4.219968e-01
    9.260000e+00    4.219863e-01
    9.280000e+00    4.219759e-01
    9.300000e+00    4.219656e-01
    9.320000e+00    4.219554e-01
    9.340000e+00    4.219453e-01
    9.360000e+00    4.219353e-01
    9.380000e+00    4.219253e-01
    9.400000e+00    4.219155e-01
    9.420000e+00    4.219057e-01
    9.440000e+00    4.218961e-01
    9.460000e+00    4.218865e-01
    9.480000e+00    4.218770e-01
    9.500000e+00    4.218676e-01
    9.520000e+00    4.218583e-01
    9.540000e+00    4.218491e-01
    9.560000e+00    4.218399e-01
    9.580000e+00    4.218309e-01
    9.600000e+00    4.218219e-01
    9.620000e+00    4.218130e-01
    9.640000e+00    4.218042e-01
    9.660000e+00    4.217955e-01
    9.680000e+00    4.217868e-01
    9.700000e+00    4.217782e-01
    9.720000e+00    4.217697e-01
    9.740000e+00    4.217613e-01
    9.760000e+00    4.217530e-01
    9.780000e+00    4.217447e-01
    9.800000e+00    4.217366e-01
    9.820000e+00    4.217285e-01
    9.840000e+00    4.217204e-01
    9.860000e+00    4.217125e-01
    9.880000e+00    4.217046e-01
    9.900000e+00    4.216969e-01
    9.920000e+00    4.216891e-01
    9.940000e+00    4.216815e-01
    9.960000e+00    4.216739e-01
    9.980000e+00    4.216664e-01
    1.000000e+01    4.216590e-01
    1.002000e+01    4.216517e-01
    1.004000e+01    4.216444e-01
    1.006000e+01    4.216372e-01
    1.008000e+01    4.216300e-01
    1.010000e+01    4.216229e-01
    1.012000e+01    4.216159e-01
    1.014000e+01    4.216090e-01
    1.016000e+01    4.216021e-01
    1.018000e+01    4.215953e-01
    1.020000e+01    4.215885e-01
    1.022000e+01    4.215818e-01
    1.024000e+01    4.215752e-01
    1.026000e+01    4.215686e-01
    1.028000e+01    4.215621e-01
    1.030000e+01    4.215557e-01
    1.032000e+01    4.215493e-01
    1.034000e+01    4.215430e-01
    1.036000e+01    4.215367e-01
    1.038000e+01    4.215305e-01
    1.040000e+01    4.215243e-01
    1.042000e+01    4.215182e-01
    1.044000e+01    4.215122e-01
    1.046000e+01    4.215062e-01
    1.048000e+01    4.215003e-01
    1.050000e+01    4.214944e-01
    1.052000e+01    4.214885e-01
    1.054000e+01    4.214828e-01
    1.056000e+01    4.214771e-01
    1.058000e+01    4.214714e-01
    1.060000e+01    4.214658e-01
    1.062000e+01    4.214602e-01
    1.064000e+01    4.214547e-01
    1.066000e+01    4.214492e-01
    1.068000e+01    4.214438e-01
    1.070000e+01    4.214384e-01
    1.072000e+01    4.214331e-01
    1.074000e+01    4.214278e-01
    1.076000e+01    4.214226e-01
    1.078000e+01    4.214174e-01
    1.080000e+01    4.214123e-01
    1.082000e+01    4.214072e-01
    1.084000e+01    4.214022e-01
    1.086000e+01    4.213972e-01
    1.088000e+01    4.213922e-01
    1.090000e+01    4.213873e-01
    1.092000e+01    4.213825e-01
    1.094000e+01    4.213777e-01
    1.096000e+01    4.213729e-01
    1.098000e+01    4.213682e-01
    1.100000e+01    4.213635e-01
    1.102000e+01    4.213589e-01
    1.104000e+01    4.213543e-01
    1.106000e+01    4.213497e-01
    1.108000e+01    4.213452e-01
    1.110000e+01    4.213407e-01
    1.112000e+01    4.213363e-01
    1.114000e+01    4.213319e-01
    1.116000e+01    4.213275e-01
    1.118000e+01    4.213232e-01
    1.120000e+01    4.213190e-01
    1.122000e+01    4.213147e-01
    1.124000e+01    4.213105e-01
    1.126000e+01    4.213064e-01
    1.128000e+01    4.213022e-01
    1.130000e+01    4.212981e-01
    1.132000e+01    4.212941e-01
    1.134000e+01    4.212901e-01
    1.136000e+01    4.212861e-01
    1.138000e+01    4.212822e-01
    1.140000e+01    4.212783e-01
    1.142000e+01    4.212744e-01
    1.144000e+01    4.212705e-01
    1.146000e+01    4.212667e-01
    1.148000e+01    4.212630e-01
    1.150000e+01    4.212592e-01
    1.152000e+01    4.212555e-01
    1.154000e+01    4.212519e-01
    1.156000e+01    4.212482e-01
    1.158000e+01    4.212446e-01
    1.160000e+01    4.212411e-01
    1.162000e+01    4.212375e-01
    1.164000e+01    4.212340e-01
    1.166000e+01    4.212305e-01
    1.168000e+01    4.212271e-01
    1.170000e+01    4.212237e-01
    1.172000e+01    4.212203e-01
    1.174000e+01    4.212169e-01
    1.176000e+01    4.212136e-01
    1.178000e+01    4.212103e-01
    1.180000e+01    4.212070e-01
    1.182000e+01    4.212038e-01
    1.184000e+01    4.212006e-01
    1.186000e+01    4.211974e-01
    1.188000e+01    4.211942e-01
    1.190000e+01    4.211911e-01
    1.192000e+01    4.211880e-01
    1.194000e+01    4.211849e-01
    1.196000e+01    4.211819e-01
    1.198000e+01    4.211789e-01
    1.200000e+01    4.211759e-01
    1.202000e+01    4.211729e-01
    1.204000e+01    4.211699e-01
    1.206000e+01    4.211670e-01
    1.208000e+01    4.211641e-01
    1.210000e+01    4.211612e-01
    1.212000e+01    4.211584e-01
    1.214000e+01    4.211555e-01
    1.216000e+01    4.211527e-01
    1.218000e+01    4.211500e-01
    1.220000e+01    4.211472e-01
    1.222000e+01    4.211445e-01
    1.224000e+01    4.211418e-01
    1.226000e+01    4.211391e-01
    1.228000e+01    4.211364e-01
    1.230000e+01    4.211338e-01
    1.232000e+01    4.211311e-01
    1.234000e+01    4.211286e-01
    1.236000e+01    4.211260e-01
    1.238000e+01    4.211234e-01
    1.240000e+01    4.211209e-01
    1.242000e+01    4.211184e-01
    1.244000e+01    4.211159e-01
    1.246000e+01    4.211134e-01
    1.248000e+01    4.211110e-01
    1.250000e+01    4.211085e-01
    1.252000e+01    4.211061e-01
    1.254000e+01    4.211038e-01
    1.256000e+01    4.211014e-01
    1.258000e+01    4.210990e-01
    1.260000e+01    4.210967e-01
    1.262000e+01    4.210944e-01
    1.264000e+01    4.210921e-01
    1.266000e+01    4.210898e-01
    1.268000e+01    4.210876e-01
    1.270000e+01    4.210854e-01
    1.272000e+01    4.210832e-01
    1.274000e+01    4.210810e-01
    1.276000e+01    4.210788e-01
    1.278000e+01    4.210766e-01
    1.280000e+01    4.210745e-01
    1.282000e+01    4.210724e-01
    1.284000e+01    4.210703e-01
    1.286000e+01    4.210682e-01
    1.288000e+01    4.210661e-01
    1.290000e+01    4.210641e-01
    1.292000e+01    4.210620e-01
    1.294000e+01    4.210600e-01
    1.296000e+01    4.210580e-01
    1.298000e+01    4.210560e-01
    1.300000e+01    4.210541e-01
    1.302000e+01    4.210521e-01
    1.304000e+01    4.210502e-01
    1.306000e+01    4.210483e-01
    1.308000e+01    4.210464e-01
    1.310000e+01    4.210445e-01
    1.312000e+01    4.210426e-01
    1.314000e+01    4.210407e-01
    1.316000e+01    4.210389e-01
    1.318000e+01    4.210371e-01
    1.320000e+01    4.210353e-01
    1.322000e+01    4.210335e-01
    1.324000e+01    4.210317e-01
    1.326000e+01    4.210299e-01
    1.328000e+01    4.210281e-01
    1.330000e+01    4.210264e-01
    1.332000e+01    4.210247e-01
    1.334000e+01    4.210230e-01
    1.336000e+01    4.210213e-01
    1.338000e+01    4.210196e-01
    1.340000e+01    4.210179e-01
    1.342000e+01    4.210162e-01
    1.344000e+01    4.210146e-01
    1.346000e+01    4.210129e-01
    1.348000e+01    4.210113e-01
    1.350000e+01    4.210097e-01
    1.352000e+01    4.210081e-01
    1.354000e+01    4.210065e-01
    1.356000e+01    4.210050e-01
    1.358000e+01    4.210034e-01
    1.360000e+01    4.210019e-01
    1.362000e+01    4.210003e-01
    1.364000e+01    4.209988e-01
    1.366000e+01    4.209973e-01
    1.368000e+01    4.209958e-01
    1.370000e+01    4.209943e-01
    1.372000e+01    4.209928e-01
    1.374000e+01    4.209914e-01
    1.376000e+01    4.209899e-01
    1.378000e+01    4.209885e-01
    1.380000e+01    4.209871e-01
    1.382000e+01    4.209856e-01
    1.384000e+01    4.209842e-01
    1.386000e+01    4.209828e-01
    1.388000e+01    4.209814e-01
    1.390000e+01    4.209801e-01
    1.392000e+01    4.209787e-01
    1.394000e+01    4.209773e-01
    1.396000e+01    4.209760e-01
    1.398000e+01    4.209747e-01
    1.400000e+01    4.209733e-01
    1.402000e+01    4.209720e-01
    1.404000e+01    4.209707e-01
    1.406000e+01    4.209694e-01
    1.408000e+01    4.209681e-01
    1.410000e+01    4.209668e-01
    1.412000e+01    4.209656e-01
    1.414000e+01    4.209643e-01
    1.416000e+01    4.209631e-01
    1.418000e+01    4.209618e-01
    1.420000e+01    4.209606e-01
    1.422000e+01    4.209594e-01
    1.424000e+01    4.209582e-01
    1.426000e+01    4.209570e-01
    1.428000e+01    4.209558e-01
    1.430000e+01    4.209546e-01
    1.432000e+01    4.209534e-01
    1.434000e+01    4.209523e-01
    1.436000e+01    4.209511e-01
    1.438000e+01    4.209500e-01
    1.440000e+01    4.209488e-01
    1.442000e+01    4.209477e-01
    1.444000e+01    4.209466e-01
    1.446000e+01    4.209455e-01
    1.448000e+01    4.209444e-01
    1.450000e+01    4.209433e-01
    1.452000e+01    4.209422e-01
    1.454000e+01    4.209412e-01
    1.456000e+01    4.209401e-01
    1.458000e+01    4.209391e-01
    1.460000e+01    4.209380e-01
    1.462000e+01    4.209370e-01
    1.464000e+01    4.209360e-01
    1.466000e+01    4.209349e-01
    1.468000e+01    4.209339e-01
    1.470000e+01    4.209329e-01
    1.472000e+01    4.209320e-01
    1.474000e+01    4.209310e-01
    1.476000e+01    4.209300e-01
    1.478000e+01    4.209291e-01
    1.480000e+01    4.209281e-01
    1.482000e+01    4.209272e-01
    1.484000e+01    4.209262e-01
    1.486000e+01    4.209253e-01
    1.488000e+01    4.209244e-01
    1.490000e+01    4.209235e-01
    1.492000e+01    4.209226e-01
    1.494000e+01    4.209217e-01
    1.496000e+01    4.209208e-01
    1.498000e+01    4.209199e-01
