0.000001114984753969317 1.0000000000000002
0.2791999872891737 0.8655462184873951
0.4049178632543672 0.7504848093083389
0.5306357392195609 0.6354234001292827
0.7184125516063723 0.4990303813833227
0.8821324529413715 0.41564318034906267
1.0907472153952633 0.3600517129928954
1.3511563646256595 0.3322559793148151
1.6581451169382082 0.30898513251455983
1.9616740715591638 0.27989657401423884
2.294514860377429 0.24434389140273294
2.606661532161875 0.21137685843569876
2.936062593014119 0.18164188752425559
3.265471458759641 0.1564318034906408
3.5948780945356558 0.12992889463478963
3.927738953079491 0.1060116354234113
