0 1
0.20035778175313068 0.9262038774233896
0.30053667262969597 0.8464665415884929
0.3975849731663684 0.7617260787992497
0.47584973166368494 0.691682301438399
0.5509838998211092 0.6307066916823024
0.6261180679785332 0.5809881175734832
0.7075134168157422 0.5397123202001253
0.8577817531305905 0.511882426516573
1.0017889087656526 0.5306441525953725
1.1019677996422181 0.5587867417135715
1.211538461538461 0.5894308943089435
1.3336314847942752 0.6138211382113824
1.5402504472271914 0.6288305190744218
1.7969588550983902 0.620387742338962
2.0348837209302317 0.6135084427767357
2.310375670840787 0.6138211382113823
2.5483005366726292 0.6160100062539089
2.84257602862254 0.6172607879924954
3.143112701252236 0.6169480925578488
3.4624329159212817 0.6166353971232021
3.8474955277280882 0.6169480925578488
4.27638640429338 0.6169480925578488
4.708407871198569 0.6172607879924954
5.184257602862255 0.6172607879924954
5.656976744186044 0.6172607879924954
6.1735241502683325 0.6172607879924954
6.730769230769226 0.6172607879924954
