    0.000000e+00             nan
    5.000000e-02    6.467044e-05
    1.000000e-01    8.104650e-04
    1.500000e-01    3.383801e-03
    2.000000e-01    8.976804e-03
    2.500000e-01    1.853694e-02
    3.000000e-01    3.263586e-02
    3.500000e-01    5.144907e-02
    4.000000e-01    7.480197e-02
    4.500000e-01    1.022472e-01
    5.000000e-01    1.331498e-01
    5.500000e-01    1.667654e-01
    6.000000e-01    2.023077e-01
    6.500000e-01    2.390001e-01
    7.000000e-01    2.761146e-01
    7.500000e-01    3.129981e-01
    8.000000e-01    3.490888e-01
    8.500000e-01    3.839236e-01
    9.000000e-01    4.171397e-01
    9.500000e-01    4.484700e-01
    1.000000e+00    4.777358e-01
    1.050000e+00    5.048356e-01
    1.100000e+00    5.297335e-01
    1.150000e+00    5.524457e-01
    1.200000e+00    5.730274e-01
    1.250000e+00    5.915608e-01
    1.300000e+00    6.081436e-01
    1.350000e+00    6.228795e-01
    1.400000e+00    6.358711e-01
    1.450000e+00    6.472140e-01
    1.500000e+00    6.569939e-01
    1.550000e+00    6.652853e-01
    1.600000e+00    6.721524e-01
    1.650000e+00    6.776504e-01
    1.700000e+00    6.818291e-01
    1.750000e+00    6.847363e-01
    1.800000e+00    6.864213e-01
    1.850000e+00    6.869386e-01
    1.900000e+00    6.863504e-01
    1.950000e+00    6.847289e-01
    2.000000e+00    6.821570e-01
    2.050000e+00    6.787286e-01
    2.100000e+00    6.745469e-01
    2.150000e+00    6.697231e-01
    2.200000e+00    6.643729e-01
    2.250000e+00    6.586135e-01
    2.300000e+00    6.525600e-01
    2.350000e+00    6.463215e-01
    2.400000e+00    6.399983e-01
    2.450000e+00    6.336783e-01
    2.500000e+00    6.274356e-01
    2.550000e+00    6.213286e-01
    2.600000e+00    6.154002e-01
    2.650000e+00    6.096778e-01
    2.700000e+00    6.041750e-01
    2.750000e+00    5.988932e-01
    2.800000e+00    5.938246e-01
    2.850000e+00    5.889542e-01
    2.900000e+00    5.842631e-01
    2.950000e+00    5.797306e-01
    3.000000e+00    5.753368e-01
    3.050000e+00    5.710640e-01
    3.100000e+00    5.668979e-01
    3.150000e+00    5.628283e-01
    3.200000e+00    5.588488e-01
    3.250000e+00    5.549564e-01
    3.300000e+00    5.511507e-01
    3.350000e+00    5.474326e-01
    3.400000e+00    5.438031e-01
    3.450000e+00    5.402618e-01
    3.500000e+00    5.368062e-01
    3.550000e+00    5.334304e-01
    3.600000e+00    5.301249e-01
    3.650000e+00    5.268762e-01
    3.700000e+00    5.236671e-01
    3.750000e+00    5.204773e-01
    3.800000e+00    5.172844e-01
    3.850000e+00    5.140648e-01
    3.900000e+00    5.107949e-01
    3.950000e+00    5.074526e-01
    4.000000e+00    5.040180e-01
    4.050000e+00    5.004750e-01
    4.100000e+00    4.968116e-01
    4.150000e+00    4.930209e-01
    4.200000e+00    4.891008e-01
    4.250000e+00    4.850544e-01
    4.300000e+00    4.808893e-01
    4.350000e+00    4.766174e-01
    4.400000e+00    4.722540e-01
    4.450000e+00    4.678166e-01
    4.500000e+00    4.633245e-01
    4.550000e+00    4.587977e-01
    4.600000e+00    4.542558e-01
    4.650000e+00    4.497176e-01
    4.700000e+00    4.452005e-01
    4.750000e+00    4.407199e-01
    4.800000e+00    4.362893e-01
    4.850000e+00    4.319202e-01
    4.900000e+00    4.276221e-01
    4.950000e+00    4.234029e-01
    5.000000e+00    4.192693e-01
    5.050000e+00    4.152271e-01
    5.100000e+00    4.112815e-01
    5.150000e+00    4.074375e-01
    5.200000e+00    4.037001e-01
    5.250000e+00    4.000743e-01
    5.300000e+00    3.965654e-01
    5.350000e+00    3.931784e-01
    5.400000e+00    3.899183e-01
    5.450000e+00    3.867893e-01
    5.500000e+00    3.837948e-01
    5.550000e+00    3.809370e-01
    5.600000e+00    3.782161e-01
    5.650000e+00    3.756308e-01
    5.700000e+00    3.731773e-01
    5.750000e+00    3.708496e-01
    5.800000e+00    3.686396e-01
    5.850000e+00    3.665370e-01
    5.900000e+00    3.645296e-01
    5.950000e+00    3.626041e-01
    6.000000e+00    3.607456e-01
    6.050000e+00    3.589392e-01
    6.100000e+00    3.571697e-01
    6.150000e+00    3.554226e-01
    6.200000e+00    3.536842e-01
    6.250000e+00    3.519424e-01
    6.300000e+00    3.501866e-01
    6.350000e+00    3.484085e-01
    6.400000e+00    3.466016e-01
    6.450000e+00    3.447617e-01
    6.500000e+00    3.428866e-01
    6.550000e+00    3.409761e-01
    6.600000e+00    3.390316e-01
    6.650000e+00    3.370564e-01
    6.700000e+00    3.350545e-01
    6.750000e+00    3.330312e-01
    6.800000e+00    3.309925e-01
    6.850000e+00    3.289447e-01
    6.900000e+00    3.268943e-01
    6.950000e+00    3.248482e-01
    7.000000e+00    3.228131e-01
    7.050000e+00    3.207954e-01
    7.100000e+00    3.188017e-01
    7.150000e+00    3.168383e-01
    7.200000e+00    3.149111e-01
    7.250000e+00    3.130260e-01
    7.300000e+00    3.111888e-01
    7.350000e+00    3.094049e-01
    7.400000e+00    3.076796e-01
    7.450000e+00    3.060176e-01
    7.500000e+00    3.044234e-01
    7.550000e+00    3.029010e-01
    7.600000e+00    3.014535e-01
    7.650000e+00    3.000835e-01
    7.700000e+00    2.987924e-01
    7.750000e+00    2.975808e-01
    7.800000e+00    2.964481e-01
    7.850000e+00    2.953926e-01
    7.900000e+00    2.944113e-01
    7.950000e+00    2.935002e-01
    8.000000e+00    2.926541e-01
    8.050000e+00    2.918670e-01
    8.100000e+00    2.911318e-01
    8.150000e+00    2.904411e-01
    8.200000e+00    2.897870e-01
    8.250000e+00    2.891614e-01
    8.300000e+00    2.885562e-01
    8.350000e+00    2.879636e-01
    8.400000e+00    2.873764e-01
    8.450000e+00    2.867878e-01
    8.500000e+00    2.861919e-01
    8.550000e+00    2.855839e-01
    8.600000e+00    2.849595e-01
    8.650000e+00    2.843159e-01
    8.700000e+00    2.836510e-01
    8.750000e+00    2.829637e-01
    8.800000e+00    2.822538e-01
    8.850000e+00    2.815222e-01
    8.900000e+00    2.807702e-01
    8.950000e+00    2.799999e-01
    9.000000e+00    2.792139e-01
    9.050000e+00    2.784154e-01
    9.100000e+00    2.776077e-01
    9.150000e+00    2.767945e-01
    9.200000e+00    2.759798e-01
    9.250000e+00    2.751675e-01
    9.300000e+00    2.743617e-01
    9.350000e+00    2.735664e-01
    9.400000e+00    2.727857e-01
    9.450000e+00    2.720234e-01
    9.500000e+00    2.712833e-01
    9.550000e+00    2.705689e-01
    9.600000e+00    2.698834e-01
    9.650000e+00    2.692298e-01
    9.700000e+00    2.686105e-01
    9.750000e+00    2.680279e-01
    9.800000e+00    2.674834e-01
    9.850000e+00    2.669781e-01
    9.900000e+00    2.665126e-01
    9.950000e+00    2.660869e-01
    1.000000e+01    2.657001e-01
    1.005000e+01    2.653511e-01
    1.010000e+01    2.650379e-01
    1.015000e+01    2.647581e-01
    1.020000e+01    2.645087e-01
    1.025000e+01    2.642864e-01
    1.030000e+01    2.640875e-01
    1.035000e+01    2.639080e-01
    1.040000e+01    2.637437e-01
    1.045000e+01    2.635905e-01
    1.050000e+01    2.634443e-01
    1.055000e+01    2.633011e-01
    1.060000e+01    2.631571e-01
    1.065000e+01    2.630090e-01
    1.070000e+01    2.628537e-01
    1.075000e+01    2.626886e-01
    1.080000e+01    2.625116e-01
    1.085000e+01    2.623211e-01
    1.090000e+01    2.621159e-01
    1.095000e+01    2.618955e-01
    1.100000e+01    2.616596e-01
    1.105000e+01    2.614086e-01
    1.110000e+01    2.611433e-01
    1.115000e+01    2.608646e-01
    1.120000e+01    2.605741e-01
    1.125000e+01    2.602735e-01
    1.130000e+01    2.599648e-01
    1.135000e+01    2.596499e-01
    1.140000e+01    2.593314e-01
    1.145000e+01    2.590114e-01
    1.150000e+01    2.586925e-01
    1.155000e+01    2.583770e-01
    1.160000e+01    2.580673e-01
    1.165000e+01    2.577658e-01
    1.170000e+01    2.574746e-01
    1.175000e+01    2.571957e-01
    1.180000e+01    2.569310e-01
    1.185000e+01    2.566821e-01
    1.190000e+01    2.564504e-01
    1.195000e+01    2.562370e-01
    1.200000e+01    2.560427e-01
    1.205000e+01    2.558679e-01
    1.210000e+01    2.557128e-01
    1.215000e+01    2.555772e-01
    1.220000e+01    2.554607e-01
    1.225000e+01    2.553624e-01
    1.230000e+01    2.552812e-01
    1.235000e+01    2.552156e-01
    1.240000e+01    2.551642e-01
    1.245000e+01    2.551249e-01
    1.250000e+01    2.550959e-01
    1.255000e+01    2.550751e-01
    1.260000e+01    2.550602e-01
    1.265000e+01    2.550492e-01
    1.270000e+01    2.550398e-01
    1.275000e+01    2.550301e-01
    1.280000e+01    2.550180e-01
    1.285000e+01    2.550019e-01
    1.290000e+01    2.549802e-01
    1.295000e+01    2.549516e-01
    1.300000e+01    2.549149e-01
    1.305000e+01    2.548694e-01
    1.310000e+01    2.548144e-01
    1.315000e+01    2.547497e-01
    1.320000e+01    2.546752e-01
    1.325000e+01    2.545912e-01
    1.330000e+01    2.544979e-01
    1.335000e+01    2.543962e-01
    1.340000e+01    2.542867e-01
    1.345000e+01    2.541705e-01
    1.350000e+01    2.540488e-01
    1.355000e+01    2.539226e-01
    1.360000e+01    2.537935e-01
    1.365000e+01    2.536626e-01
    1.370000e+01    2.535315e-01
    1.375000e+01    2.534014e-01
    1.380000e+01    2.532739e-01
    1.385000e+01    2.531501e-01
    1.390000e+01    2.530313e-01
    1.395000e+01    2.529187e-01
    1.400000e+01    2.528133e-01
    1.405000e+01    2.527159e-01
    1.410000e+01    2.526274e-01
    1.415000e+01    2.525482e-01
    1.420000e+01    2.524788e-01
    1.425000e+01    2.524193e-01
    1.430000e+01    2.523699e-01
    1.435000e+01    2.523304e-01
    1.440000e+01    2.523004e-01
    1.445000e+01    2.522795e-01
    1.450000e+01    2.522670e-01
    1.455000e+01    2.522622e-01
    1.460000e+01    2.522641e-01
    1.465000e+01    2.522717e-01
    1.470000e+01    2.522840e-01
    1.475000e+01    2.522998e-01
    1.480000e+01    2.523180e-01
    1.485000e+01    2.523374e-01
    1.490000e+01    2.523569e-01
    1.495000e+01    2.523755e-01
