    0.000000e+00    1.000000e+00	    0.000000e+00	
    2.500000e-03    9.999938e-01	    6.249923e-06	
    5.000000e-03    9.999750e-01	    2.499878e-05	
    7.500000e-03    9.999438e-01	    5.624380e-05	
    1.000000e-02    9.999000e-01	    9.998039e-05	
    1.250000e-02    9.998438e-01	    1.562021e-04	
    1.500000e-02    9.997751e-01	    2.249007e-04	
    1.750000e-02    9.996939e-01	    3.060660e-04	
    2.000000e-02    9.996003e-01	    3.996861e-04	
    2.250000e-02    9.994943e-01	    5.057472e-04	
    2.500000e-02    9.993758e-01	    6.242337e-04	
    2.750000e-02    9.992449e-01	    7.551281e-04	
    3.000000e-02    9.991016e-01	    8.984111e-04	
    3.250000e-02    9.989459e-01	    1.054062e-03	
    3.500000e-02    9.987779e-01	    1.222057e-03	
    3.750000e-02    9.985976e-01	    1.402372e-03	
    4.000000e-02    9.984050e-01	    1.594980e-03	
    4.250000e-02    9.982001e-01	    1.799854e-03	
    4.500000e-02    9.979830e-01	    2.016963e-03	
    4.750000e-02    9.977537e-01	    2.246274e-03	
    5.000000e-02    9.975122e-01	    2.487756e-03	
    5.250000e-02    9.972586e-01	    2.741371e-03	
    5.500000e-02    9.969929e-01	    3.007084e-03	
    5.750000e-02    9.967151e-01	    3.284855e-03	
    6.000000e-02    9.964254e-01	    3.574644e-03	
    6.250000e-02    9.961236e-01	    3.876409e-03	
    6.500000e-02    9.958099e-01	    4.190105e-03	
    6.750000e-02    9.954843e-01	    4.515688e-03	
    7.000000e-02    9.951469e-01	    4.853109e-03	
    7.250000e-02    9.947977e-01	    5.202321e-03	
    7.500000e-02    9.944367e-01	    5.563272e-03	
    7.750000e-02    9.940641e-01	    5.935911e-03	
    8.000000e-02    9.936798e-01	    6.320184e-03	
    8.250000e-02    9.932840e-01	    6.716035e-03	
    8.500000e-02    9.928766e-01	    7.123409e-03	
    8.750000e-02    9.924578e-01	    7.542247e-03	
    9.000000e-02    9.920275e-01	    7.972489e-03	
    9.250000e-02    9.915859e-01	    8.414074e-03	
    9.500000e-02    9.911331e-01	    8.866939e-03	
    9.750000e-02    9.906690e-01	    9.331021e-03	
    1.000000e-01    9.901937e-01	    9.806253e-03	
    1.025000e-01    9.897074e-01	    1.029257e-02	
    1.050000e-01    9.892101e-01	    1.078990e-02	
    1.075000e-01    9.887018e-01	    1.129818e-02	
    1.100000e-01    9.881827e-01	    1.181733e-02	
    1.125000e-01    9.876527e-01	    1.234728e-02	
    1.150000e-01    9.871120e-01	    1.288797e-02	
    1.175000e-01    9.865607e-01	    1.343931e-02	
    1.200000e-01    9.859988e-01	    1.400122e-02	
    1.225000e-01    9.854264e-01	    1.457364e-02	
    1.250000e-01    9.848435e-01	    1.515648e-02	
    1.275000e-01    9.842503e-01	    1.574967e-02	
    1.300000e-01    9.836469e-01	    1.635311e-02	
    1.325000e-01    9.830333e-01	    1.696674e-02	
    1.350000e-01    9.824095e-01	    1.759047e-02	
    1.375000e-01    9.817758e-01	    1.822421e-02	
    1.400000e-01    9.811321e-01	    1.886788e-02	
    1.425000e-01    9.804786e-01	    1.952140e-02	
    1.450000e-01    9.798153e-01	    2.018467e-02	
    1.475000e-01    9.791424e-01	    2.085761e-02	
    1.500000e-01    9.784599e-01	    2.154013e-02	
    1.525000e-01    9.777679e-01	    2.223215e-02	
    1.550000e-01    9.770664e-01	    2.293356e-02	
    1.575000e-01    9.763557e-01	    2.364429e-02	
    1.600000e-01    9.756358e-01	    2.436423e-02	
    1.625000e-01    9.749067e-01	    2.509330e-02	
    1.650000e-01    9.741686e-01	    2.583139e-02	
    1.675000e-01    9.734216e-01	    2.657843e-02	
    1.700000e-01    9.726657e-01	    2.733431e-02	
    1.725000e-01    9.719011e-01	    2.809893e-02	
    1.750000e-01    9.711278e-01	    2.887220e-02	
    1.775000e-01    9.703460e-01	    2.965403e-02	
    1.800000e-01    9.695557e-01	    3.044431e-02	
    1.825000e-01    9.687570e-01	    3.124295e-02	
    1.850000e-01    9.679501e-01	    3.204985e-02	
    1.875000e-01    9.671351e-01	    3.286491e-02	
    1.900000e-01    9.663120e-01	    3.368803e-02	
    1.925000e-01    9.654809e-01	    3.451911e-02	
    1.950000e-01    9.646420e-01	    3.535804e-02	
    1.975000e-01    9.637953e-01	    3.620474e-02	
    2.000000e-01    9.629409e-01	    3.705909e-02	
    2.025000e-01    9.620790e-01	    3.792100e-02	
    2.050000e-01    9.612096e-01	    3.879036e-02	
    2.075000e-01    9.603329e-01	    3.966706e-02	
    2.100000e-01    9.594490e-01	    4.055102e-02	
    2.125000e-01    9.585579e-01	    4.144212e-02	
    2.150000e-01    9.576597e-01	    4.234026e-02	
    2.175000e-01    9.567547e-01	    4.324534e-02	
    2.200000e-01    9.558427e-01	    4.415725e-02	
    2.225000e-01    9.549241e-01	    4.507589e-02	
    2.250000e-01    9.539988e-01	    4.600116e-02	
    2.275000e-01    9.530671e-01	    4.693294e-02	
    2.300000e-01    9.521289e-01	    4.787114e-02	
    2.325000e-01    9.511844e-01	    4.881565e-02	
    2.350000e-01    9.502336e-01	    4.976636e-02	
    2.375000e-01    9.492768e-01	    5.072318e-02	
    2.400000e-01    9.483140e-01	    5.168599e-02	
    2.425000e-01    9.473453e-01	    5.265470e-02	
    2.450000e-01    9.463708e-01	    5.362918e-02	
    2.475000e-01    9.453906e-01	    5.460935e-02	
    2.500000e-01    9.444049e-01	    5.559509e-02	
    2.525000e-01    9.434137e-01	    5.658631e-02	
    2.550000e-01    9.424171e-01	    5.758288e-02	
    2.575000e-01    9.414153e-01	    5.858472e-02	
    2.600000e-01    9.404083e-01	    5.959171e-02	
    2.625000e-01    9.393963e-01	    6.060375e-02	
    2.650000e-01    9.383793e-01	    6.162073e-02	
    2.675000e-01    9.373574e-01	    6.264255e-02	
    2.700000e-01    9.363309e-01	    6.366911e-02	
    2.725000e-01    9.352997e-01	    6.470029e-02	
    2.750000e-01    9.342640e-01	    6.573600e-02	
    2.775000e-01    9.332239e-01	    6.677613e-02	
    2.800000e-01    9.321794e-01	    6.782058e-02	
    2.825000e-01    9.311308e-01	    6.886924e-02	
    2.850000e-01    9.300780e-01	    6.992200e-02	
    2.875000e-01    9.290212e-01	    7.097877e-02	
    2.900000e-01    9.279606e-01	    7.203944e-02	
    2.925000e-01    9.268961e-01	    7.310391e-02	
    2.950000e-01    9.258279e-01	    7.417207e-02	
    2.975000e-01    9.247562e-01	    7.524382e-02	
    3.000000e-01    9.236809e-01	    7.631906e-02	
    3.025000e-01    9.226023e-01	    7.739769e-02	
    3.050000e-01    9.215204e-01	    7.847960e-02	
    3.075000e-01    9.204353e-01	    7.956469e-02	
    3.100000e-01    9.193471e-01	    8.065286e-02	
    3.125000e-01    9.182560e-01	    8.174401e-02	
    3.150000e-01    9.171620e-01	    8.283803e-02	
    3.175000e-01    9.160652e-01	    8.393483e-02	
    3.200000e-01    9.149657e-01	    8.503430e-02	
    3.225000e-01    9.138636e-01	    8.613635e-02	
    3.250000e-01    9.127591e-01	    8.724087e-02	
    3.275000e-01    9.116522e-01	    8.834777e-02	
    3.300000e-01    9.105431e-01	    8.945694e-02	
    3.325000e-01    9.094317e-01	    9.056829e-02	
    3.350000e-01    9.083183e-01	    9.168171e-02	
    3.375000e-01    9.072029e-01	    9.279711e-02	
    3.400000e-01    9.060856e-01	    9.391439e-02	
    3.425000e-01    9.049665e-01	    9.503346e-02	
    3.450000e-01    9.038458e-01	    9.615420e-02	
    3.475000e-01    9.027235e-01	    9.727653e-02	
    3.500000e-01    9.015996e-01	    9.840036e-02	
    3.525000e-01    9.004744e-01	    9.952557e-02	
    3.550000e-01    8.993479e-01	    1.006521e-01	
    3.575000e-01    8.982202e-01	    1.017798e-01	
    3.600000e-01    8.970914e-01	    1.029086e-01	
    3.625000e-01    8.959616e-01	    1.040384e-01	
    3.650000e-01    8.948308e-01	    1.051692e-01	
    3.675000e-01    8.936993e-01	    1.063007e-01	
    3.700000e-01    8.925670e-01	    1.074330e-01	
    3.725000e-01    8.914341e-01	    1.085659e-01	
    3.750000e-01    8.903006e-01	    1.096994e-01	
    3.775000e-01    8.891667e-01	    1.108333e-01	
    3.800000e-01    8.880324e-01	    1.119676e-01	
    3.825000e-01    8.868979e-01	    1.131021e-01	
    3.850000e-01    8.857633e-01	    1.142367e-01	
    3.875000e-01    8.846285e-01	    1.153715e-01	
    3.900000e-01    8.834938e-01	    1.165062e-01	
    3.925000e-01    8.823591e-01	    1.176409e-01	
    3.950000e-01    8.812247e-01	    1.187753e-01	
    3.975000e-01    8.800905e-01	    1.199095e-01	
    4.000000e-01    8.789568e-01	    1.210432e-01	
    4.025000e-01    8.778235e-01	    1.221765e-01	
    4.050000e-01    8.766907e-01	    1.233093e-01	
    4.075000e-01    8.755586e-01	    1.244414e-01	
    4.100000e-01    8.744272e-01	    1.255728e-01	
    4.125000e-01    8.732967e-01	    1.267033e-01	
    4.150000e-01    8.721671e-01	    1.278329e-01	
    4.175000e-01    8.710384e-01	    1.289616e-01	
    4.200000e-01    8.699109e-01	    1.300891e-01	
    4.225000e-01    8.687845e-01	    1.312155e-01	
    4.250000e-01    8.676594e-01	    1.323406e-01	
    4.275000e-01    8.665356e-01	    1.334644e-01	
    4.300000e-01    8.654132e-01	    1.345868e-01	
    4.325000e-01    8.642924e-01	    1.357076e-01	
    4.350000e-01    8.631731e-01	    1.368269e-01	
    4.375000e-01    8.620556e-01	    1.379444e-01	
    4.400000e-01    8.609398e-01	    1.390602e-01	
    4.425000e-01    8.598258e-01	    1.401742e-01	
    4.450000e-01    8.587138e-01	    1.412862e-01	
    4.475000e-01    8.576038e-01	    1.423962e-01	
    4.500000e-01    8.564959e-01	    1.435041e-01	
    4.525000e-01    8.553902e-01	    1.446098e-01	
    4.550000e-01    8.542867e-01	    1.457133e-01	
    4.575000e-01    8.531856e-01	    1.468144e-01	
    4.600000e-01    8.520869e-01	    1.479131e-01	
    4.625000e-01    8.509907e-01	    1.490093e-01	
    4.650000e-01    8.498970e-01	    1.501030e-01	
    4.675000e-01    8.488061e-01	    1.511939e-01	
    4.700000e-01    8.477179e-01	    1.522821e-01	
    4.725000e-01    8.466325e-01	    1.533675e-01	
    4.750000e-01    8.455500e-01	    1.544500e-01	
    4.775000e-01    8.444705e-01	    1.555295e-01	
    4.800000e-01    8.433940e-01	    1.566060e-01	
    4.825000e-01    8.423207e-01	    1.576793e-01	
    4.850000e-01    8.412505e-01	    1.587495e-01	
    4.875000e-01    8.401837e-01	    1.598163e-01	
    4.900000e-01    8.391202e-01	    1.608798e-01	
    4.925000e-01    8.380602e-01	    1.619398e-01	
    4.950000e-01    8.370036e-01	    1.629964e-01	
    4.975000e-01    8.359506e-01	    1.640494e-01	
    5.000000e-01    8.349013e-01	    1.650987e-01	
    5.025000e-01    8.338558e-01	    1.661442e-01	
    5.050000e-01    8.328140e-01	    1.671860e-01	
    5.075000e-01    8.317761e-01	    1.682239e-01	
    5.100000e-01    8.307421e-01	    1.692579e-01	
    5.125000e-01    8.297122e-01	    1.702878e-01	
    5.150000e-01    8.286863e-01	    1.713137e-01	
    5.175000e-01    8.276647e-01	    1.723353e-01	
    5.200000e-01    8.266472e-01	    1.733528e-01	
    5.225000e-01    8.256340e-01	    1.743660e-01	
    5.250000e-01    8.246252e-01	    1.753748e-01	
    5.275000e-01    8.236209e-01	    1.763791e-01	
    5.300000e-01    8.226210e-01	    1.773790e-01	
    5.325000e-01    8.216258e-01	    1.783742e-01	
    5.350000e-01    8.206351e-01	    1.793649e-01	
    5.375000e-01    8.196492e-01	    1.803508e-01	
    5.400000e-01    8.186680e-01	    1.813320e-01	
    5.425000e-01    8.176917e-01	    1.823083e-01	
    5.450000e-01    8.167203e-01	    1.832797e-01	
    5.475000e-01    8.157538e-01	    1.842462e-01	
    5.500000e-01    8.147924e-01	    1.852076e-01	
    5.525000e-01    8.138360e-01	    1.861640e-01	
    5.550000e-01    8.128848e-01	    1.871152e-01	
    5.575000e-01    8.119388e-01	    1.880612e-01	
    5.600000e-01    8.109981e-01	    1.890019e-01	
    5.625000e-01    8.100628e-01	    1.899372e-01	
    5.650000e-01    8.091328e-01	    1.908672e-01	
    5.675000e-01    8.082083e-01	    1.917917e-01	
    5.700000e-01    8.072893e-01	    1.927107e-01	
    5.725000e-01    8.063759e-01	    1.936241e-01	
    5.750000e-01    8.054681e-01	    1.945319e-01	
    5.775000e-01    8.045660e-01	    1.954340e-01	
    5.800000e-01    8.036697e-01	    1.963303e-01	
    5.825000e-01    8.027791e-01	    1.972209e-01	
    5.850000e-01    8.018944e-01	    1.981056e-01	
    5.875000e-01    8.010156e-01	    1.989844e-01	
    5.900000e-01    8.001428e-01	    1.998572e-01	
    5.925000e-01    7.992760e-01	    2.007240e-01	
    5.950000e-01    7.984152e-01	    2.015848e-01	
    5.975000e-01    7.975606e-01	    2.024394e-01	
    6.000000e-01    7.967121e-01	    2.032879e-01	
    6.025000e-01    7.958699e-01	    2.041301e-01	
    6.050000e-01    7.950339e-01	    2.049661e-01	
    6.075000e-01    7.942043e-01	    2.057957e-01	
    6.100000e-01    7.933810e-01	    2.066190e-01	
    6.125000e-01    7.925641e-01	    2.074359e-01	
    6.150000e-01    7.917537e-01	    2.082463e-01	
    6.175000e-01    7.909498e-01	    2.090502e-01	
    6.200000e-01    7.901524e-01	    2.098476e-01	
    6.225000e-01    7.893617e-01	    2.106383e-01	
    6.250000e-01    7.885776e-01	    2.114224e-01	
    6.275000e-01    7.878001e-01	    2.121999e-01	
    6.300000e-01    7.870294e-01	    2.129706e-01	
    6.325000e-01    7.862654e-01	    2.137346e-01	
    6.350000e-01    7.855083e-01	    2.144917e-01	
    6.375000e-01    7.847580e-01	    2.152420e-01	
    6.400000e-01    7.840146e-01	    2.159854e-01	
    6.425000e-01    7.832780e-01	    2.167220e-01	
    6.450000e-01    7.825485e-01	    2.174515e-01	
    6.475000e-01    7.818259e-01	    2.181741e-01	
    6.500000e-01    7.811104e-01	    2.188896e-01	
    6.525000e-01    7.804019e-01	    2.195981e-01	
    6.550000e-01    7.797006e-01	    2.202994e-01	
    6.575000e-01    7.790063e-01	    2.209937e-01	
    6.600000e-01    7.783192e-01	    2.216808e-01	
    6.625000e-01    7.776393e-01	    2.223607e-01	
    6.650000e-01    7.769666e-01	    2.230334e-01	
    6.675000e-01    7.763012e-01	    2.236988e-01	
    6.700000e-01    7.756431e-01	    2.243569e-01	
    6.725000e-01    7.749922e-01	    2.250078e-01	
    6.750000e-01    7.743487e-01	    2.256513e-01	
    6.775000e-01    7.737126e-01	    2.262874e-01	
    6.800000e-01    7.730838e-01	    2.269162e-01	
    6.825000e-01    7.724625e-01	    2.275375e-01	
    6.850000e-01    7.718485e-01	    2.281515e-01	
    6.875000e-01    7.712420e-01	    2.287580e-01	
    6.900000e-01    7.706430e-01	    2.293570e-01	
    6.925000e-01    7.700515e-01	    2.299485e-01	
    6.950000e-01    7.694675e-01	    2.305325e-01	
    6.975000e-01    7.688911e-01	    2.311089e-01	
    7.000000e-01    7.683221e-01	    2.316779e-01	
    7.025000e-01    7.677608e-01	    2.322392e-01	
    7.050000e-01    7.672070e-01	    2.327930e-01	
    7.075000e-01    7.666608e-01	    2.333392e-01	
    7.100000e-01    7.661222e-01	    2.338778e-01	
    7.125000e-01    7.655913e-01	    2.344087e-01	
    7.150000e-01    7.650679e-01	    2.349321e-01	
    7.175000e-01    7.645523e-01	    2.354477e-01	
    7.200000e-01    7.640442e-01	    2.359558e-01	
    7.225000e-01    7.635439e-01	    2.364561e-01	
    7.250000e-01    7.630512e-01	    2.369488e-01	
    7.275000e-01    7.625661e-01	    2.374339e-01	
    7.300000e-01    7.620888e-01	    2.379112e-01	
    7.325000e-01    7.616191e-01	    2.383809e-01	
    7.350000e-01    7.611571e-01	    2.388429e-01	
    7.375000e-01    7.607029e-01	    2.392971e-01	
    7.400000e-01    7.602563e-01	    2.397437e-01	
    7.425000e-01    7.598174e-01	    2.401826e-01	
    7.450000e-01    7.593862e-01	    2.406138e-01	
    7.475000e-01    7.589627e-01	    2.410373e-01	
    7.500000e-01    7.585469e-01	    2.414531e-01	
    7.525000e-01    7.581388e-01	    2.418612e-01	
    7.550000e-01    7.577384e-01	    2.422616e-01	
    7.575000e-01    7.573456e-01	    2.426544e-01	
    7.600000e-01    7.569605e-01	    2.430395e-01	
    7.625000e-01    7.565831e-01	    2.434169e-01	
    7.650000e-01    7.562134e-01	    2.437866e-01	
    7.675000e-01    7.558513e-01	    2.441487e-01	
    7.700000e-01    7.554969e-01	    2.445031e-01	
    7.725000e-01    7.551500e-01	    2.448500e-01	
    7.750000e-01    7.548108e-01	    2.451892e-01	
    7.775000e-01    7.544793e-01	    2.455207e-01	
    7.800000e-01    7.541553e-01	    2.458447e-01	
    7.825000e-01    7.538389e-01	    2.461611e-01	
    7.850000e-01    7.535300e-01	    2.464700e-01	
    7.875000e-01    7.532287e-01	    2.467713e-01	
    7.900000e-01    7.529349e-01	    2.470651e-01	
    7.925000e-01    7.526487e-01	    2.473513e-01	
    7.950000e-01    7.523699e-01	    2.476301e-01	
    7.975000e-01    7.520986e-01	    2.479014e-01	
    8.000000e-01    7.518348e-01	    2.481652e-01	
    8.025000e-01    7.515784e-01	    2.484216e-01	
    8.050000e-01    7.513294e-01	    2.486706e-01	
    8.075000e-01    7.510878e-01	    2.489122e-01	
    8.100000e-01    7.508536e-01	    2.491464e-01	
    8.125000e-01    7.506267e-01	    2.493733e-01	
    8.150000e-01    7.504071e-01	    2.495929e-01	
    8.175000e-01    7.501948e-01	    2.498052e-01	
    8.200000e-01    7.499897e-01	    2.500103e-01	
    8.225000e-01    7.497919e-01	    2.502081e-01	
    8.250000e-01    7.496012e-01	    2.503988e-01	
    8.275000e-01    7.494177e-01	    2.505823e-01	
    8.300000e-01    7.492414e-01	    2.507586e-01	
    8.325000e-01    7.490722e-01	    2.509278e-01	
    8.350000e-01    7.489100e-01	    2.510900e-01	
    8.375000e-01    7.487549e-01	    2.512451e-01	
    8.400000e-01    7.486067e-01	    2.513933e-01	
    8.425000e-01    7.484656e-01	    2.515344e-01	
    8.450000e-01    7.483313e-01	    2.516687e-01	
    8.475000e-01    7.482040e-01	    2.517960e-01	
    8.500000e-01    7.480835e-01	    2.519165e-01	
    8.525000e-01    7.479698e-01	    2.520302e-01	
    8.550000e-01    7.478629e-01	    2.521371e-01	
    8.575000e-01    7.477627e-01	    2.522373e-01	
    8.600000e-01    7.476693e-01	    2.523307e-01	
    8.625000e-01    7.475824e-01	    2.524176e-01	
    8.650000e-01    7.475022e-01	    2.524978e-01	
    8.675000e-01    7.474286e-01	    2.525714e-01	
    8.700000e-01    7.473615e-01	    2.526385e-01	
    8.725000e-01    7.473009e-01	    2.526991e-01	
    8.750000e-01    7.472467e-01	    2.527533e-01	
    8.775000e-01    7.471989e-01	    2.528011e-01	
    8.800000e-01    7.471574e-01	    2.528426e-01	
    8.825000e-01    7.471222e-01	    2.528778e-01	
    8.850000e-01    7.470933e-01	    2.529067e-01	
    8.875000e-01    7.470706e-01	    2.529294e-01	
    8.900000e-01    7.470541e-01	    2.529459e-01	
    8.925000e-01    7.470436e-01	    2.529564e-01	
    8.950000e-01    7.470392e-01	    2.529608e-01	
    8.975000e-01    7.470408e-01	    2.529592e-01	
    9.000000e-01    7.470483e-01	    2.529517e-01	
    9.025000e-01    7.470618e-01	    2.529382e-01	
    9.050000e-01    7.470811e-01	    2.529189e-01	
    9.075000e-01    7.471062e-01	    2.528938e-01	
    9.100000e-01    7.471370e-01	    2.528630e-01	
    9.125000e-01    7.471736e-01	    2.528264e-01	
    9.150000e-01    7.472157e-01	    2.527843e-01	
    9.175000e-01    7.472635e-01	    2.527365e-01	
    9.200000e-01    7.473167e-01	    2.526833e-01	
    9.225000e-01    7.473754e-01	    2.526246e-01	
    9.250000e-01    7.474396e-01	    2.525604e-01	
    9.275000e-01    7.475091e-01	    2.524909e-01	
    9.300000e-01    7.475839e-01	    2.524161e-01	
    9.325000e-01    7.476639e-01	    2.523361e-01	
    9.350000e-01    7.477491e-01	    2.522509e-01	
    9.375000e-01    7.478395e-01	    2.521605e-01	
    9.400000e-01    7.479349e-01	    2.520651e-01	
    9.425000e-01    7.480353e-01	    2.519647e-01	
    9.450000e-01    7.481407e-01	    2.518593e-01	
    9.475000e-01    7.482510e-01	    2.517490e-01	
    9.500000e-01    7.483661e-01	    2.516339e-01	
    9.525000e-01    7.484859e-01	    2.515141e-01	
    9.550000e-01    7.486105e-01	    2.513895e-01	
    9.575000e-01    7.487397e-01	    2.512603e-01	
    9.600000e-01    7.488736e-01	    2.511264e-01	
    9.625000e-01    7.490119e-01	    2.509881e-01	
    9.650000e-01    7.491547e-01	    2.508453e-01	
    9.675000e-01    7.493019e-01	    2.506981e-01	
    9.700000e-01    7.494535e-01	    2.505465e-01	
    9.725000e-01    7.496093e-01	    2.503907e-01	
    9.750000e-01    7.497694e-01	    2.502306e-01	
    9.775000e-01    7.499336e-01	    2.500664e-01	
    9.800000e-01    7.501019e-01	    2.498981e-01	
    9.825000e-01    7.502742e-01	    2.497258e-01	
    9.850000e-01    7.504505e-01	    2.495495e-01	
    9.875000e-01    7.506307e-01	    2.493693e-01	
    9.900000e-01    7.508148e-01	    2.491852e-01	
    9.925000e-01    7.510026e-01	    2.489974e-01	
    9.950000e-01    7.511941e-01	    2.488059e-01	
    9.975000e-01    7.513893e-01	    2.486107e-01	
    1.000000e+00    7.515881e-01	    2.484119e-01	
    1.002500e+00    7.517904e-01	    2.482096e-01	
    1.005000e+00    7.519962e-01	    2.480038e-01	
    1.007500e+00    7.522053e-01	    2.477947e-01	
    1.010000e+00    7.524178e-01	    2.475822e-01	
    1.012500e+00    7.526336e-01	    2.473664e-01	
    1.015000e+00    7.528526e-01	    2.471474e-01	
    1.017500e+00    7.530747e-01	    2.469253e-01	
    1.020000e+00    7.532999e-01	    2.467001e-01	
    1.022500e+00    7.535281e-01	    2.464719e-01	
    1.025000e+00    7.537593e-01	    2.462407e-01	
    1.027500e+00    7.539934e-01	    2.460066e-01	
    1.030000e+00    7.542303e-01	    2.457697e-01	
    1.032500e+00    7.544699e-01	    2.455301e-01	
    1.035000e+00    7.547123e-01	    2.452877e-01	
    1.037500e+00    7.549573e-01	    2.450427e-01	
    1.040000e+00    7.552048e-01	    2.447952e-01	
    1.042500e+00    7.554549e-01	    2.445451e-01	
    1.045000e+00    7.557075e-01	    2.442925e-01	
    1.047500e+00    7.559624e-01	    2.440376e-01	
    1.050000e+00    7.562197e-01	    2.437803e-01	
    1.052500e+00    7.564792e-01	    2.435208e-01	
    1.055000e+00    7.567409e-01	    2.432591e-01	
    1.057500e+00    7.570048e-01	    2.429952e-01	
    1.060000e+00    7.572707e-01	    2.427293e-01	
    1.062500e+00    7.575387e-01	    2.424613e-01	
    1.065000e+00    7.578086e-01	    2.421914e-01	
    1.067500e+00    7.580804e-01	    2.419196e-01	
    1.070000e+00    7.583541e-01	    2.416459e-01	
    1.072500e+00    7.586295e-01	    2.413705e-01	
    1.075000e+00    7.589067e-01	    2.410933e-01	
    1.077500e+00    7.591855e-01	    2.408145e-01	
    1.080000e+00    7.594659e-01	    2.405341e-01	
    1.082500e+00    7.597478e-01	    2.402522e-01	
    1.085000e+00    7.600312e-01	    2.399688e-01	
    1.087500e+00    7.603161e-01	    2.396839e-01	
    1.090000e+00    7.606023e-01	    2.393977e-01	
    1.092500e+00    7.608898e-01	    2.391102e-01	
    1.095000e+00    7.611786e-01	    2.388214e-01	
    1.097500e+00    7.614685e-01	    2.385315e-01	
    1.100000e+00    7.617596e-01	    2.382404e-01	
    1.102500e+00    7.620518e-01	    2.379482e-01	
    1.105000e+00    7.623450e-01	    2.376550e-01	
    1.107500e+00    7.626392e-01	    2.373608e-01	
    1.110000e+00    7.629342e-01	    2.370658e-01	
    1.112500e+00    7.632302e-01	    2.367698e-01	
    1.115000e+00    7.635269e-01	    2.364731e-01	
    1.117500e+00    7.638244e-01	    2.361756e-01	
    1.120000e+00    7.641225e-01	    2.358775e-01	
    1.122500e+00    7.644214e-01	    2.355786e-01	
    1.125000e+00    7.647208e-01	    2.352792e-01	
    1.127500e+00    7.650207e-01	    2.349793e-01	
    1.130000e+00    7.653211e-01	    2.346789e-01	
    1.132500e+00    7.656220e-01	    2.343780e-01	
    1.135000e+00    7.659232e-01	    2.340768e-01	
    1.137500e+00    7.662248e-01	    2.337752e-01	
    1.140000e+00    7.665266e-01	    2.334734e-01	
    1.142500e+00    7.668287e-01	    2.331713e-01	
    1.145000e+00    7.671310e-01	    2.328690e-01	
    1.147500e+00    7.674333e-01	    2.325667e-01	
    1.150000e+00    7.677358e-01	    2.322642e-01	
    1.152500e+00    7.680383e-01	    2.319617e-01	
    1.155000e+00    7.683408e-01	    2.316592e-01	
    1.157500e+00    7.686433e-01	    2.313567e-01	
    1.160000e+00    7.689456e-01	    2.310544e-01	
    1.162500e+00    7.692478e-01	    2.307522e-01	
    1.165000e+00    7.695498e-01	    2.304502e-01	
    1.167500e+00    7.698515e-01	    2.301485e-01	
    1.170000e+00    7.701530e-01	    2.298470e-01	
    1.172500e+00    7.704541e-01	    2.295459e-01	
    1.175000e+00    7.707549e-01	    2.292451e-01	
    1.177500e+00    7.710552e-01	    2.289448e-01	
    1.180000e+00    7.713551e-01	    2.286449e-01	
    1.182500e+00    7.716545e-01	    2.283455e-01	
    1.185000e+00    7.719534e-01	    2.280466e-01	
    1.187500e+00    7.722516e-01	    2.277484e-01	
    1.190000e+00    7.725493e-01	    2.274507e-01	
    1.192500e+00    7.728462e-01	    2.271538e-01	
    1.195000e+00    7.731425e-01	    2.268575e-01	
    1.197500e+00    7.734381e-01	    2.265619e-01	
    1.200000e+00    7.737328e-01	    2.262672e-01	
    1.202500e+00    7.740268e-01	    2.259732e-01	
    1.205000e+00    7.743199e-01	    2.256801e-01	
    1.207500e+00    7.746121e-01	    2.253879e-01	
    1.210000e+00    7.749033e-01	    2.250967e-01	
    1.212500e+00    7.751937e-01	    2.248063e-01	
    1.215000e+00    7.754830e-01	    2.245170e-01	
    1.217500e+00    7.757713e-01	    2.242287e-01	
    1.220000e+00    7.760585e-01	    2.239415e-01	
    1.222500e+00    7.763446e-01	    2.236554e-01	
    1.225000e+00    7.766296e-01	    2.233704e-01	
    1.227500e+00    7.769134e-01	    2.230866e-01	
    1.230000e+00    7.771961e-01	    2.228039e-01	
    1.232500e+00    7.774775e-01	    2.225225e-01	
    1.235000e+00    7.777576e-01	    2.222424e-01	
    1.237500e+00    7.780365e-01	    2.219635e-01	
    1.240000e+00    7.783140e-01	    2.216860e-01	
    1.242500e+00    7.785902e-01	    2.214098e-01	
    1.245000e+00    7.788651e-01	    2.211349e-01	
    1.247500e+00    7.791385e-01	    2.208615e-01	
    1.250000e+00    7.794105e-01	    2.205895e-01	
    1.252500e+00    7.796811e-01	    2.203189e-01	
    1.255000e+00    7.799501e-01	    2.200499e-01	
    1.257500e+00    7.802177e-01	    2.197823e-01	
    1.260000e+00    7.804837e-01	    2.195163e-01	
    1.262500e+00    7.807481e-01	    2.192519e-01	
    1.265000e+00    7.810110e-01	    2.189890e-01	
    1.267500e+00    7.812723e-01	    2.187277e-01	
    1.270000e+00    7.815319e-01	    2.184681e-01	
    1.272500e+00    7.817899e-01	    2.182101e-01	
    1.275000e+00    7.820463e-01	    2.179537e-01	
    1.277500e+00    7.823009e-01	    2.176991e-01	
    1.280000e+00    7.825538e-01	    2.174462e-01	
    1.282500e+00    7.828049e-01	    2.171951e-01	
    1.285000e+00    7.830544e-01	    2.169456e-01	
    1.287500e+00    7.833020e-01	    2.166980e-01	
    1.290000e+00    7.835478e-01	    2.164522e-01	
    1.292500e+00    7.837919e-01	    2.162081e-01	
    1.295000e+00    7.840340e-01	    2.159660e-01	
    1.297500e+00    7.842744e-01	    2.157256e-01	
    1.300000e+00    7.845129e-01	    2.154871e-01	
    1.302500e+00    7.847495e-01	    2.152505e-01	
    1.305000e+00    7.849841e-01	    2.150159e-01	
    1.307500e+00    7.852169e-01	    2.147831e-01	
    1.310000e+00    7.854478e-01	    2.145522e-01	
    1.312500e+00    7.856767e-01	    2.143233e-01	
    1.315000e+00    7.859036e-01	    2.140964e-01	
    1.317500e+00    7.861286e-01	    2.138714e-01	
    1.320000e+00    7.863516e-01	    2.136484e-01	
    1.322500e+00    7.865726e-01	    2.134274e-01	
    1.325000e+00    7.867915e-01	    2.132085e-01	
    1.327500e+00    7.870085e-01	    2.129915e-01	
    1.330000e+00    7.872234e-01	    2.127766e-01	
    1.332500e+00    7.874363e-01	    2.125637e-01	
    1.335000e+00    7.876471e-01	    2.123529e-01	
    1.337500e+00    7.878559e-01	    2.121441e-01	
    1.340000e+00    7.880626e-01	    2.119374e-01	
    1.342500e+00    7.882672e-01	    2.117328e-01	
    1.345000e+00    7.884697e-01	    2.115303e-01	
    1.347500e+00    7.886701e-01	    2.113299e-01	
    1.350000e+00    7.888685e-01	    2.111315e-01	
    1.352500e+00    7.890647e-01	    2.109353e-01	
    1.355000e+00    7.892587e-01	    2.107413e-01	
    1.357500e+00    7.894507e-01	    2.105493e-01	
    1.360000e+00    7.896405e-01	    2.103595e-01	
    1.362500e+00    7.898282e-01	    2.101718e-01	
    1.365000e+00    7.900137e-01	    2.099863e-01	
    1.367500e+00    7.901971e-01	    2.098029e-01	
    1.370000e+00    7.903783e-01	    2.096217e-01	
    1.372500e+00    7.905574e-01	    2.094426e-01	
    1.375000e+00    7.907344e-01	    2.092656e-01	
    1.377500e+00    7.909091e-01	    2.090909e-01	
    1.380000e+00    7.910817e-01	    2.089183e-01	
    1.382500e+00    7.912521e-01	    2.087479e-01	
    1.385000e+00    7.914204e-01	    2.085796e-01	
    1.387500e+00    7.915865e-01	    2.084135e-01	
    1.390000e+00    7.917504e-01	    2.082496e-01	
    1.392500e+00    7.919121e-01	    2.080879e-01	
    1.395000e+00    7.920717e-01	    2.079283e-01	
    1.397500e+00    7.922291e-01	    2.077709e-01	
    1.400000e+00    7.923843e-01	    2.076157e-01	
    1.402500e+00    7.925373e-01	    2.074627e-01	
    1.405000e+00    7.926882e-01	    2.073118e-01	
    1.407500e+00    7.928369e-01	    2.071631e-01	
    1.410000e+00    7.929834e-01	    2.070166e-01	
    1.412500e+00    7.931278e-01	    2.068722e-01	
    1.415000e+00    7.932699e-01	    2.067301e-01	
    1.417500e+00    7.934100e-01	    2.065900e-01	
    1.420000e+00    7.935478e-01	    2.064522e-01	
    1.422500e+00    7.936835e-01	    2.063165e-01	
    1.425000e+00    7.938171e-01	    2.061829e-01	
    1.427500e+00    7.939485e-01	    2.060515e-01	
    1.430000e+00    7.940778e-01	    2.059222e-01	
    1.432500e+00    7.942049e-01	    2.057951e-01	
    1.435000e+00    7.943299e-01	    2.056701e-01	
    1.437500e+00    7.944527e-01	    2.055473e-01	
    1.440000e+00    7.945734e-01	    2.054266e-01	
    1.442500e+00    7.946920e-01	    2.053080e-01	
    1.445000e+00    7.948085e-01	    2.051915e-01	
    1.447500e+00    7.949229e-01	    2.050771e-01	
    1.450000e+00    7.950352e-01	    2.049648e-01	
    1.452500e+00    7.951454e-01	    2.048546e-01	
    1.455000e+00    7.952534e-01	    2.047466e-01	
    1.457500e+00    7.953594e-01	    2.046406e-01	
    1.460000e+00    7.954634e-01	    2.045366e-01	
    1.462500e+00    7.955652e-01	    2.044348e-01	
    1.465000e+00    7.956650e-01	    2.043350e-01	
    1.467500e+00    7.957628e-01	    2.042372e-01	
    1.470000e+00    7.958585e-01	    2.041415e-01	
    1.472500e+00    7.959522e-01	    2.040478e-01	
    1.475000e+00    7.960438e-01	    2.039562e-01	
    1.477500e+00    7.961335e-01	    2.038665e-01	
    1.480000e+00    7.962211e-01	    2.037789e-01	
    1.482500e+00    7.963067e-01	    2.036933e-01	
    1.485000e+00    7.963903e-01	    2.036097e-01	
    1.487500e+00    7.964720e-01	    2.035280e-01	
    1.490000e+00    7.965517e-01	    2.034483e-01	
    1.492500e+00    7.966294e-01	    2.033706e-01	
    1.495000e+00    7.967052e-01	    2.032948e-01	
    1.497500e+00    7.967790e-01	    2.032210e-01	
    1.500000e+00    7.968510e-01	    2.031490e-01	
    1.502500e+00    7.969210e-01	    2.030790e-01	
    1.505000e+00    7.969891e-01	    2.030109e-01	
    1.507500e+00    7.970553e-01	    2.029447e-01	
    1.510000e+00    7.971196e-01	    2.028804e-01	
    1.512500e+00    7.971820e-01	    2.028180e-01	
    1.515000e+00    7.972426e-01	    2.027574e-01	
    1.517500e+00    7.973014e-01	    2.026986e-01	
    1.520000e+00    7.973583e-01	    2.026417e-01	
    1.522500e+00    7.974134e-01	    2.025866e-01	
    1.525000e+00    7.974667e-01	    2.025333e-01	
    1.527500e+00    7.975181e-01	    2.024819e-01	
    1.530000e+00    7.975678e-01	    2.024322e-01	
    1.532500e+00    7.976158e-01	    2.023842e-01	
    1.535000e+00    7.976619e-01	    2.023381e-01	
    1.537500e+00    7.977064e-01	    2.022936e-01	
    1.540000e+00    7.977491e-01	    2.022509e-01	
    1.542500e+00    7.977900e-01	    2.022100e-01	
    1.545000e+00    7.978293e-01	    2.021707e-01	
    1.547500e+00    7.978669e-01	    2.021331e-01	
    1.550000e+00    7.979028e-01	    2.020972e-01	
    1.552500e+00    7.979370e-01	    2.020630e-01	
    1.555000e+00    7.979696e-01	    2.020304e-01	
    1.557500e+00    7.980005e-01	    2.019995e-01	
    1.560000e+00    7.980298e-01	    2.019702e-01	
    1.562500e+00    7.980575e-01	    2.019425e-01	
    1.565000e+00    7.980836e-01	    2.019164e-01	
    1.567500e+00    7.981082e-01	    2.018918e-01	
    1.570000e+00    7.981311e-01	    2.018689e-01	
    1.572500e+00    7.981526e-01	    2.018474e-01	
    1.575000e+00    7.981724e-01	    2.018276e-01	
    1.577500e+00    7.981908e-01	    2.018092e-01	
    1.580000e+00    7.982076e-01	    2.017924e-01	
    1.582500e+00    7.982230e-01	    2.017770e-01	
    1.585000e+00    7.982369e-01	    2.017631e-01	
    1.587500e+00    7.982493e-01	    2.017507e-01	
    1.590000e+00    7.982602e-01	    2.017398e-01	
    1.592500e+00    7.982698e-01	    2.017302e-01	
    1.595000e+00    7.982779e-01	    2.017221e-01	
    1.597500e+00    7.982846e-01	    2.017154e-01	
    1.600000e+00    7.982899e-01	    2.017101e-01	
    1.602500e+00    7.982939e-01	    2.017061e-01	
    1.605000e+00    7.982964e-01	    2.017036e-01	
    1.607500e+00    7.982977e-01	    2.017023e-01	
    1.610000e+00    7.982976e-01	    2.017024e-01	
    1.612500e+00    7.982962e-01	    2.017038e-01	
    1.615000e+00    7.982935e-01	    2.017065e-01	
    1.617500e+00    7.982896e-01	    2.017104e-01	
    1.620000e+00    7.982843e-01	    2.017157e-01	
    1.622500e+00    7.982778e-01	    2.017222e-01	
    1.625000e+00    7.982701e-01	    2.017299e-01	
    1.627500e+00    7.982612e-01	    2.017388e-01	
    1.630000e+00    7.982510e-01	    2.017490e-01	
    1.632500e+00    7.982397e-01	    2.017603e-01	
    1.635000e+00    7.982272e-01	    2.017728e-01	
    1.637500e+00    7.982135e-01	    2.017865e-01	
    1.640000e+00    7.981987e-01	    2.018013e-01	
    1.642500e+00    7.981827e-01	    2.018173e-01	
    1.645000e+00    7.981657e-01	    2.018343e-01	
    1.647500e+00    7.981475e-01	    2.018525e-01	
    1.650000e+00    7.981283e-01	    2.018717e-01	
    1.652500e+00    7.981080e-01	    2.018920e-01	
    1.655000e+00    7.980867e-01	    2.019133e-01	
    1.657500e+00    7.980643e-01	    2.019357e-01	
    1.660000e+00    7.980409e-01	    2.019591e-01	
    1.662500e+00    7.980165e-01	    2.019835e-01	
    1.665000e+00    7.979911e-01	    2.020089e-01	
    1.667500e+00    7.979647e-01	    2.020353e-01	
    1.670000e+00    7.979374e-01	    2.020626e-01	
    1.672500e+00    7.979091e-01	    2.020909e-01	
    1.675000e+00    7.978799e-01	    2.021201e-01	
    1.677500e+00    7.978498e-01	    2.021502e-01	
    1.680000e+00    7.978188e-01	    2.021812e-01	
    1.682500e+00    7.977870e-01	    2.022130e-01	
    1.685000e+00    7.977542e-01	    2.022458e-01	
    1.687500e+00    7.977206e-01	    2.022794e-01	
    1.690000e+00    7.976862e-01	    2.023138e-01	
    1.692500e+00    7.976509e-01	    2.023491e-01	
    1.695000e+00    7.976148e-01	    2.023852e-01	
    1.697500e+00    7.975780e-01	    2.024220e-01	
    1.700000e+00    7.975403e-01	    2.024597e-01	
    1.702500e+00    7.975019e-01	    2.024981e-01	
    1.705000e+00    7.974628e-01	    2.025372e-01	
    1.707500e+00    7.974229e-01	    2.025771e-01	
    1.710000e+00    7.973823e-01	    2.026177e-01	
    1.712500e+00    7.973410e-01	    2.026590e-01	
    1.715000e+00    7.972990e-01	    2.027010e-01	
    1.717500e+00    7.972563e-01	    2.027437e-01	
    1.720000e+00    7.972130e-01	    2.027870e-01	
    1.722500e+00    7.971690e-01	    2.028310e-01	
    1.725000e+00    7.971244e-01	    2.028756e-01	
    1.727500e+00    7.970792e-01	    2.029208e-01	
    1.730000e+00    7.970334e-01	    2.029666e-01	
    1.732500e+00    7.969870e-01	    2.030130e-01	
    1.735000e+00    7.969400e-01	    2.030600e-01	
    1.737500e+00    7.968924e-01	    2.031076e-01	
    1.740000e+00    7.968443e-01	    2.031557e-01	
    1.742500e+00    7.967957e-01	    2.032043e-01	
    1.745000e+00    7.967465e-01	    2.032535e-01	
    1.747500e+00    7.966969e-01	    2.033031e-01	
    1.750000e+00    7.966467e-01	    2.033533e-01	
    1.752500e+00    7.965961e-01	    2.034039e-01	
    1.755000e+00    7.965450e-01	    2.034550e-01	
    1.757500e+00    7.964934e-01	    2.035066e-01	
    1.760000e+00    7.964414e-01	    2.035586e-01	
    1.762500e+00    7.963890e-01	    2.036110e-01	
    1.765000e+00    7.963362e-01	    2.036638e-01	
    1.767500e+00    7.962830e-01	    2.037170e-01	
    1.770000e+00    7.962294e-01	    2.037706e-01	
    1.772500e+00    7.961754e-01	    2.038246e-01	
    1.775000e+00    7.961210e-01	    2.038790e-01	
    1.777500e+00    7.960663e-01	    2.039337e-01	
    1.780000e+00    7.960113e-01	    2.039887e-01	
    1.782500e+00    7.959559e-01	    2.040441e-01	
    1.785000e+00    7.959003e-01	    2.040997e-01	
    1.787500e+00    7.958443e-01	    2.041557e-01	
    1.790000e+00    7.957881e-01	    2.042119e-01	
    1.792500e+00    7.957315e-01	    2.042685e-01	
    1.795000e+00    7.956747e-01	    2.043253e-01	
    1.797500e+00    7.956177e-01	    2.043823e-01	
    1.800000e+00    7.955604e-01	    2.044396e-01	
    1.802500e+00    7.955029e-01	    2.044971e-01	
    1.805000e+00    7.954452e-01	    2.045548e-01	
    1.807500e+00    7.953873e-01	    2.046127e-01	
    1.810000e+00    7.953291e-01	    2.046709e-01	
    1.812500e+00    7.952708e-01	    2.047292e-01	
    1.815000e+00    7.952124e-01	    2.047876e-01	
    1.817500e+00    7.951537e-01	    2.048463e-01	
    1.820000e+00    7.950950e-01	    2.049050e-01	
    1.822500e+00    7.950360e-01	    2.049640e-01	
    1.825000e+00    7.949770e-01	    2.050230e-01	
    1.827500e+00    7.949178e-01	    2.050822e-01	
    1.830000e+00    7.948586e-01	    2.051414e-01	
    1.832500e+00    7.947992e-01	    2.052008e-01	
    1.835000e+00    7.947398e-01	    2.052602e-01	
    1.837500e+00    7.946803e-01	    2.053197e-01	
    1.840000e+00    7.946207e-01	    2.053793e-01	
    1.842500e+00    7.945611e-01	    2.054389e-01	
    1.845000e+00    7.945014e-01	    2.054986e-01	
    1.847500e+00    7.944417e-01	    2.055583e-01	
    1.850000e+00    7.943820e-01	    2.056180e-01	
    1.852500e+00    7.943222e-01	    2.056778e-01	
    1.855000e+00    7.942625e-01	    2.057375e-01	
    1.857500e+00    7.942028e-01	    2.057972e-01	
    1.860000e+00    7.941430e-01	    2.058570e-01	
    1.862500e+00    7.940833e-01	    2.059167e-01	
    1.865000e+00    7.940237e-01	    2.059763e-01	
    1.867500e+00    7.939640e-01	    2.060360e-01	
    1.870000e+00    7.939045e-01	    2.060955e-01	
    1.872500e+00    7.938450e-01	    2.061550e-01	
    1.875000e+00    7.937855e-01	    2.062145e-01	
    1.877500e+00    7.937261e-01	    2.062739e-01	
    1.880000e+00    7.936669e-01	    2.063331e-01	
    1.882500e+00    7.936077e-01	    2.063923e-01	
    1.885000e+00    7.935486e-01	    2.064514e-01	
    1.887500e+00    7.934896e-01	    2.065104e-01	
    1.890000e+00    7.934308e-01	    2.065692e-01	
    1.892500e+00    7.933720e-01	    2.066280e-01	
    1.895000e+00    7.933134e-01	    2.066866e-01	
    1.897500e+00    7.932550e-01	    2.067450e-01	
    1.900000e+00    7.931967e-01	    2.068033e-01	
    1.902500e+00    7.931386e-01	    2.068614e-01	
    1.905000e+00    7.930806e-01	    2.069194e-01	
    1.907500e+00    7.930228e-01	    2.069772e-01	
    1.910000e+00    7.929651e-01	    2.070349e-01	
    1.912500e+00    7.929077e-01	    2.070923e-01	
    1.915000e+00    7.928505e-01	    2.071495e-01	
    1.917500e+00    7.927934e-01	    2.072066e-01	
    1.920000e+00    7.927366e-01	    2.072634e-01	
    1.922500e+00    7.926799e-01	    2.073201e-01	
    1.925000e+00    7.926235e-01	    2.073765e-01	
    1.927500e+00    7.925674e-01	    2.074326e-01	
    1.930000e+00    7.925114e-01	    2.074886e-01	
    1.932500e+00    7.924557e-01	    2.075443e-01	
    1.935000e+00    7.924003e-01	    2.075997e-01	
    1.937500e+00    7.923451e-01	    2.076549e-01	
    1.940000e+00    7.922901e-01	    2.077099e-01	
    1.942500e+00    7.922354e-01	    2.077646e-01	
    1.945000e+00    7.921810e-01	    2.078190e-01	
    1.947500e+00    7.921269e-01	    2.078731e-01	
    1.950000e+00    7.920730e-01	    2.079270e-01	
    1.952500e+00    7.920194e-01	    2.079806e-01	
    1.955000e+00    7.919661e-01	    2.080339e-01	
    1.957500e+00    7.919131e-01	    2.080869e-01	
    1.960000e+00    7.918605e-01	    2.081395e-01	
    1.962500e+00    7.918081e-01	    2.081919e-01	
    1.965000e+00    7.917560e-01	    2.082440e-01	
    1.967500e+00    7.917042e-01	    2.082958e-01	
    1.970000e+00    7.916528e-01	    2.083472e-01	
    1.972500e+00    7.916017e-01	    2.083983e-01	
    1.975000e+00    7.915509e-01	    2.084491e-01	
    1.977500e+00    7.915005e-01	    2.084995e-01	
    1.980000e+00    7.914504e-01	    2.085496e-01	
    1.982500e+00    7.914006e-01	    2.085994e-01	
    1.985000e+00    7.913512e-01	    2.086488e-01	
    1.987500e+00    7.913021e-01	    2.086979e-01	
    1.990000e+00    7.912534e-01	    2.087466e-01	
    1.992500e+00    7.912050e-01	    2.087950e-01	
    1.995000e+00    7.911570e-01	    2.088430e-01	
    1.997500e+00    7.911094e-01	    2.088906e-01	
    2.000000e+00    7.910621e-01	    2.089379e-01	
    2.002500e+00    7.910152e-01	    2.089848e-01	
    2.005000e+00    7.909687e-01	    2.090313e-01	
    2.007500e+00    7.909225e-01	    2.090775e-01	
    2.010000e+00    7.908768e-01	    2.091232e-01	
    2.012500e+00    7.908314e-01	    2.091686e-01	
    2.015000e+00    7.907864e-01	    2.092136e-01	
    2.017500e+00    7.907418e-01	    2.092582e-01	
    2.020000e+00    7.906976e-01	    2.093024e-01	
    2.022500e+00    7.906538e-01	    2.093462e-01	
    2.025000e+00    7.906104e-01	    2.093896e-01	
    2.027500e+00    7.905674e-01	    2.094326e-01	
    2.030000e+00    7.905247e-01	    2.094753e-01	
    2.032500e+00    7.904825e-01	    2.095175e-01	
    2.035000e+00    7.904407e-01	    2.095593e-01	
    2.037500e+00    7.903993e-01	    2.096007e-01	
    2.040000e+00    7.903584e-01	    2.096416e-01	
    2.042500e+00    7.903178e-01	    2.096822e-01	
    2.045000e+00    7.902776e-01	    2.097224e-01	
    2.047500e+00    7.902379e-01	    2.097621e-01	
    2.050000e+00    7.901986e-01	    2.098014e-01	
    2.052500e+00    7.901597e-01	    2.098403e-01	
    2.055000e+00    7.901212e-01	    2.098788e-01	
    2.057500e+00    7.900831e-01	    2.099169e-01	
    2.060000e+00    7.900455e-01	    2.099545e-01	
    2.062500e+00    7.900083e-01	    2.099917e-01	
    2.065000e+00    7.899715e-01	    2.100285e-01	
    2.067500e+00    7.899351e-01	    2.100649e-01	
    2.070000e+00    7.898992e-01	    2.101008e-01	
    2.072500e+00    7.898637e-01	    2.101363e-01	
    2.075000e+00    7.898286e-01	    2.101714e-01	
    2.077500e+00    7.897940e-01	    2.102060e-01	
    2.080000e+00    7.897598e-01	    2.102402e-01	
    2.082500e+00    7.897260e-01	    2.102740e-01	
    2.085000e+00    7.896926e-01	    2.103074e-01	
    2.087500e+00    7.896597e-01	    2.103403e-01	
    2.090000e+00    7.896272e-01	    2.103728e-01	
    2.092500e+00    7.895952e-01	    2.104048e-01	
    2.095000e+00    7.895636e-01	    2.104364e-01	
    2.097500e+00    7.895324e-01	    2.104676e-01	
    2.100000e+00    7.895016e-01	    2.104984e-01	
    2.102500e+00    7.894713e-01	    2.105287e-01	
    2.105000e+00    7.894414e-01	    2.105586e-01	
    2.107500e+00    7.894120e-01	    2.105880e-01	
    2.110000e+00    7.893830e-01	    2.106170e-01	
    2.112500e+00    7.893544e-01	    2.106456e-01	
    2.115000e+00    7.893262e-01	    2.106738e-01	
    2.117500e+00    7.892985e-01	    2.107015e-01	
    2.120000e+00    7.892712e-01	    2.107288e-01	
    2.122500e+00    7.892444e-01	    2.107556e-01	
    2.125000e+00    7.892180e-01	    2.107820e-01	
    2.127500e+00    7.891920e-01	    2.108080e-01	
    2.130000e+00    7.891664e-01	    2.108336e-01	
    2.132500e+00    7.891413e-01	    2.108587e-01	
    2.135000e+00    7.891165e-01	    2.108835e-01	
    2.137500e+00    7.890923e-01	    2.109077e-01	
    2.140000e+00    7.890684e-01	    2.109316e-01	
    2.142500e+00    7.890450e-01	    2.109550e-01	
    2.145000e+00    7.890219e-01	    2.109781e-01	
    2.147500e+00    7.889994e-01	    2.110006e-01	
    2.150000e+00    7.889772e-01	    2.110228e-01	
    2.152500e+00    7.889554e-01	    2.110446e-01	
    2.155000e+00    7.889341e-01	    2.110659e-01	
    2.157500e+00    7.889132e-01	    2.110868e-01	
    2.160000e+00    7.888927e-01	    2.111073e-01	
    2.162500e+00    7.888726e-01	    2.111274e-01	
    2.165000e+00    7.888529e-01	    2.111471e-01	
    2.167500e+00    7.888337e-01	    2.111663e-01	
    2.170000e+00    7.888148e-01	    2.111852e-01	
    2.172500e+00    7.887964e-01	    2.112036e-01	
    2.175000e+00    7.887784e-01	    2.112216e-01	
    2.177500e+00    7.887607e-01	    2.112393e-01	
    2.180000e+00    7.887435e-01	    2.112565e-01	
    2.182500e+00    7.887267e-01	    2.112733e-01	
    2.185000e+00    7.887102e-01	    2.112898e-01	
    2.187500e+00    7.886942e-01	    2.113058e-01	
    2.190000e+00    7.886786e-01	    2.113214e-01	
    2.192500e+00    7.886633e-01	    2.113367e-01	
    2.195000e+00    7.886485e-01	    2.113515e-01	
    2.197500e+00    7.886340e-01	    2.113660e-01	
    2.200000e+00    7.886199e-01	    2.113801e-01	
    2.202500e+00    7.886062e-01	    2.113938e-01	
    2.205000e+00    7.885929e-01	    2.114071e-01	
    2.207500e+00    7.885800e-01	    2.114200e-01	
    2.210000e+00    7.885674e-01	    2.114326e-01	
    2.212500e+00    7.885553e-01	    2.114447e-01	
    2.215000e+00    7.885435e-01	    2.114565e-01	
    2.217500e+00    7.885320e-01	    2.114680e-01	
    2.220000e+00    7.885210e-01	    2.114790e-01	
    2.222500e+00    7.885102e-01	    2.114898e-01	
    2.225000e+00    7.884999e-01	    2.115001e-01	
    2.227500e+00    7.884899e-01	    2.115101e-01	
    2.230000e+00    7.884803e-01	    2.115197e-01	
    2.232500e+00    7.884710e-01	    2.115290e-01	
    2.235000e+00    7.884621e-01	    2.115379e-01	
    2.237500e+00    7.884536e-01	    2.115464e-01	
    2.240000e+00    7.884454e-01	    2.115546e-01	
    2.242500e+00    7.884375e-01	    2.115625e-01	
    2.245000e+00    7.884300e-01	    2.115700e-01	
    2.247500e+00    7.884228e-01	    2.115772e-01	
    2.250000e+00    7.884159e-01	    2.115841e-01	
    2.252500e+00    7.884094e-01	    2.115906e-01	
    2.255000e+00    7.884032e-01	    2.115968e-01	
    2.257500e+00    7.883973e-01	    2.116027e-01	
    2.260000e+00    7.883918e-01	    2.116082e-01	
    2.262500e+00    7.883866e-01	    2.116134e-01	
    2.265000e+00    7.883817e-01	    2.116183e-01	
    2.267500e+00    7.883771e-01	    2.116229e-01	
    2.270000e+00    7.883728e-01	    2.116272e-01	
    2.272500e+00    7.883689e-01	    2.116311e-01	
    2.275000e+00    7.883652e-01	    2.116348e-01	
    2.277500e+00    7.883619e-01	    2.116381e-01	
    2.280000e+00    7.883588e-01	    2.116412e-01	
    2.282500e+00    7.883561e-01	    2.116439e-01	
    2.285000e+00    7.883536e-01	    2.116464e-01	
    2.287500e+00    7.883515e-01	    2.116485e-01	
    2.290000e+00    7.883496e-01	    2.116504e-01	
    2.292500e+00    7.883480e-01	    2.116520e-01	
    2.295000e+00    7.883467e-01	    2.116533e-01	
    2.297500e+00    7.883457e-01	    2.116543e-01	
    2.300000e+00    7.883449e-01	    2.116551e-01	
    2.302500e+00    7.883445e-01	    2.116555e-01	
    2.305000e+00    7.883443e-01	    2.116557e-01	
    2.307500e+00    7.883443e-01	    2.116557e-01	
    2.310000e+00    7.883446e-01	    2.116554e-01	
    2.312500e+00    7.883452e-01	    2.116548e-01	
    2.315000e+00    7.883461e-01	    2.116539e-01	
    2.317500e+00    7.883472e-01	    2.116528e-01	
    2.320000e+00    7.883485e-01	    2.116515e-01	
    2.322500e+00    7.883501e-01	    2.116499e-01	
    2.325000e+00    7.883519e-01	    2.116481e-01	
    2.327500e+00    7.883540e-01	    2.116460e-01	
    2.330000e+00    7.883563e-01	    2.116437e-01	
    2.332500e+00    7.883589e-01	    2.116411e-01	
    2.335000e+00    7.883616e-01	    2.116384e-01	
    2.337500e+00    7.883646e-01	    2.116354e-01	
    2.340000e+00    7.883679e-01	    2.116321e-01	
    2.342500e+00    7.883713e-01	    2.116287e-01	
    2.345000e+00    7.883750e-01	    2.116250e-01	
    2.347500e+00    7.883789e-01	    2.116211e-01	
    2.350000e+00    7.883830e-01	    2.116170e-01	
    2.352500e+00    7.883873e-01	    2.116127e-01	
    2.355000e+00    7.883918e-01	    2.116082e-01	
    2.357500e+00    7.883965e-01	    2.116035e-01	
    2.360000e+00    7.884014e-01	    2.115986e-01	
    2.362500e+00    7.884065e-01	    2.115935e-01	
    2.365000e+00    7.884118e-01	    2.115882e-01	
    2.367500e+00    7.884173e-01	    2.115827e-01	
    2.370000e+00    7.884230e-01	    2.115770e-01	
    2.372500e+00    7.884288e-01	    2.115712e-01	
    2.375000e+00    7.884348e-01	    2.115652e-01	
    2.377500e+00    7.884410e-01	    2.115590e-01	
    2.380000e+00    7.884474e-01	    2.115526e-01	
    2.382500e+00    7.884540e-01	    2.115460e-01	
    2.385000e+00    7.884607e-01	    2.115393e-01	
    2.387500e+00    7.884676e-01	    2.115324e-01	
    2.390000e+00    7.884746e-01	    2.115254e-01	
    2.392500e+00    7.884818e-01	    2.115182e-01	
    2.395000e+00    7.884891e-01	    2.115109e-01	
    2.397500e+00    7.884966e-01	    2.115034e-01	
    2.400000e+00    7.885042e-01	    2.114958e-01	
    2.402500e+00    7.885120e-01	    2.114880e-01	
    2.405000e+00    7.885200e-01	    2.114800e-01	
