    0.000000e+00    1.0000000000e+00    0.0000000000e+00
    2.000000e-02    9.9960031210e-01    3.9968790214e-04
    4.000000e-02    9.9840500506e-01    1.5949949373e-03
    6.000000e-02    9.9642521561e-01    3.5747843893e-03
    8.000000e-02    9.9367931569e-01    6.3206843113e-03
    1.000000e-01    9.9019256210e-01    9.8074379049e-03
    1.200000e-01    9.8599654694e-01    1.4003453061e-02
    1.400000e-01    9.8112848554e-01    1.8871514457e-02
    1.600000e-01    9.7563041401e-01    2.4369585988e-02
    1.800000e-01    9.6954834506e-01    3.0451654939e-02
    2.000000e-01    9.6293141323e-01    3.7068586772e-02
    2.200000e-01    9.5583104003e-01    4.4168959966e-02
    2.400000e-01    9.4830014293e-01    5.1699857072e-02
    2.600000e-01    9.4039241861e-01    5.9607581389e-02
    2.800000e-01    9.3216172732e-01    6.7838272680e-02
    3.000000e-01    9.2366158932e-01    7.6338410679e-02
    3.200000e-01    9.1494479192e-01    8.5055208080e-02
    3.400000e-01    9.0606309497e-01    9.3936905025e-02
    3.600000e-01    8.9706701927e-01    1.0293298073e-01
    3.800000e-01    8.8800570553e-01    1.1199429447e-01
    4.000000e-01    8.7892683405e-01    1.2107316595e-01
    4.200000e-01    8.6987658881e-01    1.3012341119e-01
    4.400000e-01    8.6089964115e-01    1.3910035885e-01
    4.600000e-01    8.5203912664e-01    1.4796087336e-01
    4.800000e-01    8.4333659752e-01    1.5666340248e-01
    5.000000e-01    8.3483194603e-01    1.6516805397e-01
    5.200000e-01    8.2656330330e-01    1.7343669670e-01
    5.400000e-01    8.1856691834e-01    1.8143308166e-01
    5.600000e-01    8.1087701738e-01    1.8912298262e-01
    5.800000e-01    8.0352563964e-01    1.9647436036e-01
    6.000000e-01    7.9654244605e-01    2.0345755395e-01
    6.200000e-01    7.8995450257e-01    2.1004549743e-01
    6.400000e-01    7.8378604545e-01    2.1621395455e-01
    6.600000e-01    7.7805823832e-01    2.2194176168e-01
    6.800000e-01    7.7278892915e-01    2.2721107085e-01
    7.000000e-01    7.6799241226e-01    2.3200758774e-01
    7.200000e-01    7.6367919922e-01    2.3632080078e-01
    7.400000e-01    7.5985580661e-01    2.4014419339e-01
    7.600000e-01    7.5652457690e-01    2.4347542310e-01
    7.800000e-01    7.5368355717e-01    2.4631644283e-01
    8.000000e-01    7.5132646450e-01    2.4867353550e-01
    8.200000e-01    7.4944276205e-01    2.5055723795e-01
    8.400000e-01    7.4801785768e-01    2.5198214232e-01
    8.600000e-01    7.4703341648e-01    2.5296658352e-01
    8.800000e-01    7.4646776941e-01    2.5353223059e-01
    9.000000e-01    7.4629639303e-01    2.5370360697e-01
    9.200000e-01    7.4649243515e-01    2.5350756485e-01
    9.400000e-01    7.4702726698e-01    2.5297273302e-01
    9.600000e-01    7.4787104416e-01    2.5212895584e-01
    9.800000e-01    7.4899325400e-01    2.5100674600e-01
    1.000000e+00    7.5036321531e-01    2.4963678469e-01
    1.020000e+00    7.5195048927e-01    2.4804951073e-01
    1.040000e+00    7.5372516222e-01    2.4627483778e-01
    1.060000e+00    7.5565798060e-01    2.4434201940e-01
    1.080000e+00    7.5772035060e-01    2.4227964940e-01
    1.100000e+00    7.5988425089e-01    2.4011574911e-01
    1.120000e+00    7.6212213374e-01    2.3787786626e-01
    1.140000e+00    7.6440689640e-01    2.3559310360e-01
    1.160000e+00    7.6671198876e-01    2.3328801124e-01
    1.180000e+00    7.6901168737e-01    2.3098831263e-01
    1.200000e+00    7.7128151976e-01    2.2871848024e-01
    1.220000e+00    7.7349878086e-01    2.2650121914e-01
    1.240000e+00    7.7564305439e-01    2.2435694561e-01
    1.260000e+00    7.7769664509e-01    2.2230335491e-01
    1.280000e+00    7.7964484171e-01    2.2035515829e-01
    1.300000e+00    7.8147596216e-01    2.1852403784e-01
    1.320000e+00    7.8318117195e-01    2.1681882805e-01
    1.340000e+00    7.8475410698e-01    2.1524589302e-01
    1.360000e+00    7.8619036446e-01    2.1380963554e-01
    1.380000e+00    7.8748694869e-01    2.1251305131e-01
    1.400000e+00    7.8864176835e-01    2.1135823165e-01
    1.420000e+00    7.8965327856e-01    2.1034672144e-01
    1.440000e+00    7.9052034267e-01    2.0947965733e-01
    1.460000e+00    7.9124235565e-01    2.0875764435e-01
    1.480000e+00    7.9181962544e-01    2.0818037456e-01
    1.500000e+00    7.9225395795e-01    2.0774604205e-01
    1.520000e+00    7.9254934321e-01    2.0745065679e-01
    1.540000e+00    7.9271260685e-01    2.0728739315e-01
    1.560000e+00    7.9275387937e-01    2.0724612063e-01
    1.580000e+00    7.9268675203e-01    2.0731324797e-01
    1.600000e+00    7.9252803090e-01    2.0747196910e-01
    1.620000e+00    7.9229706338e-01    2.0770293662e-01
    1.640000e+00    7.9201468372e-01    2.0798531628e-01
    1.660000e+00    7.9170189075e-01    2.0829810925e-01
    1.680000e+00    7.9137842013e-01    2.0862157987e-01
    1.700000e+00    7.9106139522e-01    2.0893860478e-01
