    0.000000e+00             nan
    2.000000e-02    2.045671e-05
    4.000000e-02    2.602509e-04
    6.000000e-02    1.095687e-03
    8.000000e-02    2.922101e-03
    1.000000e-01    6.059086e-03
    1.200000e-01    1.071226e-02
    1.400000e-01    1.697183e-02
    1.600000e-01    2.483011e-02
    1.800000e-01    3.420553e-02
    2.000000e-01    4.496612e-02
    2.200000e-01    5.694951e-02
    2.400000e-01    6.997852e-02
    2.600000e-01    8.387257e-02
    2.800000e-01    9.845564e-02
    3.000000e-01    1.135614e-01
    3.200000e-01    1.290364e-01
    3.400000e-01    1.447414e-01
    3.600000e-01    1.605521e-01
    3.800000e-01    1.763588e-01
    4.000000e-01    1.920658e-01
    4.200000e-01    2.075907e-01
    4.400000e-01    2.228629e-01
    4.600000e-01    2.378230e-01
    4.800000e-01    2.524215e-01
    5.000000e-01    2.666177e-01
    5.200000e-01    2.803789e-01
    5.400000e-01    2.936796e-01
    5.600000e-01    3.065002e-01
    5.800000e-01    3.188269e-01
    6.000000e-01    3.306505e-01
    6.200000e-01    3.419660e-01
    6.400000e-01    3.527720e-01
    6.600000e-01    3.630702e-01
    6.800000e-01    3.728650e-01
    7.000000e-01    3.821630e-01
    7.200000e-01    3.909727e-01
    7.400000e-01    3.993043e-01
    7.600000e-01    4.071693e-01
    7.800000e-01    4.145800e-01
    8.000000e-01    4.215500e-01
    8.200000e-01    4.280931e-01
    8.400000e-01    4.342239e-01
    8.600000e-01    4.399572e-01
    8.800000e-01    4.453081e-01
    9.000000e-01    4.502917e-01
    9.200000e-01    4.549233e-01
    9.400000e-01    4.592179e-01
    9.600000e-01    4.631904e-01
    9.800000e-01    4.668558e-01
    1.000000e+00    4.702284e-01
    1.020000e+00    4.733226e-01
    1.040000e+00    4.761521e-01
    1.060000e+00    4.787307e-01
    1.080000e+00    4.810714e-01
    1.100000e+00    4.831870e-01
    1.120000e+00    4.850900e-01
    1.140000e+00    4.867923e-01
    1.160000e+00    4.883054e-01
    1.180000e+00    4.896404e-01
    1.200000e+00    4.908081e-01
    1.220000e+00    4.918187e-01
    1.240000e+00    4.926820e-01
    1.260000e+00    4.934074e-01
    1.280000e+00    4.940041e-01
    1.300000e+00    4.944805e-01
    1.320000e+00    4.948449e-01
    1.340000e+00    4.951051e-01
    1.360000e+00    4.952686e-01
    1.380000e+00    4.953423e-01
    1.400000e+00    4.953330e-01
    1.420000e+00    4.952471e-01
    1.440000e+00    4.950906e-01
    1.460000e+00    4.948692e-01
    1.480000e+00    4.945882e-01
    1.500000e+00    4.942528e-01
    1.520000e+00    4.938677e-01
    1.540000e+00    4.934375e-01
    1.560000e+00    4.929663e-01
    1.580000e+00    4.924582e-01
    1.600000e+00    4.919169e-01
    1.620000e+00    4.913459e-01
    1.640000e+00    4.907484e-01
    1.660000e+00    4.901276e-01
    1.680000e+00    4.894863e-01
    1.700000e+00    4.888271e-01
    1.720000e+00    4.881526e-01
    1.740000e+00    4.874650e-01
    1.760000e+00    4.867664e-01
    1.780000e+00    4.860589e-01
    1.800000e+00    4.853443e-01
    1.820000e+00    4.846243e-01
    1.840000e+00    4.839004e-01
    1.860000e+00    4.831741e-01
    1.880000e+00    4.824467e-01
    1.900000e+00    4.817194e-01
    1.920000e+00    4.809932e-01
    1.940000e+00    4.802693e-01
    1.960000e+00    4.795485e-01
    1.980000e+00    4.788316e-01
    2.000000e+00    4.781195e-01
    2.020000e+00    4.774127e-01
    2.040000e+00    4.767119e-01
    2.060000e+00    4.760176e-01
    2.080000e+00    4.753303e-01
    2.100000e+00    4.746504e-01
    2.120000e+00    4.739783e-01
    2.140000e+00    4.733143e-01
    2.160000e+00    4.726587e-01
    2.180000e+00    4.720117e-01
    2.200000e+00    4.713736e-01
    2.220000e+00    4.707445e-01
    2.240000e+00    4.701246e-01
    2.260000e+00    4.695139e-01
    2.280000e+00    4.689125e-01
    2.300000e+00    4.683205e-01
    2.320000e+00    4.677380e-01
    2.340000e+00    4.671650e-01
    2.360000e+00    4.666013e-01
    2.380000e+00    4.660471e-01
    2.400000e+00    4.655024e-01
    2.420000e+00    4.649669e-01
    2.440000e+00    4.644408e-01
    2.460000e+00    4.639238e-01
    2.480000e+00    4.634160e-01
    2.500000e+00    4.629173e-01
    2.520000e+00    4.624275e-01
    2.540000e+00    4.619465e-01
    2.560000e+00    4.614743e-01
    2.580000e+00    4.610107e-01
    2.600000e+00    4.605557e-01
    2.620000e+00    4.601090e-01
    2.640000e+00    4.596706e-01
    2.660000e+00    4.592404e-01
    2.680000e+00    4.588182e-01
    2.700000e+00    4.584039e-01
    2.720000e+00    4.579974e-01
    2.740000e+00    4.575986e-01
    2.760000e+00    4.572073e-01
    2.780000e+00    4.568234e-01
    2.800000e+00    4.564467e-01
    2.820000e+00    4.560772e-01
    2.840000e+00    4.557148e-01
    2.860000e+00    4.553592e-01
    2.880000e+00    4.550104e-01
    2.900000e+00    4.546682e-01
    2.920000e+00    4.543326e-01
    2.940000e+00    4.540033e-01
    2.960000e+00    4.536803e-01
    2.980000e+00    4.533635e-01
    3.000000e+00    4.530528e-01
    3.020000e+00    4.527479e-01
    3.040000e+00    4.524489e-01
    3.060000e+00    4.521556e-01
    3.080000e+00    4.518679e-01
    3.100000e+00    4.515857e-01
    3.120000e+00    4.513089e-01
    3.140000e+00    4.510374e-01
    3.160000e+00    4.507711e-01
    3.180000e+00    4.505099e-01
    3.200000e+00    4.502538e-01
    3.220000e+00    4.500025e-01
    3.240000e+00    4.497561e-01
    3.260000e+00    4.495144e-01
    3.280000e+00    4.492773e-01
    3.300000e+00    4.490449e-01
    3.320000e+00    4.488169e-01
    3.340000e+00    4.485933e-01
    3.360000e+00    4.483741e-01
    3.380000e+00    4.481591e-01
    3.400000e+00    4.479483e-01
    3.420000e+00    4.477416e-01
    3.440000e+00    4.475389e-01
    3.460000e+00    4.473402e-01
    3.480000e+00    4.471453e-01
    3.500000e+00    4.469543e-01
    3.520000e+00    4.467671e-01
    3.540000e+00    4.465835e-01
    3.560000e+00    4.464036e-01
    3.580000e+00    4.462272e-01
    3.600000e+00    4.460543e-01
    3.620000e+00    4.458849e-01
    3.640000e+00    4.457189e-01
    3.660000e+00    4.455562e-01
    3.680000e+00    4.453967e-01
    3.700000e+00    4.452405e-01
    3.720000e+00    4.450875e-01
    3.740000e+00    4.449375e-01
    3.760000e+00    4.447907e-01
    3.780000e+00    4.446468e-01
    3.800000e+00    4.445059e-01
    3.820000e+00    4.443679e-01
    3.840000e+00    4.442327e-01
    3.860000e+00    4.441004e-01
    3.880000e+00    4.439709e-01
    3.900000e+00    4.438440e-01
    3.920000e+00    4.437199e-01
    3.940000e+00    4.435984e-01
    3.960000e+00    4.434795e-01
    3.980000e+00    4.433632e-01
    4.000000e+00    4.432494e-01
    4.020000e+00    4.431380e-01
    4.040000e+00    4.430292e-01
    4.060000e+00    4.429227e-01
    4.080000e+00    4.428185e-01
    4.100000e+00    4.427167e-01
    4.120000e+00    4.426173e-01
    4.140000e+00    4.425200e-01
    4.160000e+00    4.424250e-01
    4.180000e+00    4.423322e-01
    4.200000e+00    4.422416e-01
    4.220000e+00    4.421530e-01
    4.240000e+00    4.420666e-01
    4.260000e+00    4.419822e-01
    4.280000e+00    4.418999e-01
    4.300000e+00    4.418196e-01
    4.320000e+00    4.417412e-01
    4.340000e+00    4.416648e-01
    4.360000e+00    4.415903e-01
    4.380000e+00    4.415177e-01
    4.400000e+00    4.414469e-01
    4.420000e+00    4.413779e-01
    4.440000e+00    4.413107e-01
    4.460000e+00    4.412453e-01
    4.480000e+00    4.411816e-01
    4.500000e+00    4.411196e-01
    4.520000e+00    4.410593e-01
    4.540000e+00    4.410007e-01
    4.560000e+00    4.409436e-01
    4.580000e+00    4.408882e-01
    4.600000e+00    4.408343e-01
    4.620000e+00    4.407821e-01
    4.640000e+00    4.407313e-01
    4.660000e+00    4.406820e-01
    4.680000e+00    4.406342e-01
    4.700000e+00    4.405879e-01
    4.720000e+00    4.405430e-01
    4.740000e+00    4.404996e-01
    4.760000e+00    4.404575e-01
    4.780000e+00    4.404168e-01
    4.800000e+00    4.403775e-01
    4.820000e+00    4.403394e-01
    4.840000e+00    4.403027e-01
    4.860000e+00    4.402673e-01
    4.880000e+00    4.402331e-01
    4.900000e+00    4.402002e-01
    4.920000e+00    4.401685e-01
    4.940000e+00    4.401380e-01
    4.960000e+00    4.401087e-01
    4.980000e+00    4.400805e-01
    5.000000e+00    4.400535e-01
    5.020000e+00    4.400276e-01
    5.040000e+00    4.400028e-01
    5.060000e+00    4.399791e-01
    5.080000e+00    4.399564e-01
    5.100000e+00    4.399348e-01
    5.120000e+00    4.399142e-01
    5.140000e+00    4.398947e-01
    5.160000e+00    4.398761e-01
    5.180000e+00    4.398585e-01
    5.200000e+00    4.398418e-01
    5.220000e+00    4.398261e-01
    5.240000e+00    4.398114e-01
    5.260000e+00    4.397975e-01
    5.280000e+00    4.397845e-01
    5.300000e+00    4.397724e-01
    5.320000e+00    4.397611e-01
    5.340000e+00    4.397507e-01
    5.360000e+00    4.397411e-01
    5.380000e+00    4.397323e-01
    5.400000e+00    4.397243e-01
    5.420000e+00    4.397170e-01
    5.440000e+00    4.397106e-01
    5.460000e+00    4.397048e-01
    5.480000e+00    4.396998e-01
    5.500000e+00    4.396955e-01
    5.520000e+00    4.396919e-01
    5.540000e+00    4.396890e-01
    5.560000e+00    4.396867e-01
    5.580000e+00    4.396851e-01
    5.600000e+00    4.396841e-01
    5.620000e+00    4.396838e-01
    5.640000e+00    4.396840e-01
    5.660000e+00    4.396849e-01
    5.680000e+00    4.396863e-01
    5.700000e+00    4.396883e-01
    5.720000e+00    4.396908e-01
    5.740000e+00    4.396939e-01
    5.760000e+00    4.396975e-01
    5.780000e+00    4.397016e-01
    5.800000e+00    4.397063e-01
    5.820000e+00    4.397114e-01
    5.840000e+00    4.397169e-01
    5.860000e+00    4.397230e-01
    5.880000e+00    4.397295e-01
    5.900000e+00    4.397364e-01
    5.920000e+00    4.397438e-01
    5.940000e+00    4.397516e-01
    5.960000e+00    4.397598e-01
    5.980000e+00    4.397684e-01
    6.000000e+00    4.397774e-01
    6.020000e+00    4.397867e-01
    6.040000e+00    4.397964e-01
    6.060000e+00    4.398065e-01
    6.080000e+00    4.398169e-01
    6.100000e+00    4.398277e-01
    6.120000e+00    4.398388e-01
    6.140000e+00    4.398502e-01
    6.160000e+00    4.398619e-01
    6.180000e+00    4.398739e-01
    6.200000e+00    4.398862e-01
    6.220000e+00    4.398988e-01
    6.240000e+00    4.399116e-01
    6.260000e+00    4.399248e-01
    6.280000e+00    4.399381e-01
    6.300000e+00    4.399517e-01
    6.320000e+00    4.399656e-01
    6.340000e+00    4.399796e-01
    6.360000e+00    4.399939e-01
    6.380000e+00    4.400084e-01
    6.400000e+00    4.400231e-01
    6.420000e+00    4.400380e-01
    6.440000e+00    4.400531e-01
    6.460000e+00    4.400684e-01
    6.480000e+00    4.400838e-01
    6.500000e+00    4.400995e-01
    6.520000e+00    4.401152e-01
    6.540000e+00    4.401311e-01
    6.560000e+00    4.401472e-01
    6.580000e+00    4.401634e-01
    6.600000e+00    4.401798e-01
    6.620000e+00    4.401962e-01
    6.640000e+00    4.402128e-01
    6.660000e+00    4.402295e-01
    6.680000e+00    4.402463e-01
    6.700000e+00    4.402632e-01
    6.720000e+00    4.402802e-01
    6.740000e+00    4.402973e-01
    6.760000e+00    4.403145e-01
    6.780000e+00    4.403317e-01
    6.800000e+00    4.403490e-01
    6.820000e+00    4.403664e-01
    6.840000e+00    4.403839e-01
    6.860000e+00    4.404014e-01
    6.880000e+00    4.404190e-01
    6.900000e+00    4.404366e-01
    6.920000e+00    4.404542e-01
    6.940000e+00    4.404719e-01
    6.960000e+00    4.404897e-01
    6.980000e+00    4.405074e-01
    7.000000e+00    4.405252e-01
    7.020000e+00    4.405430e-01
    7.040000e+00    4.405609e-01
    7.060000e+00    4.405787e-01
    7.080000e+00    4.405965e-01
    7.100000e+00    4.406144e-01
    7.120000e+00    4.406322e-01
    7.140000e+00    4.406501e-01
    7.160000e+00    4.406679e-01
    7.180000e+00    4.406858e-01
    7.200000e+00    4.407036e-01
    7.220000e+00    4.407214e-01
    7.240000e+00    4.407392e-01
    7.260000e+00    4.407569e-01
    7.280000e+00    4.407746e-01
    7.300000e+00    4.407923e-01
    7.320000e+00    4.408100e-01
    7.340000e+00    4.408276e-01
    7.360000e+00    4.408452e-01
    7.380000e+00    4.408627e-01
    7.400000e+00    4.408802e-01
    7.420000e+00    4.408977e-01
    7.440000e+00    4.409151e-01
    7.460000e+00    4.409324e-01
    7.480000e+00    4.409497e-01
    7.500000e+00    4.409670e-01
    7.520000e+00    4.409841e-01
    7.540000e+00    4.410013e-01
    7.560000e+00    4.410183e-01
    7.580000e+00    4.410353e-01
    7.600000e+00    4.410522e-01
    7.620000e+00    4.410690e-01
    7.640000e+00    4.410858e-01
    7.660000e+00    4.411025e-01
    7.680000e+00    4.411191e-01
    7.700000e+00    4.411357e-01
    7.720000e+00    4.411521e-01
    7.740000e+00    4.411685e-01
    7.760000e+00    4.411848e-01
    7.780000e+00    4.412010e-01
    7.800000e+00    4.412172e-01
    7.820000e+00    4.412332e-01
    7.840000e+00    4.412492e-01
    7.860000e+00    4.412650e-01
    7.880000e+00    4.412808e-01
    7.900000e+00    4.412965e-01
    7.920000e+00    4.413121e-01
    7.940000e+00    4.413276e-01
    7.960000e+00    4.413430e-01
    7.980000e+00    4.413583e-01
    8.000000e+00    4.413735e-01
    8.020000e+00    4.413886e-01
    8.040000e+00    4.414036e-01
    8.060000e+00    4.414185e-01
    8.080000e+00    4.414333e-01
    8.100000e+00    4.414480e-01
    8.120000e+00    4.414626e-01
    8.140000e+00    4.414771e-01
    8.160000e+00    4.414916e-01
    8.180000e+00    4.415059e-01
    8.200000e+00    4.415201e-01
    8.220000e+00    4.415341e-01
    8.240000e+00    4.415481e-01
    8.260000e+00    4.415620e-01
    8.280000e+00    4.415758e-01
    8.300000e+00    4.415895e-01
    8.320000e+00    4.416030e-01
    8.340000e+00    4.416165e-01
    8.360000e+00    4.416298e-01
    8.380000e+00    4.416431e-01
    8.400000e+00    4.416562e-01
    8.420000e+00    4.416693e-01
    8.440000e+00    4.416822e-01
    8.460000e+00    4.416950e-01
    8.480000e+00    4.417077e-01
    8.500000e+00    4.417203e-01
    8.520000e+00    4.417328e-01
    8.540000e+00    4.417452e-01
    8.560000e+00    4.417575e-01
    8.580000e+00    4.417696e-01
    8.600000e+00    4.417817e-01
    8.620000e+00    4.417936e-01
    8.640000e+00    4.418055e-01
    8.660000e+00    4.418172e-01
    8.680000e+00    4.418288e-01
    8.700000e+00    4.418403e-01
    8.720000e+00    4.418517e-01
    8.740000e+00    4.418630e-01
    8.760000e+00    4.418742e-01
    8.780000e+00    4.418853e-01
    8.800000e+00    4.418963e-01
    8.820000e+00    4.419072e-01
    8.840000e+00    4.419179e-01
    8.860000e+00    4.419286e-01
    8.880000e+00    4.419391e-01
    8.900000e+00    4.419496e-01
    8.920000e+00    4.419599e-01
    8.940000e+00    4.419701e-01
    8.960000e+00    4.419803e-01
    8.980000e+00    4.419903e-01
    9.000000e+00    4.420002e-01
    9.020000e+00    4.420100e-01
    9.040000e+00    4.420197e-01
    9.060000e+00    4.420293e-01
    9.080000e+00    4.420388e-01
    9.100000e+00    4.420482e-01
    9.120000e+00    4.420575e-01
    9.140000e+00    4.420667e-01
    9.160000e+00    4.420758e-01
    9.180000e+00    4.420848e-01
    9.200000e+00    4.420937e-01
    9.220000e+00    4.421025e-01
    9.240000e+00    4.421112e-01
    9.260000e+00    4.421198e-01
    9.280000e+00    4.421283e-01
    9.300000e+00    4.421367e-01
    9.320000e+00    4.421450e-01
    9.340000e+00    4.421532e-01
    9.360000e+00    4.421613e-01
    9.380000e+00    4.421693e-01
    9.400000e+00    4.421772e-01
    9.420000e+00    4.421850e-01
    9.440000e+00    4.421928e-01
    9.460000e+00    4.422004e-01
    9.480000e+00    4.422079e-01
    9.500000e+00    4.422154e-01
    9.520000e+00    4.422227e-01
    9.540000e+00    4.422300e-01
    9.560000e+00    4.422372e-01
    9.580000e+00    4.422443e-01
    9.600000e+00    4.422513e-01
    9.620000e+00    4.422582e-01
    9.640000e+00    4.422650e-01
    9.660000e+00    4.422718e-01
    9.680000e+00    4.422784e-01
    9.700000e+00    4.422850e-01
    9.720000e+00    4.422915e-01
    9.740000e+00    4.422979e-01
    9.760000e+00    4.423042e-01
    9.780000e+00    4.423104e-01
    9.800000e+00    4.423166e-01
    9.820000e+00    4.423226e-01
    9.840000e+00    4.423286e-01
    9.860000e+00    4.423345e-01
    9.880000e+00    4.423404e-01
    9.900000e+00    4.423461e-01
    9.920000e+00    4.423518e-01
    9.940000e+00    4.423574e-01
    9.960000e+00    4.423629e-01
    9.980000e+00    4.423683e-01
    1.000000e+01    4.423737e-01
    1.002000e+01    4.423790e-01
    1.004000e+01    4.423842e-01
    1.006000e+01    4.423894e-01
    1.008000e+01    4.423944e-01
    1.010000e+01    4.423994e-01
    1.012000e+01    4.424044e-01
    1.014000e+01    4.424092e-01
    1.016000e+01    4.424140e-01
    1.018000e+01    4.424188e-01
    1.020000e+01    4.424234e-01
    1.022000e+01    4.424280e-01
    1.024000e+01    4.424325e-01
    1.026000e+01    4.424370e-01
    1.028000e+01    4.424414e-01
    1.030000e+01    4.424457e-01
    1.032000e+01    4.424499e-01
    1.034000e+01    4.424541e-01
    1.036000e+01    4.424583e-01
    1.038000e+01    4.424623e-01
    1.040000e+01    4.424663e-01
    1.042000e+01    4.424703e-01
    1.044000e+01    4.424742e-01
    1.046000e+01    4.424780e-01
    1.048000e+01    4.424818e-01
    1.050000e+01    4.424855e-01
    1.052000e+01    4.424891e-01
    1.054000e+01    4.424927e-01
    1.056000e+01    4.424962e-01
    1.058000e+01    4.424997e-01
    1.060000e+01    4.425031e-01
    1.062000e+01    4.425065e-01
    1.064000e+01    4.425098e-01
    1.066000e+01    4.425131e-01
    1.068000e+01    4.425163e-01
    1.070000e+01    4.425194e-01
    1.072000e+01    4.425225e-01
    1.074000e+01    4.425255e-01
    1.076000e+01    4.425285e-01
    1.078000e+01    4.425315e-01
    1.080000e+01    4.425344e-01
    1.082000e+01    4.425372e-01
    1.084000e+01    4.425400e-01
    1.086000e+01    4.425428e-01
    1.088000e+01    4.425455e-01
    1.090000e+01    4.425481e-01
    1.092000e+01    4.425507e-01
    1.094000e+01    4.425533e-01
    1.096000e+01    4.425558e-01
    1.098000e+01    4.425583e-01
    1.100000e+01    4.425607e-01
    1.102000e+01    4.425631e-01
    1.104000e+01    4.425654e-01
    1.106000e+01    4.425677e-01
    1.108000e+01    4.425699e-01
    1.110000e+01    4.425721e-01
    1.112000e+01    4.425743e-01
    1.114000e+01    4.425764e-01
    1.116000e+01    4.425785e-01
    1.118000e+01    4.425806e-01
    1.120000e+01    4.425826e-01
    1.122000e+01    4.425845e-01
    1.124000e+01    4.425865e-01
    1.126000e+01    4.425884e-01
    1.128000e+01    4.425902e-01
    1.130000e+01    4.425921e-01
    1.132000e+01    4.425938e-01
    1.134000e+01    4.425956e-01
    1.136000e+01    4.425973e-01
    1.138000e+01    4.425990e-01
    1.140000e+01    4.426006e-01
    1.142000e+01    4.426022e-01
    1.144000e+01    4.426038e-01
    1.146000e+01    4.426054e-01
    1.148000e+01    4.426069e-01
    1.150000e+01    4.426084e-01
    1.152000e+01    4.426098e-01
    1.154000e+01    4.426112e-01
    1.156000e+01    4.426126e-01
    1.158000e+01    4.426140e-01
    1.160000e+01    4.426153e-01
    1.162000e+01    4.426166e-01
    1.164000e+01    4.426179e-01
    1.166000e+01    4.426191e-01
    1.168000e+01    4.426203e-01
    1.170000e+01    4.426215e-01
    1.172000e+01    4.426227e-01
    1.174000e+01    4.426238e-01
    1.176000e+01    4.426249e-01
    1.178000e+01    4.426260e-01
    1.180000e+01    4.426270e-01
    1.182000e+01    4.426281e-01
    1.184000e+01    4.426291e-01
    1.186000e+01    4.426301e-01
    1.188000e+01    4.426310e-01
    1.190000e+01    4.426319e-01
    1.192000e+01    4.426328e-01
    1.194000e+01    4.426337e-01
    1.196000e+01    4.426346e-01
    1.198000e+01    4.426354e-01
    1.200000e+01    4.426363e-01
    1.202000e+01    4.426371e-01
    1.204000e+01    4.426378e-01
    1.206000e+01    4.426386e-01
    1.208000e+01    4.426393e-01
    1.210000e+01    4.426400e-01
    1.212000e+01    4.426407e-01
    1.214000e+01    4.426414e-01
    1.216000e+01    4.426420e-01
    1.218000e+01    4.426427e-01
    1.220000e+01    4.426433e-01
    1.222000e+01    4.426439e-01
    1.224000e+01    4.426445e-01
    1.226000e+01    4.426450e-01
    1.228000e+01    4.426456e-01
    1.230000e+01    4.426461e-01
    1.232000e+01    4.426466e-01
    1.234000e+01    4.426471e-01
    1.236000e+01    4.426476e-01
    1.238000e+01    4.426481e-01
    1.240000e+01    4.426485e-01
    1.242000e+01    4.426489e-01
    1.244000e+01    4.426493e-01
    1.246000e+01    4.426497e-01
    1.248000e+01    4.426501e-01
    1.250000e+01    4.426505e-01
    1.252000e+01    4.426509e-01
    1.254000e+01    4.426512e-01
    1.256000e+01    4.426515e-01
    1.258000e+01    4.426519e-01
    1.260000e+01    4.426522e-01
    1.262000e+01    4.426525e-01
    1.264000e+01    4.426527e-01
    1.266000e+01    4.426530e-01
    1.268000e+01    4.426533e-01
    1.270000e+01    4.426535e-01
    1.272000e+01    4.426537e-01
    1.274000e+01    4.426539e-01
    1.276000e+01    4.426542e-01
    1.278000e+01    4.426544e-01
    1.280000e+01    4.426545e-01
    1.282000e+01    4.426547e-01
    1.284000e+01    4.426549e-01
    1.286000e+01    4.426550e-01
    1.288000e+01    4.426552e-01
    1.290000e+01    4.426553e-01
    1.292000e+01    4.426554e-01
    1.294000e+01    4.426556e-01
    1.296000e+01    4.426557e-01
    1.298000e+01    4.426558e-01
    1.300000e+01    4.426559e-01
    1.302000e+01    4.426559e-01
    1.304000e+01    4.426560e-01
    1.306000e+01    4.426561e-01
    1.308000e+01    4.426561e-01
    1.310000e+01    4.426562e-01
    1.312000e+01    4.426562e-01
    1.314000e+01    4.426563e-01
    1.316000e+01    4.426563e-01
    1.318000e+01    4.426563e-01
    1.320000e+01    4.426563e-01
    1.322000e+01    4.426563e-01
    1.324000e+01    4.426563e-01
    1.326000e+01    4.426563e-01
    1.328000e+01    4.426563e-01
    1.330000e+01    4.426563e-01
    1.332000e+01    4.426563e-01
    1.334000e+01    4.426562e-01
    1.336000e+01    4.426562e-01
    1.338000e+01    4.426561e-01
    1.340000e+01    4.426561e-01
    1.342000e+01    4.426560e-01
    1.344000e+01    4.426560e-01
    1.346000e+01    4.426559e-01
    1.348000e+01    4.426558e-01
    1.350000e+01    4.426558e-01
    1.352000e+01    4.426557e-01
    1.354000e+01    4.426556e-01
    1.356000e+01    4.426555e-01
    1.358000e+01    4.426554e-01
    1.360000e+01    4.426553e-01
    1.362000e+01    4.426552e-01
    1.364000e+01    4.426551e-01
    1.366000e+01    4.426550e-01
    1.368000e+01    4.426549e-01
    1.370000e+01    4.426548e-01
    1.372000e+01    4.426546e-01
    1.374000e+01    4.426545e-01
    1.376000e+01    4.426544e-01
    1.378000e+01    4.426542e-01
    1.380000e+01    4.426541e-01
    1.382000e+01    4.426540e-01
    1.384000e+01    4.426538e-01
    1.386000e+01    4.426537e-01
    1.388000e+01    4.426535e-01
    1.390000e+01    4.426534e-01
    1.392000e+01    4.426532e-01
    1.394000e+01    4.426531e-01
    1.396000e+01    4.426529e-01
    1.398000e+01    4.426527e-01
    1.400000e+01    4.426526e-01
    1.402000e+01    4.426524e-01
    1.404000e+01    4.426522e-01
    1.406000e+01    4.426521e-01
    1.408000e+01    4.426519e-01
    1.410000e+01    4.426517e-01
    1.412000e+01    4.426515e-01
    1.414000e+01    4.426514e-01
    1.416000e+01    4.426512e-01
    1.418000e+01    4.426510e-01
    1.420000e+01    4.426508e-01
    1.422000e+01    4.426506e-01
    1.424000e+01    4.426504e-01
    1.426000e+01    4.426502e-01
    1.428000e+01    4.426500e-01
    1.430000e+01    4.426498e-01
    1.432000e+01    4.426496e-01
    1.434000e+01    4.426494e-01
    1.436000e+01    4.426492e-01
    1.438000e+01    4.426490e-01
    1.440000e+01    4.426488e-01
    1.442000e+01    4.426486e-01
    1.444000e+01    4.426484e-01
    1.446000e+01    4.426482e-01
    1.448000e+01    4.426480e-01
    1.450000e+01    4.426478e-01
    1.452000e+01    4.426476e-01
    1.454000e+01    4.426474e-01
    1.456000e+01    4.426472e-01
    1.458000e+01    4.426470e-01
    1.460000e+01    4.426468e-01
    1.462000e+01    4.426466e-01
    1.464000e+01    4.426464e-01
    1.466000e+01    4.426461e-01
    1.468000e+01    4.426459e-01
    1.470000e+01    4.426457e-01
    1.472000e+01    4.426455e-01
    1.474000e+01    4.426453e-01
    1.476000e+01    4.426451e-01
    1.478000e+01    4.426449e-01
    1.480000e+01    4.426447e-01
    1.482000e+01    4.426444e-01
    1.484000e+01    4.426442e-01
    1.486000e+01    4.426440e-01
    1.488000e+01    4.426438e-01
    1.490000e+01    4.426436e-01
    1.492000e+01    4.426434e-01
    1.494000e+01    4.426431e-01
    1.496000e+01    4.426429e-01
    1.498000e+01    4.426427e-01
