    0.000000e+00    1.0000000000e+00    0.0000000000e+00
    2.000000e-02    9.9960052515e-01    3.9947484841e-04
    4.000000e-02    9.9840836520e-01    1.5916348002e-03
    6.000000e-02    9.9644173380e-01    3.5582662009e-03
    8.000000e-02    9.9372899438e-01    6.2710056170e-03
    1.000000e-01    9.9030631094e-01    9.6936890551e-03
    1.200000e-01    9.8621544529e-01    1.3784554711e-02
    1.400000e-01    9.8150195065e-01    1.8498049348e-02
    1.600000e-01    9.7621374366e-01    2.3786256336e-02
    1.800000e-01    9.7039995550e-01    2.9600044502e-02
    2.000000e-01    9.6410997891e-01    3.5890021092e-02
    2.200000e-01    9.5739266686e-01    4.2607333142e-02
    2.400000e-01    9.5029566775e-01    4.9704332249e-02
    2.600000e-01    9.4286489441e-01    5.7135105589e-02
    2.800000e-01    9.3514412392e-01    6.4855876080e-02
    3.000000e-01    9.2717471984e-01    7.2825280162e-02
    3.200000e-01    9.1899546279e-01    8.1004537205e-02
    3.400000e-01    9.1064247183e-01    8.9357528173e-02
    3.600000e-01    9.0214919813e-01    9.7850801873e-02
    3.800000e-01    8.9354647404e-01    1.0645352596e-01
    4.000000e-01    8.8486260185e-01    1.1513739815e-01
    4.200000e-01    8.7612346927e-01    1.2387653073e-01
    4.400000e-01    8.6735268101e-01    1.3264731899e-01
    4.600000e-01    8.5857169848e-01    1.4142830152e-01
    4.800000e-01    8.4979998131e-01    1.5020001869e-01
    5.000000e-01    8.4105512672e-01    1.5894487328e-01
    5.200000e-01    8.3235300429e-01    1.6764699571e-01
    5.400000e-01    8.2370788449e-01    1.7629211551e-01
    5.600000e-01    8.1513255984e-01    1.8486744016e-01
    5.800000e-01    8.0663845833e-01    1.9336154167e-01
    6.000000e-01    7.9823574911e-01    2.0176425089e-01
    6.200000e-01    7.8993344055e-01    2.1006655945e-01
    6.400000e-01    7.8173947124e-01    2.1826052876e-01
    6.600000e-01    7.7366079416e-01    2.2633920584e-01
    6.800000e-01    7.6570345458e-01    2.3429654542e-01
    7.000000e-01    7.5787266219e-01    2.4212733781e-01
    7.200000e-01    7.5017285783e-01    2.4982714217e-01
    7.400000e-01    7.4260777529e-01    2.5739222471e-01
    7.600000e-01    7.3518049859e-01    2.6481950141e-01
    7.800000e-01    7.2789351518e-01    2.7210648482e-01
    8.000000e-01    7.2074876527e-01    2.7925123473e-01
    8.200000e-01    7.1374768774e-01    2.8625231226e-01
    8.400000e-01    7.0689126278e-01    2.9310873722e-01
    8.600000e-01    7.0018005158e-01    2.9981994842e-01
    8.800000e-01    6.9361423326e-01    3.0638576674e-01
    9.000000e-01    6.8719363928e-01    3.1280636072e-01
    9.200000e-01    6.8091778545e-01    3.1908221455e-01
    9.400000e-01    6.7478590183e-01    3.2521409817e-01
    9.600000e-01    6.6879696044e-01    3.3120303956e-01
    9.800000e-01    6.6294970121e-01    3.3705029879e-01
    1.000000e+00    6.5724265608e-01    3.4275734392e-01
    1.020000e+00    6.5167417147e-01    3.4832582853e-01
    1.040000e+00    6.4624242921e-01    3.5375757079e-01
    1.060000e+00    6.4094546599e-01    3.5905453401e-01
    1.080000e+00    6.3578119145e-01    3.6421880855e-01
    1.100000e+00    6.3074740493e-01    3.6925259507e-01
    1.120000e+00    6.2584181111e-01    3.7415818889e-01
    1.140000e+00    6.2106203447e-01    3.7893796553e-01
    1.160000e+00    6.1640563268e-01    3.8359436732e-01
    1.180000e+00    6.1187010891e-01    3.8812989109e-01
    1.200000e+00    6.0745292320e-01    3.9254707680e-01
    1.220000e+00    6.0315150303e-01    3.9684849697e-01
    1.240000e+00    5.9896325287e-01    4.0103674713e-01
    1.260000e+00    5.9488556312e-01    4.0511443688e-01
    1.280000e+00    5.9091581813e-01    4.0908418187e-01
    1.300000e+00    5.8705140359e-01    4.1294859641e-01
    1.320000e+00    5.8328971327e-01    4.1671028673e-01
    1.340000e+00    5.7962815507e-01    4.2037184493e-01
    1.360000e+00    5.7606415656e-01    4.2393584344e-01
    1.380000e+00    5.7259516993e-01    4.2740483007e-01
    1.400000e+00    5.6921867650e-01    4.3078132350e-01
    1.420000e+00    5.6593219065e-01    4.3406780935e-01
    1.440000e+00    5.6273326340e-01    4.3726673660e-01
    1.460000e+00    5.5961948551e-01    4.4038051449e-01
    1.480000e+00    5.5658849022e-01    4.4341150978e-01
    1.500000e+00    5.5363795562e-01    4.4636204438e-01
    1.520000e+00    5.5076560676e-01    4.4923439324e-01
    1.540000e+00    5.4796921727e-01    4.5203078273e-01
    1.560000e+00    5.4524661092e-01    4.5475338908e-01
    1.580000e+00    5.4259566268e-01    4.5740433732e-01
    1.600000e+00    5.4001429970e-01    4.5998570030e-01
    1.620000e+00    5.3750050195e-01    4.6249949805e-01
    1.640000e+00    5.3505230271e-01    4.6494769729e-01
    1.660000e+00    5.3266778884e-01    4.6733221116e-01
    1.680000e+00    5.3034510085e-01    4.6965489915e-01
    1.700000e+00    5.2808243293e-01    4.7191756707e-01
    1.720000e+00    5.2587803267e-01    4.7412196733e-01
    1.740000e+00    5.2373020077e-01    4.7626979923e-01
    1.760000e+00    5.2163729061e-01    4.7836270939e-01
    1.780000e+00    5.1959770767e-01    4.8040229233e-01
    1.800000e+00    5.1760990887e-01    4.8239009113e-01
    1.820000e+00    5.1567240184e-01    4.8432759816e-01
    1.840000e+00    5.1378374408e-01    4.8621625592e-01
    1.860000e+00    5.1194254208e-01    4.8805745792e-01
    1.880000e+00    5.1014745034e-01    4.8985254966e-01
    1.900000e+00    5.0839717037e-01    4.9160282963e-01
    1.920000e+00    5.0669044966e-01    4.9330955034e-01
    1.940000e+00    5.0502608056e-01    4.9497391944e-01
    1.960000e+00    5.0340289921e-01    4.9659710079e-01
    1.980000e+00    5.0181978438e-01    4.9818021562e-01
    2.000000e+00    5.0027565631e-01    4.9972434369e-01
    2.020000e+00    4.9876947554e-01    5.0123052446e-01
    2.040000e+00    4.9730024174e-01    5.0269975826e-01
    2.060000e+00    4.9586699248e-01    5.0413300752e-01
    2.080000e+00    4.9446880210e-01    5.0553119790e-01
    2.100000e+00    4.9310478049e-01    5.0689521951e-01
    2.120000e+00    4.9177407189e-01    5.0822592811e-01
    2.140000e+00    4.9047585376e-01    5.0952414624e-01
    2.160000e+00    4.8920933556e-01    5.1079066444e-01
    2.180000e+00    4.8797375764e-01    5.1202624236e-01
    2.200000e+00    4.8676839008e-01    5.1323160992e-01
    2.220000e+00    4.8559253161e-01    5.1440746839e-01
    2.240000e+00    4.8444550847e-01    5.1555449153e-01
    2.260000e+00    4.8332667339e-01    5.1667332661e-01
    2.280000e+00    4.8223540448e-01    5.1776459552e-01
    2.300000e+00    4.8117110425e-01    5.1882889575e-01
    2.320000e+00    4.8013319852e-01    5.1986680148e-01
    2.340000e+00    4.7912113548e-01    5.2087886452e-01
    2.360000e+00    4.7813438473e-01    5.2186561527e-01
    2.380000e+00    4.7717243630e-01    5.2282756370e-01
    2.400000e+00    4.7623479976e-01    5.2376520024e-01
    2.420000e+00    4.7532100332e-01    5.2467899668e-01
    2.440000e+00    4.7443059299e-01    5.2556940701e-01
    2.460000e+00    4.7356313170e-01    5.2643686830e-01
    2.480000e+00    4.7271819851e-01    5.2728180149e-01
    2.500000e+00    4.7189538782e-01    5.2810461218e-01
    2.520000e+00    4.7109430865e-01    5.2890569135e-01
    2.540000e+00    4.7031458384e-01    5.2968541616e-01
    2.560000e+00    4.6955584942e-01    5.3044415058e-01
    2.580000e+00    4.6881775387e-01    5.3118224613e-01
    2.600000e+00    4.6809995752e-01    5.3190004248e-01
    2.620000e+00    4.6740213190e-01    5.3259786810e-01
    2.640000e+00    4.6672395913e-01    5.3327604087e-01
    2.660000e+00    4.6606513137e-01    5.3393486863e-01
    2.680000e+00    4.6542535028e-01    5.3457464972e-01
    2.700000e+00    4.6480432645e-01    5.3519567355e-01
    2.720000e+00    4.6420177896e-01    5.3579822104e-01
    2.740000e+00    4.6361743486e-01    5.3638256514e-01
    2.760000e+00    4.6305102870e-01    5.3694897130e-01
    2.780000e+00    4.6250230214e-01    5.3749769786e-01
    2.800000e+00    4.6197100350e-01    5.3802899650e-01
    2.820000e+00    4.6145688733e-01    5.3854311267e-01
    2.840000e+00    4.6095971411e-01    5.3904028589e-01
    2.860000e+00    4.6047924980e-01    5.3952075020e-01
    2.880000e+00    4.6001526554e-01    5.3998473446e-01
    2.900000e+00    4.5956753734e-01    5.4043246266e-01
    2.920000e+00    4.5913584573e-01    5.4086415427e-01
    2.940000e+00    4.5871997549e-01    5.4128002451e-01
    2.960000e+00    4.5831971538e-01    5.4168028462e-01
    2.980000e+00    4.5793485788e-01    5.4206514212e-01
    3.000000e+00    4.5756519892e-01    5.4243480108e-01
    3.020000e+00    4.5721053771e-01    5.4278946229e-01
    3.040000e+00    4.5687067645e-01    5.4312932355e-01
    3.060000e+00    4.5654542021e-01    5.4345457979e-01
    3.080000e+00    4.5623457666e-01    5.4376542334e-01
    3.100000e+00    4.5593795597e-01    5.4406204403e-01
    3.120000e+00    4.5565537057e-01    5.4434462943e-01
    3.140000e+00    4.5538663505e-01    5.4461336495e-01
    3.160000e+00    4.5513156599e-01    5.4486843401e-01
    3.180000e+00    4.5488998182e-01    5.4511001818e-01
    3.200000e+00    4.5466170272e-01    5.4533829728e-01
    3.220000e+00    4.5444655046e-01    5.4555344954e-01
    3.240000e+00    4.5424434835e-01    5.4575565165e-01
    3.260000e+00    4.5405492110e-01    5.4594507890e-01
    3.280000e+00    4.5387809473e-01    5.4612190527e-01
    3.300000e+00    4.5371369653e-01    5.4628630347e-01
    3.320000e+00    4.5356155494e-01    5.4643844506e-01
    3.340000e+00    4.5342149949e-01    5.4657850051e-01
    3.360000e+00    4.5329336075e-01    5.4670663925e-01
    3.380000e+00    4.5317697027e-01    5.4682302973e-01
    3.400000e+00    4.5307216050e-01    5.4692783950e-01
    3.420000e+00    4.5297876478e-01    5.4702123522e-01
    3.440000e+00    4.5289661727e-01    5.4710338273e-01
    3.460000e+00    4.5282555292e-01    5.4717444708e-01
    3.480000e+00    4.5276540746e-01    5.4723459254e-01
    3.500000e+00    4.5271601732e-01    5.4728398268e-01
    3.520000e+00    4.5267721965e-01    5.4732278035e-01
    3.540000e+00    4.5264885229e-01    5.4735114771e-01
    3.560000e+00    4.5263075375e-01    5.4736924625e-01
    3.580000e+00    4.5262276317e-01    5.4737723683e-01
    3.600000e+00    4.5262472036e-01    5.4737527964e-01
    3.620000e+00    4.5263646575e-01    5.4736353425e-01
    3.640000e+00    4.5265784042e-01    5.4734215958e-01
    3.660000e+00    4.5268868605e-01    5.4731131395e-01
    3.680000e+00    4.5272884497e-01    5.4727115503e-01
    3.700000e+00    4.5277816012e-01    5.4722183988e-01
    3.720000e+00    4.5283647507e-01    5.4716352493e-01
    3.740000e+00    4.5290363406e-01    5.4709636594e-01
    3.760000e+00    4.5297948192e-01    5.4702051808e-01
    3.780000e+00    4.5306386417e-01    5.4693613583e-01
    3.800000e+00    4.5315662698e-01    5.4684337302e-01
    3.820000e+00    4.5325761719e-01    5.4674238281e-01
    3.840000e+00    4.5336668232e-01    5.4663331768e-01
    3.860000e+00    4.5348367058e-01    5.4651632942e-01
    3.880000e+00    4.5360843089e-01    5.4639156911e-01
    3.900000e+00    4.5374081290e-01    5.4625918710e-01
    3.920000e+00    4.5388066699e-01    5.4611933301e-01
    3.940000e+00    4.5402784432e-01    5.4597215568e-01
    3.960000e+00    4.5418219678e-01    5.4581780322e-01
    3.980000e+00    4.5434357708e-01    5.4565642292e-01
    4.000000e+00    4.5451183871e-01    5.4548816129e-01
    4.020000e+00    4.5468683599e-01    5.4531316401e-01
    4.040000e+00    4.5486842406e-01    5.4513157594e-01
    4.060000e+00    4.5505645892e-01    5.4494354108e-01
    4.080000e+00    4.5525079744e-01    5.4474920256e-01
    4.100000e+00    4.5545129737e-01    5.4454870263e-01
    4.120000e+00    4.5565781736e-01    5.4434218264e-01
    4.140000e+00    4.5587021699e-01    5.4412978301e-01
    4.160000e+00    4.5608835675e-01    5.4391164325e-01
    4.180000e+00    4.5631209810e-01    5.4368790190e-01
    4.200000e+00    4.5654130345e-01    5.4345869655e-01
    4.220000e+00    4.5677583622e-01    5.4322416378e-01
    4.240000e+00    4.5701556079e-01    5.4298443921e-01
    4.260000e+00    4.5726034258e-01    5.4273965742e-01
    4.280000e+00    4.5751004803e-01    5.4248995197e-01
    4.300000e+00    4.5776454461e-01    5.4223545539e-01
    4.320000e+00    4.5802370087e-01    5.4197629913e-01
    4.340000e+00    4.5828738641e-01    5.4171261359e-01
    4.360000e+00    4.5855547193e-01    5.4144452807e-01
    4.380000e+00    4.5882782921e-01    5.4117217079e-01
    4.400000e+00    4.5910433116e-01    5.4089566884e-01
    4.420000e+00    4.5938485180e-01    5.4061514820e-01
    4.440000e+00    4.5966926629e-01    5.4033073371e-01
    4.460000e+00    4.5995745094e-01    5.4004254906e-01
    4.480000e+00    4.6024928321e-01    5.3975071679e-01
    4.500000e+00    4.6054464174e-01    5.3945535826e-01
    4.520000e+00    4.6084340633e-01    5.3915659367e-01
    4.540000e+00    4.6114545801e-01    5.3885454199e-01
    4.560000e+00    4.6145067896e-01    5.3854932104e-01
    4.580000e+00    4.6175895259e-01    5.3824104741e-01
    4.600000e+00    4.6207016353e-01    5.3792983647e-01
    4.620000e+00    4.6238419763e-01    5.3761580237e-01
    4.640000e+00    4.6270094197e-01    5.3729905803e-01
    4.660000e+00    4.6302028486e-01    5.3697971514e-01
    4.680000e+00    4.6334211588e-01    5.3665788412e-01
    4.700000e+00    4.6366632585e-01    5.3633367415e-01
    4.720000e+00    4.6399280682e-01    5.3600719318e-01
    4.740000e+00    4.6432145215e-01    5.3567854785e-01
    4.760000e+00    4.6465215644e-01    5.3534784356e-01
    4.780000e+00    4.6498481557e-01    5.3501518443e-01
    4.800000e+00    4.6531932669e-01    5.3468067331e-01
    4.820000e+00    4.6565558824e-01    5.3434441176e-01
    4.840000e+00    4.6599349993e-01    5.3400650007e-01
    4.860000e+00    4.6633296276e-01    5.3366703724e-01
    4.880000e+00    4.6667387903e-01    5.3332612097e-01
    4.900000e+00    4.6701615233e-01    5.3298384767e-01
    4.920000e+00    4.6735968751e-01    5.3264031249e-01
    4.940000e+00    4.6770439075e-01    5.3229560925e-01
    4.960000e+00    4.6805016950e-01    5.3194983050e-01
    4.980000e+00    4.6839693252e-01    5.3160306748e-01
    5.000000e+00    4.6874458985e-01    5.3125541015e-01
    5.020000e+00    4.6909305283e-01    5.3090694717e-01
    5.040000e+00    4.6944223408e-01    5.3055776592e-01
    5.060000e+00    4.6979204753e-01    5.3020795247e-01
    5.080000e+00    4.7014240838e-01    5.2985759162e-01
    5.100000e+00    4.7049323314e-01    5.2950676686e-01
    5.120000e+00    4.7084443957e-01    5.2915556043e-01
    5.140000e+00    4.7119594675e-01    5.2880405325e-01
    5.160000e+00    4.7154767501e-01    5.2845232499e-01
    5.180000e+00    4.7189954598e-01    5.2810045402e-01
    5.200000e+00    4.7225148255e-01    5.2774851745e-01
    5.220000e+00    4.7260340887e-01    5.2739659113e-01
    5.240000e+00    4.7295525036e-01    5.2704474964e-01
    5.260000e+00    4.7330693372e-01    5.2669306628e-01
    5.280000e+00    4.7365838689e-01    5.2634161311e-01
    5.300000e+00    4.7400953905e-01    5.2599046095e-01
    5.320000e+00    4.7436032064e-01    5.2563967936e-01
    5.340000e+00    4.7471066335e-01    5.2528933665e-01
    5.360000e+00    4.7506050008e-01    5.2493949992e-01
    5.380000e+00    4.7540976498e-01    5.2459023502e-01
    5.400000e+00    4.7575839340e-01    5.2424160660e-01
    5.420000e+00    4.7610632195e-01    5.2389367805e-01
    5.440000e+00    4.7645348840e-01    5.2354651160e-01
    5.460000e+00    4.7679983176e-01    5.2320016824e-01
    5.480000e+00    4.7714529223e-01    5.2285470777e-01
    5.500000e+00    4.7748981118e-01    5.2251018882e-01
    5.520000e+00    4.7783333120e-01    5.2216666880e-01
    5.540000e+00    4.7817579602e-01    5.2182420398e-01
    5.560000e+00    4.7851715056e-01    5.2148284944e-01
    5.580000e+00    4.7885734091e-01    5.2114265909e-01
    5.600000e+00    4.7919631428e-01    5.2080368572e-01
    5.620000e+00    4.7953401906e-01    5.2046598094e-01
    5.640000e+00    4.7987040476e-01    5.2012959524e-01
    5.660000e+00    4.8020542203e-01    5.1979457797e-01
    5.680000e+00    4.8053902262e-01    5.1946097738e-01
    5.700000e+00    4.8087115943e-01    5.1912884057e-01
    5.720000e+00    4.8120178642e-01    5.1879821358e-01
    5.740000e+00    4.8153085869e-01    5.1846914131e-01
    5.760000e+00    4.8185833240e-01    5.1814166760e-01
    5.780000e+00    4.8218416479e-01    5.1781583521e-01
    5.800000e+00    4.8250831417e-01    5.1749168583e-01
    5.820000e+00    4.8283073992e-01    5.1716926008e-01
    5.840000e+00    4.8315140246e-01    5.1684859754e-01
    5.860000e+00    4.8347026325e-01    5.1652973675e-01
    5.880000e+00    4.8378728480e-01    5.1621271520e-01
    5.900000e+00    4.8410243062e-01    5.1589756938e-01
    5.920000e+00    4.8441566526e-01    5.1558433474e-01
    5.940000e+00    4.8472695424e-01    5.1527304576e-01
    5.960000e+00    4.8503626410e-01    5.1496373590e-01
    5.980000e+00    4.8534356236e-01    5.1465643764e-01
    6.000000e+00    4.8564881752e-01    5.1435118248e-01
    6.020000e+00    4.8595199904e-01    5.1404800096e-01
    6.040000e+00    4.8625307733e-01    5.1374692267e-01
    6.060000e+00    4.8655202376e-01    5.1344797624e-01
    6.080000e+00    4.8684881063e-01    5.1315118937e-01
    6.100000e+00    4.8714341116e-01    5.1285658884e-01
    6.120000e+00    4.8743579950e-01    5.1256420050e-01
    6.140000e+00    4.8772595070e-01    5.1227404930e-01
    6.160000e+00    4.8801384070e-01    5.1198615930e-01
    6.180000e+00    4.8829944635e-01    5.1170055365e-01
    6.200000e+00    4.8858274535e-01    5.1141725465e-01
    6.220000e+00    4.8886371628e-01    5.1113628372e-01
    6.240000e+00    4.8914233857e-01    5.1085766143e-01
    6.260000e+00    4.8941859251e-01    5.1058140749e-01
    6.280000e+00    4.8969245922e-01    5.1030754078e-01
    6.300000e+00    4.8996392063e-01    5.1003607937e-01
    6.320000e+00    4.9023295951e-01    5.0976704049e-01
    6.340000e+00    4.9049955943e-01    5.0950044057e-01
    6.360000e+00    4.9076370475e-01    5.0923629525e-01
    6.380000e+00    4.9102538061e-01    5.0897461939e-01
    6.400000e+00    4.9128457295e-01    5.0871542705e-01
    6.420000e+00    4.9154126844e-01    5.0845873156e-01
    6.440000e+00    4.9179545455e-01    5.0820454545e-01
    6.460000e+00    4.9204711945e-01    5.0795288055e-01
    6.480000e+00    4.9229625208e-01    5.0770374792e-01
    6.500000e+00    4.9254284208e-01    5.0745715792e-01
    6.520000e+00    4.9278687982e-01    5.0721312018e-01
    6.540000e+00    4.9302835638e-01    5.0697164362e-01
    6.560000e+00    4.9326726352e-01    5.0673273648e-01
    6.580000e+00    4.9350359369e-01    5.0649640631e-01
    6.600000e+00    4.9373734002e-01    5.0626265998e-01
    6.620000e+00    4.9396849631e-01    5.0603150369e-01
    6.640000e+00    4.9419705699e-01    5.0580294301e-01
    6.660000e+00    4.9442301717e-01    5.0557698283e-01
    6.680000e+00    4.9464637257e-01    5.0535362743e-01
    6.700000e+00    4.9486711955e-01    5.0513288045e-01
    6.720000e+00    4.9508525508e-01    5.0491474492e-01
    6.740000e+00    4.9530077673e-01    5.0469922327e-01
    6.760000e+00    4.9551368268e-01    5.0448631732e-01
    6.780000e+00    4.9572397169e-01    5.0427602831e-01
    6.800000e+00    4.9593164309e-01    5.0406835691e-01
    6.820000e+00    4.9613669679e-01    5.0386330321e-01
    6.840000e+00    4.9633913325e-01    5.0366086675e-01
    6.860000e+00    4.9653895348e-01    5.0346104652e-01
    6.880000e+00    4.9673615903e-01    5.0326384097e-01
    6.900000e+00    4.9693075198e-01    5.0306924802e-01
    6.920000e+00    4.9712273493e-01    5.0287726507e-01
    6.940000e+00    4.9731211098e-01    5.0268788902e-01
    6.960000e+00    4.9749888375e-01    5.0250111625e-01
    6.980000e+00    4.9768305734e-01    5.0231694266e-01
    7.000000e+00    4.9786463634e-01    5.0213536366e-01
    7.020000e+00    4.9804362581e-01    5.0195637419e-01
    7.040000e+00    4.9822003126e-01    5.0177996874e-01
    7.060000e+00    4.9839385869e-01    5.0160614131e-01
    7.080000e+00    4.9856511451e-01    5.0143488549e-01
    7.100000e+00    4.9873380560e-01    5.0126619440e-01
    7.120000e+00    4.9889993924e-01    5.0110006076e-01
    7.140000e+00    4.9906352315e-01    5.0093647685e-01
    7.160000e+00    4.9922456546e-01    5.0077543454e-01
    7.180000e+00    4.9938307469e-01    5.0061692531e-01
    7.200000e+00    4.9953905976e-01    5.0046094024e-01
    7.220000e+00    4.9969252999e-01    5.0030747001e-01
    7.240000e+00    4.9984349506e-01    5.0015650494e-01
    7.260000e+00    4.9999196502e-01    5.0000803498e-01
    7.280000e+00    5.0013795029e-01    4.9986204971e-01
    7.300000e+00    5.0028146163e-01    4.9971853837e-01
    7.320000e+00    5.0042251015e-01    4.9957748985e-01
    7.340000e+00    5.0056110731e-01    4.9943889269e-01
    7.360000e+00    5.0069726486e-01    4.9930273514e-01
    7.380000e+00    5.0083099492e-01    4.9916900508e-01
    7.400000e+00    5.0096230987e-01    4.9903769013e-01
    7.420000e+00    5.0109122243e-01    4.9890877757e-01
    7.440000e+00    5.0121774561e-01    4.9878225439e-01
    7.460000e+00    5.0134189269e-01    4.9865810731e-01
    7.480000e+00    5.0146367726e-01    4.9853632274e-01
    7.500000e+00    5.0158311315e-01    4.9841688685e-01
    7.520000e+00    5.0170021447e-01    4.9829978553e-01
    7.540000e+00    5.0181499561e-01    4.9818500439e-01
    7.560000e+00    5.0192747117e-01    4.9807252883e-01
    7.580000e+00    5.0203765602e-01    4.9796234398e-01
    7.600000e+00    5.0214556526e-01    4.9785443474e-01
    7.620000e+00    5.0225121422e-01    4.9774878578e-01
    7.640000e+00    5.0235461844e-01    4.9764538156e-01
    7.660000e+00    5.0245579369e-01    4.9754420631e-01
    7.680000e+00    5.0255475594e-01    4.9744524406e-01
    7.700000e+00    5.0265152137e-01    4.9734847863e-01
    7.720000e+00    5.0274610633e-01    4.9725389367e-01
    7.740000e+00    5.0283852739e-01    4.9716147261e-01
    7.760000e+00    5.0292880127e-01    4.9707119873e-01
    7.780000e+00    5.0301694488e-01    4.9698305512e-01
    7.800000e+00    5.0310297531e-01    4.9689702469e-01
    7.820000e+00    5.0318690977e-01    4.9681309023e-01
    7.840000e+00    5.0326876567e-01    4.9673123433e-01
    7.860000e+00    5.0334856055e-01    4.9665143945e-01
    7.880000e+00    5.0342631208e-01    4.9657368792e-01
    7.900000e+00    5.0350203808e-01    4.9649796192e-01
    7.920000e+00    5.0357575650e-01    4.9642424350e-01
    7.940000e+00    5.0364748540e-01    4.9635251460e-01
    7.960000e+00    5.0371724299e-01    4.9628275701e-01
    7.980000e+00    5.0378504755e-01    4.9621495245e-01
    8.000000e+00    5.0385091750e-01    4.9614908250e-01
    8.020000e+00    5.0391487134e-01    4.9608512866e-01
    8.040000e+00    5.0397692768e-01    4.9602307232e-01
    8.060000e+00    5.0403710521e-01    4.9596289479e-01
    8.080000e+00    5.0409542270e-01    4.9590457730e-01
    8.100000e+00    5.0415189902e-01    4.9584810098e-01
    8.120000e+00    5.0420655308e-01    4.9579344692e-01
    8.140000e+00    5.0425940389e-01    4.9574059611e-01
    8.160000e+00    5.0431047050e-01    4.9568952950e-01
    8.180000e+00    5.0435977204e-01    4.9564022796e-01
    8.200000e+00    5.0440732766e-01    4.9559267234e-01
    8.220000e+00    5.0445315660e-01    4.9554684340e-01
    8.240000e+00    5.0449727811e-01    4.9550272189e-01
    8.260000e+00    5.0453971148e-01    4.9546028852e-01
    8.280000e+00    5.0458047606e-01    4.9541952394e-01
    8.300000e+00    5.0461959120e-01    4.9538040880e-01
    8.320000e+00    5.0465707628e-01    4.9534292372e-01
    8.340000e+00    5.0469295071e-01    4.9530704929e-01
    8.360000e+00    5.0472723392e-01    4.9527276608e-01
    8.380000e+00    5.0475994532e-01    4.9524005468e-01
    8.400000e+00    5.0479110437e-01    4.9520889563e-01
    8.420000e+00    5.0482073048e-01    4.9517926952e-01
    8.440000e+00    5.0484884312e-01    4.9515115688e-01
    8.460000e+00    5.0487546169e-01    4.9512453831e-01
    8.480000e+00    5.0490060564e-01    4.9509939436e-01
    8.500000e+00    5.0492429435e-01    4.9507570565e-01
    8.520000e+00    5.0494654723e-01    4.9505345277e-01
    8.540000e+00    5.0496738364e-01    4.9503261636e-01
    8.560000e+00    5.0498682293e-01    4.9501317707e-01
    8.580000e+00    5.0500488440e-01    4.9499511560e-01
    8.600000e+00    5.0502158733e-01    4.9497841267e-01
    8.620000e+00    5.0503695098e-01    4.9496304902e-01
    8.640000e+00    5.0505099454e-01    4.9494900546e-01
    8.660000e+00    5.0506373718e-01    4.9493626282e-01
    8.680000e+00    5.0507519802e-01    4.9492480198e-01
    8.700000e+00    5.0508539611e-01    4.9491460389e-01
    8.720000e+00    5.0509435048e-01    4.9490564952e-01
    8.740000e+00    5.0510208007e-01    4.9489791993e-01
    8.760000e+00    5.0510860379e-01    4.9489139621e-01
    8.780000e+00    5.0511394047e-01    4.9488605953e-01
    8.800000e+00    5.0511810888e-01    4.9488189112e-01
    8.820000e+00    5.0512112772e-01    4.9487887228e-01
    8.840000e+00    5.0512301564e-01    4.9487698436e-01
    8.860000e+00    5.0512379117e-01    4.9487620883e-01
    8.880000e+00    5.0512347282e-01    4.9487652718e-01
    8.900000e+00    5.0512207897e-01    4.9487792103e-01
    8.920000e+00    5.0511962796e-01    4.9488037204e-01
    8.940000e+00    5.0511613801e-01    4.9488386199e-01
    8.960000e+00    5.0511162729e-01    4.9488837271e-01
    8.980000e+00    5.0510611385e-01    4.9489388615e-01
    9.000000e+00    5.0509961567e-01    4.9490038433e-01
    9.020000e+00    5.0509215062e-01    4.9490784938e-01
    9.040000e+00    5.0508373648e-01    4.9491626352e-01
    9.060000e+00    5.0507439095e-01    4.9492560905e-01
    9.080000e+00    5.0506413161e-01    4.9493586839e-01
    9.100000e+00    5.0505297594e-01    4.9494702406e-01
    9.120000e+00    5.0504094131e-01    4.9495905869e-01
    9.140000e+00    5.0502804501e-01    4.9497195499e-01
    9.160000e+00    5.0501430420e-01    4.9498569580e-01
    9.180000e+00    5.0499973594e-01    4.9500026406e-01
    9.200000e+00    5.0498435716e-01    4.9501564284e-01
    9.220000e+00    5.0496818471e-01    4.9503181529e-01
    9.240000e+00    5.0495123530e-01    4.9504876470e-01
    9.260000e+00    5.0493352553e-01    4.9506647447e-01
    9.280000e+00    5.0491507188e-01    4.9508492812e-01
    9.300000e+00    5.0489589073e-01    4.9510410927e-01
    9.320000e+00    5.0487599830e-01    4.9512400170e-01
    9.340000e+00    5.0485541073e-01    4.9514458927e-01
    9.360000e+00    5.0483414401e-01    4.9516585599e-01
    9.380000e+00    5.0481221402e-01    4.9518778598e-01
    9.400000e+00    5.0478963649e-01    4.9521036351e-01
    9.420000e+00    5.0476642705e-01    4.9523357295e-01
    9.440000e+00    5.0474260119e-01    4.9525739881e-01
    9.460000e+00    5.0471817427e-01    4.9528182573e-01
    9.480000e+00    5.0469316152e-01    4.9530683848e-01
    9.500000e+00    5.0466757804e-01    4.9533242196e-01
    9.520000e+00    5.0464143880e-01    4.9535856120e-01
    9.540000e+00    5.0461475862e-01    4.9538524138e-01
    9.560000e+00    5.0458755221e-01    4.9541244779e-01
    9.580000e+00    5.0455983413e-01    4.9544016587e-01
    9.600000e+00    5.0453161880e-01    4.9546838120e-01
    9.620000e+00    5.0450292051e-01    4.9549707949e-01
    9.640000e+00    5.0447375342e-01    4.9552624658e-01
    9.660000e+00    5.0444413153e-01    4.9555586847e-01
    9.680000e+00    5.0441406873e-01    4.9558593127e-01
    9.700000e+00    5.0438357875e-01    4.9561642125e-01
    9.720000e+00    5.0435267517e-01    4.9564732483e-01
    9.740000e+00    5.0432137146e-01    4.9567862854e-01
    9.760000e+00    5.0428968093e-01    4.9571031907e-01
    9.780000e+00    5.0425761674e-01    4.9574238326e-01
    9.800000e+00    5.0422519194e-01    4.9577480806e-01
    9.820000e+00    5.0419241940e-01    4.9580758060e-01
    9.840000e+00    5.0415931186e-01    4.9584068814e-01
    9.860000e+00    5.0412588194e-01    4.9587411806e-01
    9.880000e+00    5.0409214209e-01    4.9590785791e-01
    9.900000e+00    5.0405810461e-01    4.9594189539e-01
    9.920000e+00    5.0402378169e-01    4.9597621831e-01
    9.940000e+00    5.0398918535e-01    4.9601081465e-01
    9.960000e+00    5.0395432747e-01    4.9604567253e-01
    9.980000e+00    5.0391921979e-01    4.9608078021e-01
    1.000000e+01    5.0388387391e-01    4.9611612609e-01
    1.002000e+01    5.0384830127e-01    4.9615169873e-01
    1.004000e+01    5.0381251318e-01    4.9618748682e-01
    1.006000e+01    5.0377652081e-01    4.9622347919e-01
    1.008000e+01    5.0374033517e-01    4.9625966483e-01
    1.010000e+01    5.0370396714e-01    4.9629603286e-01
    1.012000e+01    5.0366742744e-01    4.9633257256e-01
    1.014000e+01    5.0363072667e-01    4.9636927333e-01
    1.016000e+01    5.0359387526e-01    4.9640612474e-01
    1.018000e+01    5.0355688352e-01    4.9644311648e-01
    1.020000e+01    5.0351976160e-01    4.9648023840e-01
    1.022000e+01    5.0348251952e-01    4.9651748048e-01
    1.024000e+01    5.0344516715e-01    4.9655483285e-01
    1.026000e+01    5.0340771421e-01    4.9659228579e-01
    1.028000e+01    5.0337017030e-01    4.9662982970e-01
    1.030000e+01    5.0333254486e-01    4.9666745514e-01
    1.032000e+01    5.0329484719e-01    4.9670515281e-01
    1.034000e+01    5.0325708646e-01    4.9674291354e-01
    1.036000e+01    5.0321927169e-01    4.9678072831e-01
    1.038000e+01    5.0318141176e-01    4.9681858824e-01
    1.040000e+01    5.0314351542e-01    4.9685648458e-01
    1.042000e+01    5.0310559127e-01    4.9689440873e-01
    1.044000e+01    5.0306764779e-01    4.9693235221e-01
    1.046000e+01    5.0302969329e-01    4.9697030671e-01
    1.048000e+01    5.0299173597e-01    4.9700826403e-01
    1.050000e+01    5.0295378388e-01    4.9704621612e-01
    1.052000e+01    5.0291584495e-01    4.9708415505e-01
    1.054000e+01    5.0287792695e-01    4.9712207305e-01
    1.056000e+01    5.0284003753e-01    4.9715996247e-01
    1.058000e+01    5.0280218421e-01    4.9719781579e-01
    1.060000e+01    5.0276437437e-01    4.9723562563e-01
    1.062000e+01    5.0272661525e-01    4.9727338475e-01
    1.064000e+01    5.0268891397e-01    4.9731108603e-01
    1.066000e+01    5.0265127751e-01    4.9734872249e-01
    1.068000e+01    5.0261371273e-01    4.9738628727e-01
    1.070000e+01    5.0257622634e-01    4.9742377366e-01
    1.072000e+01    5.0253882495e-01    4.9746117505e-01
    1.074000e+01    5.0250151501e-01    4.9749848499e-01
    1.076000e+01    5.0246430286e-01    4.9753569714e-01
    1.078000e+01    5.0242719472e-01    4.9757280528e-01
    1.080000e+01    5.0239019666e-01    4.9760980334e-01
    1.082000e+01    5.0235331465e-01    4.9764668535e-01
    1.084000e+01    5.0231655453e-01    4.9768344547e-01
    1.086000e+01    5.0227992199e-01    4.9772007801e-01
    1.088000e+01    5.0224342264e-01    4.9775657736e-01
    1.090000e+01    5.0220706193e-01    4.9779293807e-01
    1.092000e+01    5.0217084522e-01    4.9782915478e-01
    1.094000e+01    5.0213477772e-01    4.9786522228e-01
    1.096000e+01    5.0209886455e-01    4.9790113545e-01
    1.098000e+01    5.0206311070e-01    4.9793688930e-01
    1.100000e+01    5.0202752103e-01    4.9797247897e-01
    1.102000e+01    5.0199210030e-01    4.9800789970e-01
    1.104000e+01    5.0195685314e-01    4.9804314686e-01
    1.106000e+01    5.0192178410e-01    4.9807821590e-01
    1.108000e+01    5.0188689757e-01    4.9811310243e-01
    1.110000e+01    5.0185219785e-01    4.9814780215e-01
    1.112000e+01    5.0181768914e-01    4.9818231086e-01
    1.114000e+01    5.0178337550e-01    4.9821662450e-01
    1.116000e+01    5.0174926092e-01    4.9825073908e-01
    1.118000e+01    5.0171534924e-01    4.9828465076e-01
    1.120000e+01    5.0168164422e-01    4.9831835578e-01
    1.122000e+01    5.0164814950e-01    4.9835185050e-01
    1.124000e+01    5.0161486863e-01    4.9838513137e-01
    1.126000e+01    5.0158180503e-01    4.9841819497e-01
    1.128000e+01    5.0154896205e-01    4.9845103795e-01
    1.130000e+01    5.0151634290e-01    4.9848365710e-01
    1.132000e+01    5.0148395072e-01    4.9851604928e-01
    1.134000e+01    5.0145178854e-01    4.9854821146e-01
    1.136000e+01    5.0141985928e-01    4.9858014072e-01
    1.138000e+01    5.0138816578e-01    4.9861183422e-01
    1.140000e+01    5.0135671076e-01    4.9864328924e-01
    1.142000e+01    5.0132549686e-01    4.9867450314e-01
    1.144000e+01    5.0129452663e-01    4.9870547337e-01
    1.146000e+01    5.0126380251e-01    4.9873619749e-01
    1.148000e+01    5.0123332686e-01    4.9876667314e-01
    1.150000e+01    5.0120310194e-01    4.9879689806e-01
    1.152000e+01    5.0117312993e-01    4.9882687007e-01
    1.154000e+01    5.0114341289e-01    4.9885658711e-01
    1.156000e+01    5.0111395284e-01    4.9888604716e-01
    1.158000e+01    5.0108475167e-01    4.9891524833e-01
    1.160000e+01    5.0105581121e-01    4.9894418879e-01
    1.162000e+01    5.0102713318e-01    4.9897286682e-01
    1.164000e+01    5.0099871924e-01    4.9900128076e-01
    1.166000e+01    5.0097057095e-01    4.9902942905e-01
    1.168000e+01    5.0094268980e-01    4.9905731020e-01
    1.170000e+01    5.0091507719e-01    4.9908492281e-01
    1.172000e+01    5.0088773444e-01    4.9911226556e-01
    1.174000e+01    5.0086066279e-01    4.9913933721e-01
    1.176000e+01    5.0083386342e-01    4.9916613658e-01
    1.178000e+01    5.0080733741e-01    4.9919266259e-01
    1.180000e+01    5.0078108576e-01    4.9921891424e-01
    1.182000e+01    5.0075510943e-01    4.9924489057e-01
    1.184000e+01    5.0072940927e-01    4.9927059073e-01
    1.186000e+01    5.0070398607e-01    4.9929601393e-01
    1.188000e+01    5.0067884055e-01    4.9932115945e-01
    1.190000e+01    5.0065397337e-01    4.9934602663e-01
    1.192000e+01    5.0062938509e-01    4.9937061491e-01
    1.194000e+01    5.0060507624e-01    4.9939492376e-01
    1.196000e+01    5.0058104726e-01    4.9941895274e-01
    1.198000e+01    5.0055729851e-01    4.9944270149e-01
    1.200000e+01    5.0053383032e-01    4.9946616968e-01
    1.202000e+01    5.0051064293e-01    4.9948935707e-01
    1.204000e+01    5.0048773652e-01    4.9951226348e-01
    1.206000e+01    5.0046511121e-01    4.9953488879e-01
    1.208000e+01    5.0044276707e-01    4.9955723293e-01
    1.210000e+01    5.0042070409e-01    4.9957929591e-01
    1.212000e+01    5.0039892222e-01    4.9960107778e-01
    1.214000e+01    5.0037742134e-01    4.9962257866e-01
    1.216000e+01    5.0035620126e-01    4.9964379874e-01
    1.218000e+01    5.0033526177e-01    4.9966473823e-01
    1.220000e+01    5.0031460256e-01    4.9968539744e-01
    1.222000e+01    5.0029422331e-01    4.9970577669e-01
    1.224000e+01    5.0027412362e-01    4.9972587638e-01
    1.226000e+01    5.0025430304e-01    4.9974569696e-01
    1.228000e+01    5.0023476107e-01    4.9976523893e-01
    1.230000e+01    5.0021549716e-01    4.9978450284e-01
    1.232000e+01    5.0019651072e-01    4.9980348928e-01
    1.234000e+01    5.0017780110e-01    4.9982219890e-01
    1.236000e+01    5.0015936761e-01    4.9984063239e-01
    1.238000e+01    5.0014120950e-01    4.9985879050e-01
    1.240000e+01    5.0012332599e-01    4.9987667401e-01
    1.242000e+01    5.0010571625e-01    4.9989428375e-01
    1.244000e+01    5.0008837940e-01    4.9991162060e-01
    1.246000e+01    5.0007131453e-01    4.9992868547e-01
    1.248000e+01    5.0005452067e-01    4.9994547933e-01
    1.250000e+01    5.0003799683e-01    4.9996200317e-01
    1.252000e+01    5.0002174196e-01    4.9997825804e-01
    1.254000e+01    5.0000575499e-01    4.9999424501e-01
    1.256000e+01    4.9999003479e-01    5.0000996521e-01
    1.258000e+01    4.9997458021e-01    5.0002541979e-01
    1.260000e+01    4.9995939006e-01    5.0004060994e-01
    1.262000e+01    4.9994446311e-01    5.0005553689e-01
    1.264000e+01    4.9992979809e-01    5.0007020191e-01
    1.266000e+01    4.9991539372e-01    5.0008460628e-01
    1.268000e+01    4.9990124865e-01    5.0009875135e-01
    1.270000e+01    4.9988736152e-01    5.0011263848e-01
    1.272000e+01    4.9987373095e-01    5.0012626905e-01
    1.274000e+01    4.9986035549e-01    5.0013964451e-01
    1.276000e+01    4.9984723371e-01    5.0015276629e-01
    1.278000e+01    4.9983436412e-01    5.0016563588e-01
    1.280000e+01    4.9982174519e-01    5.0017825481e-01
    1.282000e+01    4.9980937540e-01    5.0019062460e-01
    1.284000e+01    4.9979725318e-01    5.0020274682e-01
    1.286000e+01    4.9978537693e-01    5.0021462307e-01
    1.288000e+01    4.9977374503e-01    5.0022625497e-01
    1.290000e+01    4.9976235584e-01    5.0023764416e-01
    1.292000e+01    4.9975120771e-01    5.0024879229e-01
    1.294000e+01    4.9974029893e-01    5.0025970107e-01
    1.296000e+01    4.9972962780e-01    5.0027037220e-01
    1.298000e+01    4.9971919258e-01    5.0028080742e-01
    1.300000e+01    4.9970899152e-01    5.0029100848e-01
    1.302000e+01    4.9969902285e-01    5.0030097715e-01
    1.304000e+01    4.9968928477e-01    5.0031071523e-01
    1.306000e+01    4.9967977548e-01    5.0032022452e-01
    1.308000e+01    4.9967049315e-01    5.0032950685e-01
    1.310000e+01    4.9966143592e-01    5.0033856408e-01
    1.312000e+01    4.9965260194e-01    5.0034739806e-01
    1.314000e+01    4.9964398933e-01    5.0035601067e-01
    1.316000e+01    4.9963559619e-01    5.0036440381e-01
    1.318000e+01    4.9962742061e-01    5.0037257939e-01
    1.320000e+01    4.9961946068e-01    5.0038053932e-01
    1.322000e+01    4.9961171446e-01    5.0038828554e-01
    1.324000e+01    4.9960417999e-01    5.0039582001e-01
    1.326000e+01    4.9959685533e-01    5.0040314467e-01
    1.328000e+01    4.9958973849e-01    5.0041026151e-01
    1.330000e+01    4.9958282749e-01    5.0041717251e-01
    1.332000e+01    4.9957612035e-01    5.0042387965e-01
    1.334000e+01    4.9956961506e-01    5.0043038494e-01
    1.336000e+01    4.9956330961e-01    5.0043669039e-01
    1.338000e+01    4.9955720198e-01    5.0044279802e-01
    1.340000e+01    4.9955129014e-01    5.0044870986e-01
    1.342000e+01    4.9954557206e-01    5.0045442794e-01
    1.344000e+01    4.9954004570e-01    5.0045995430e-01
    1.346000e+01    4.9953470900e-01    5.0046529100e-01
    1.348000e+01    4.9952955992e-01    5.0047044008e-01
    1.350000e+01    4.9952459639e-01    5.0047540361e-01
    1.352000e+01    4.9951981636e-01    5.0048018364e-01
    1.354000e+01    4.9951521775e-01    5.0048478225e-01
    1.356000e+01    4.9951079850e-01    5.0048920150e-01
    1.358000e+01    4.9950655653e-01    5.0049344347e-01
    1.360000e+01    4.9950248976e-01    5.0049751024e-01
    1.362000e+01    4.9949859612e-01    5.0050140388e-01
    1.364000e+01    4.9949487352e-01    5.0050512648e-01
    1.366000e+01    4.9949131988e-01    5.0050868012e-01
    1.368000e+01    4.9948793313e-01    5.0051206687e-01
    1.370000e+01    4.9948471117e-01    5.0051528883e-01
    1.372000e+01    4.9948165193e-01    5.0051834807e-01
    1.374000e+01    4.9947875332e-01    5.0052124668e-01
    1.376000e+01    4.9947601326e-01    5.0052398674e-01
    1.378000e+01    4.9947342967e-01    5.0052657033e-01
    1.380000e+01    4.9947100048e-01    5.0052899952e-01
    1.382000e+01    4.9946872361e-01    5.0053127639e-01
    1.384000e+01    4.9946659698e-01    5.0053340302e-01
    1.386000e+01    4.9946461853e-01    5.0053538147e-01
    1.388000e+01    4.9946278619e-01    5.0053721381e-01
    1.390000e+01    4.9946109789e-01    5.0053890211e-01
    1.392000e+01    4.9945955159e-01    5.0054044841e-01
    1.394000e+01    4.9945814522e-01    5.0054185478e-01
    1.396000e+01    4.9945687674e-01    5.0054312326e-01
    1.398000e+01    4.9945574410e-01    5.0054425590e-01
    1.400000e+01    4.9945474527e-01    5.0054525473e-01
    1.402000e+01    4.9945387820e-01    5.0054612180e-01
    1.404000e+01    4.9945314089e-01    5.0054685911e-01
    1.406000e+01    4.9945253130e-01    5.0054746870e-01
    1.408000e+01    4.9945204743e-01    5.0054795257e-01
    1.410000e+01    4.9945168727e-01    5.0054831273e-01
    1.412000e+01    4.9945144882e-01    5.0054855118e-01
    1.414000e+01    4.9945133009e-01    5.0054866991e-01
    1.416000e+01    4.9945132911e-01    5.0054867089e-01
    1.418000e+01    4.9945144389e-01    5.0054855611e-01
    1.420000e+01    4.9945167248e-01    5.0054832752e-01
    1.422000e+01    4.9945201291e-01    5.0054798709e-01
    1.424000e+01    4.9945246325e-01    5.0054753675e-01
    1.426000e+01    4.9945302154e-01    5.0054697846e-01
    1.428000e+01    4.9945368588e-01    5.0054631412e-01
    1.430000e+01    4.9945445433e-01    5.0054554567e-01
    1.432000e+01    4.9945532500e-01    5.0054467500e-01
    1.434000e+01    4.9945629598e-01    5.0054370402e-01
    1.436000e+01    4.9945736538e-01    5.0054263462e-01
    1.438000e+01    4.9945853134e-01    5.0054146866e-01
    1.440000e+01    4.9945979199e-01    5.0054020801e-01
    1.442000e+01    4.9946114548e-01    5.0053885452e-01
    1.444000e+01    4.9946258996e-01    5.0053741004e-01
    1.446000e+01    4.9946412360e-01    5.0053587640e-01
    1.448000e+01    4.9946574459e-01    5.0053425541e-01
    1.450000e+01    4.9946745112e-01    5.0053254888e-01
    1.452000e+01    4.9946924139e-01    5.0053075861e-01
    1.454000e+01    4.9947111363e-01    5.0052888637e-01
    1.456000e+01    4.9947306607e-01    5.0052693393e-01
    1.458000e+01    4.9947509695e-01    5.0052490305e-01
    1.460000e+01    4.9947720452e-01    5.0052279548e-01
    1.462000e+01    4.9947938706e-01    5.0052061294e-01
    1.464000e+01    4.9948164285e-01    5.0051835715e-01
    1.466000e+01    4.9948397018e-01    5.0051602982e-01
    1.468000e+01    4.9948636737e-01    5.0051363263e-01
    1.470000e+01    4.9948883274e-01    5.0051116726e-01
    1.472000e+01    4.9949136463e-01    5.0050863537e-01
    1.474000e+01    4.9949396138e-01    5.0050603862e-01
    1.476000e+01    4.9949662137e-01    5.0050337863e-01
    1.478000e+01    4.9949934297e-01    5.0050065703e-01
    1.480000e+01    4.9950212457e-01    5.0049787543e-01
    1.482000e+01    4.9950496458e-01    5.0049503542e-01
    1.484000e+01    4.9950786143e-01    5.0049213857e-01
    1.486000e+01    4.9951081355e-01    5.0048918645e-01
    1.488000e+01    4.9951381939e-01    5.0048618061e-01
    1.490000e+01    4.9951687741e-01    5.0048312259e-01
    1.492000e+01    4.9951998611e-01    5.0048001389e-01
    1.494000e+01    4.9952314396e-01    5.0047685604e-01
    1.496000e+01    4.9952634948e-01    5.0047365052e-01
    1.498000e+01    4.9952960120e-01    5.0047039880e-01
