    0.000000e+00    1.0000000000e+00    0.0000000000e+00
    2.000000e-02    9.9960052515e-01    3.9947484796e-04
    4.000000e-02    9.9840836529e-01    1.5916347064e-03
    6.000000e-02    9.9644173449e-01    3.5582655097e-03
    8.000000e-02    9.9372899580e-01    6.2710042034e-03
    1.000000e-01    9.9030631031e-01    9.6936896947e-03
    1.200000e-01    9.8621543670e-01    1.3784563300e-02
    1.400000e-01    9.8150193368e-01    1.8498066319e-02
    1.600000e-01    9.7621374225e-01    2.3786257750e-02
    1.800000e-01    9.7040004091e-01    2.9599959090e-02
    2.000000e-01    9.6411028769e-01    3.5889712313e-02
    2.200000e-01    9.5739340885e-01    4.2606591149e-02
    2.400000e-01    9.5029712578e-01    4.9702874216e-02
    2.600000e-01    9.4286742172e-01    5.7132578281e-02
    2.800000e-01    9.3514814641e-01    6.4851853587e-02
    3.000000e-01    9.2718074838e-01    7.2819251624e-02
    3.200000e-01    9.1900411737e-01    8.0995882633e-02
    3.400000e-01    9.1065451654e-01    8.9345483455e-02
    3.600000e-01    9.0216558344e-01    9.7834416564e-02
    3.800000e-01    8.9356838108e-01    1.0643161892e-01
    4.000000e-01    8.8489148396e-01    1.1510851604e-01
    4.200000e-01    8.7616108679e-01    1.2383891321e-01
    4.400000e-01    8.6740112727e-01    1.3259887273e-01
    4.600000e-01    8.5863341619e-01    1.4136658381e-01
    4.800000e-01    8.4987777024e-01    1.5012222976e-01
    5.000000e-01    8.4115214392e-01    1.5884785608e-01
    5.200000e-01    8.3247275852e-01    1.6752724148e-01
    5.400000e-01    8.2385422640e-01    1.7614577360e-01
    5.600000e-01    8.1530966983e-01    1.8469033017e-01
    5.800000e-01    8.0685083362e-01    1.9314916638e-01
    6.000000e-01    7.9848819127e-01    2.0151180873e-01
    6.200000e-01    7.9023104437e-01    2.0976895563e-01
    6.400000e-01    7.8208761532e-01    2.1791238468e-01
    6.600000e-01    7.7406513366e-01    2.2593486634e-01
    6.800000e-01    7.6616991630e-01    2.3383008370e-01
    7.000000e-01    7.5840744187e-01    2.4159255813e-01
    7.200000e-01    7.5078241933e-01    2.4921758067e-01
    7.400000e-01    7.4329885146e-01    2.5670114854e-01
    7.600000e-01    7.3596009322e-01    2.6403990678e-01
    7.800000e-01    7.2876890571e-01    2.7123109429e-01
    8.000000e-01    7.2172750585e-01    2.7827249415e-01
    8.200000e-01    7.1483761223e-01    2.8516238777e-01
    8.400000e-01    7.0810048737e-01    2.9189951263e-01
    8.600000e-01    7.0151697670e-01    2.9848302330e-01
    8.800000e-01    6.9508754445e-01    3.0491245555e-01
    9.000000e-01    6.8881230687e-01    3.1118769313e-01
    9.200000e-01    6.8269106283e-01    3.1730893717e-01
    9.400000e-01    6.7672332213e-01    3.2327667787e-01
    9.600000e-01    6.7090833176e-01    3.2909166824e-01
    9.800000e-01    6.6524510007e-01    3.3475489993e-01
    1.000000e+00    6.5973241921e-01    3.4026758079e-01
    1.020000e+00    6.5436888596e-01    3.4563111404e-01
    1.040000e+00    6.4915292095e-01    3.5084707905e-01
    1.060000e+00    6.4408278649e-01    3.5591721351e-01
    1.080000e+00    6.3915660317e-01    3.6084339683e-01
    1.100000e+00    6.3437236521e-01    3.6562763479e-01
    1.120000e+00    6.2972795470e-01    3.7027204530e-01
    1.140000e+00    6.2522115484e-01    3.7477884516e-01
    1.160000e+00    6.2084966218e-01    3.7915033782e-01
    1.180000e+00    6.1661109804e-01    3.8338890196e-01
    1.200000e+00    6.1250301904e-01    3.8749698096e-01
    1.220000e+00    6.0852292688e-01    3.9147707312e-01
    1.240000e+00    6.0466827744e-01    3.9533172256e-01
    1.260000e+00    6.0093648922e-01    3.9906351078e-01
    1.280000e+00    5.9732495112e-01    4.0267504888e-01
    1.300000e+00    5.9383102968e-01    4.0616897032e-01
    1.320000e+00    5.9045207577e-01    4.0954792423e-01
    1.340000e+00    5.8718543077e-01    4.1281456923e-01
    1.360000e+00    5.8402843225e-01    4.1597156775e-01
    1.380000e+00    5.8097841924e-01    4.1902158076e-01
    1.400000e+00    5.7803273702e-01    4.2196726298e-01
    1.420000e+00    5.7518874159e-01    4.2481125841e-01
    1.440000e+00    5.7244380375e-01    4.2755619625e-01
    1.460000e+00    5.6979531276e-01    4.3020468724e-01
    1.480000e+00    5.6724067983e-01    4.3275932017e-01
    1.500000e+00    5.6477734112e-01    4.3522265888e-01
    1.520000e+00    5.6240276064e-01    4.3759723936e-01
    1.540000e+00    5.6011443271e-01    4.3988556729e-01
    1.560000e+00    5.5790988431e-01    4.4209011569e-01
    1.580000e+00    5.5578667712e-01    4.4421332288e-01
    1.600000e+00    5.5374240934e-01    4.4625759066e-01
    1.620000e+00    5.5177471734e-01    4.4822528266e-01
    1.640000e+00    5.4988127708e-01    4.5011872292e-01
    1.660000e+00    5.4805980539e-01    4.5194019461e-01
    1.680000e+00    5.4630806102e-01    4.5369193898e-01
    1.700000e+00    5.4462384559e-01    4.5537615441e-01
    1.720000e+00    5.4300500440e-01    4.5699499560e-01
    1.740000e+00    5.4144942698e-01    4.5855057302e-01
    1.760000e+00    5.3995504771e-01    4.6004495229e-01
    1.780000e+00    5.3851984612e-01    4.6148015388e-01
    1.800000e+00    5.3714184720e-01    4.6285815280e-01
    1.820000e+00    5.3581912160e-01    4.6418087840e-01
    1.840000e+00    5.3454978566e-01    4.6545021434e-01
    1.860000e+00    5.3333200144e-01    4.6666799856e-01
    1.880000e+00    5.3216397664e-01    4.6783602336e-01
    1.900000e+00    5.3104396441e-01    4.6895603559e-01
    1.920000e+00    5.2997026314e-01    4.7002973686e-01
    1.940000e+00    5.2894121613e-01    4.7105878387e-01
    1.960000e+00    5.2795521127e-01    4.7204478873e-01
    1.980000e+00    5.2701068055e-01    4.7298931945e-01
    2.000000e+00    5.2610609965e-01    4.7389390035e-01
    2.020000e+00    5.2523998737e-01    4.7476001263e-01
    2.040000e+00    5.2441090512e-01    4.7558909488e-01
    2.060000e+00    5.2361745630e-01    4.7638254370e-01
    2.080000e+00    5.2285828568e-01    4.7714171432e-01
    2.100000e+00    5.2213207875e-01    4.7786792125e-01
    2.120000e+00    5.2143756104e-01    4.7856243896e-01
    2.140000e+00    5.2077349740e-01    4.7922650260e-01
    2.160000e+00    5.2013869132e-01    4.7986130868e-01
    2.180000e+00    5.1953198415e-01    4.8046801585e-01
    2.200000e+00    5.1895225435e-01    4.8104774565e-01
    2.220000e+00    5.1839841674e-01    4.8160158326e-01
    2.240000e+00    5.1786942176e-01    4.8213057824e-01
    2.260000e+00    5.1736425462e-01    4.8263574538e-01
    2.280000e+00    5.1688193459e-01    4.8311806541e-01
    2.300000e+00    5.1642151420e-01    4.8357848580e-01
    2.320000e+00    5.1598207840e-01    4.8401792160e-01
    2.340000e+00    5.1556274386e-01    4.8443725614e-01
    2.360000e+00    5.1516265809e-01    4.8483734191e-01
    2.380000e+00    5.1478099874e-01    4.8521900126e-01
    2.400000e+00    5.1441697277e-01    4.8558302723e-01
    2.420000e+00    5.1406981569e-01    4.8593018431e-01
    2.440000e+00    5.1373879079e-01    4.8626120921e-01
    2.460000e+00    5.1342318840e-01    4.8657681160e-01
    2.480000e+00    5.1312232510e-01    4.8687767490e-01
    2.500000e+00    5.1283554302e-01    4.8716445698e-01
    2.520000e+00    5.1256220905e-01    4.8743779095e-01
    2.540000e+00    5.1230171421e-01    4.8769828579e-01
    2.560000e+00    5.1205347281e-01    4.8794652719e-01
    2.580000e+00    5.1181692188e-01    4.8818307812e-01
    2.600000e+00    5.1159152038e-01    4.8840847962e-01
    2.620000e+00    5.1137674857e-01    4.8862325143e-01
    2.640000e+00    5.1117210732e-01    4.8882789268e-01
    2.660000e+00    5.1097711747e-01    4.8902288253e-01
    2.680000e+00    5.1079131918e-01    4.8920868082e-01
    2.700000e+00    5.1061427133e-01    4.8938572867e-01
    2.720000e+00    5.1044555083e-01    4.8955444917e-01
    2.740000e+00    5.1028475212e-01    4.8971524788e-01
    2.760000e+00    5.1013148651e-01    4.8986851349e-01
    2.780000e+00    5.0998538160e-01    4.9001461840e-01
    2.800000e+00    5.0984608079e-01    4.9015391921e-01
    2.820000e+00    5.0971324264e-01    4.9028675736e-01
    2.840000e+00    5.0958654040e-01    4.9041345960e-01
    2.860000e+00    5.0946566145e-01    4.9053433855e-01
    2.880000e+00    5.0935030682e-01    4.9064969318e-01
    2.900000e+00    5.0924019069e-01    4.9075980931e-01
    2.920000e+00    5.0913503986e-01    4.9086496014e-01
    2.940000e+00    5.0903459338e-01    4.9096540662e-01
    2.960000e+00    5.0893860199e-01    4.9106139801e-01
    2.980000e+00    5.0884682776e-01    4.9115317224e-01
    3.000000e+00    5.0875904359e-01    4.9124095641e-01
    3.020000e+00    5.0867503288e-01    4.9132496712e-01
    3.040000e+00    5.0859458904e-01    4.9140541096e-01
    3.060000e+00    5.0851751516e-01    4.9148248484e-01
    3.080000e+00    5.0844362360e-01    4.9155637640e-01
    3.100000e+00    5.0837273562e-01    4.9162726438e-01
    3.120000e+00    5.0830468105e-01    4.9169531895e-01
    3.140000e+00    5.0823929791e-01    4.9176070209e-01
    3.160000e+00    5.0817643211e-01    4.9182356789e-01
    3.180000e+00    5.0811593711e-01    4.9188406289e-01
    3.200000e+00    5.0805767359e-01    4.9194232641e-01
    3.220000e+00    5.0800150919e-01    4.9199849081e-01
    3.240000e+00    5.0794731819e-01    4.9205268181e-01
    3.260000e+00    5.0789498124e-01    4.9210501876e-01
    3.280000e+00    5.0784438509e-01    4.9215561491e-01
    3.300000e+00    5.0779542232e-01    4.9220457768e-01
    3.320000e+00    5.0774799108e-01    4.9225200892e-01
    3.340000e+00    5.0770199487e-01    4.9229800513e-01
    3.360000e+00    5.0765734231e-01    4.9234265769e-01
    3.380000e+00    5.0761394685e-01    4.9238605315e-01
    3.400000e+00    5.0757172664e-01    4.9242827336e-01
    3.420000e+00    5.0753060425e-01    4.9246939575e-01
    3.440000e+00    5.0749050652e-01    4.9250949348e-01
    3.460000e+00    5.0745136433e-01    4.9254863567e-01
    3.480000e+00    5.0741311243e-01    4.9258688757e-01
    3.500000e+00    5.0737568925e-01    4.9262431075e-01
    3.520000e+00    5.0733903673e-01    4.9266096327e-01
    3.540000e+00    5.0730310017e-01    4.9269689983e-01
    3.560000e+00    5.0726782805e-01    4.9273217195e-01
    3.580000e+00    5.0723317190e-01    4.9276682810e-01
    3.600000e+00    5.0719908611e-01    4.9280091389e-01
    3.620000e+00    5.0716552785e-01    4.9283447215e-01
    3.640000e+00    5.0713245687e-01    4.9286754313e-01
    3.660000e+00    5.0709983543e-01    4.9290016457e-01
    3.680000e+00    5.0706762815e-01    4.9293237185e-01
    3.700000e+00    5.0703580186e-01    4.9296419814e-01
    3.720000e+00    5.0700432555e-01    4.9299567445e-01
    3.740000e+00    5.0697317020e-01    4.9302682980e-01
    3.760000e+00    5.0694230873e-01    4.9305769127e-01
    3.780000e+00    5.0691171585e-01    4.9308828415e-01
    3.800000e+00    5.0688136799e-01    4.9311863201e-01
    3.820000e+00    5.0685124322e-01    4.9314875678e-01
    3.840000e+00    5.0682132112e-01    4.9317867888e-01
    3.860000e+00    5.0679158276e-01    4.9320841725e-01
    3.880000e+00    5.0676201054e-01    4.9323798946e-01
    3.900000e+00    5.0673258819e-01    4.9326741181e-01
    3.920000e+00    5.0670330066e-01    4.9329669934e-01
    3.940000e+00    5.0667413405e-01    4.9332586595e-01
    3.960000e+00    5.0664507555e-01    4.9335492445e-01
    3.980000e+00    5.0661611338e-01    4.9338388662e-01
    4.000000e+00    5.0658723674e-01    4.9341276326e-01
    4.020000e+00    5.0655843573e-01    4.9344156427e-01
    4.040000e+00    5.0652970131e-01    4.9347029869e-01
    4.060000e+00    5.0650102526e-01    4.9349897474e-01
    4.080000e+00    5.0647240010e-01    4.9352759990e-01
    4.100000e+00    5.0644381907e-01    4.9355618093e-01
    4.120000e+00    5.0641527608e-01    4.9358472392e-01
    4.140000e+00    5.0638676567e-01    4.9361323433e-01
    4.160000e+00    5.0635828297e-01    4.9364171703e-01
    4.180000e+00    5.0632982364e-01    4.9367017636e-01
    4.200000e+00    5.0630138388e-01    4.9369861612e-01
    4.220000e+00    5.0627296035e-01    4.9372703965e-01
    4.240000e+00    5.0624455018e-01    4.9375544982e-01
    4.260000e+00    5.0621615090e-01    4.9378384910e-01
    4.280000e+00    5.0618776044e-01    4.9381223956e-01
    4.300000e+00    5.0615937709e-01    4.9384062291e-01
    4.320000e+00    5.0613099947e-01    4.9386900053e-01
    4.340000e+00    5.0610262652e-01    4.9389737348e-01
    4.360000e+00    5.0607425748e-01    4.9392574252e-01
    4.380000e+00    5.0604589183e-01    4.9395410817e-01
    4.400000e+00    5.0601752932e-01    4.9398247068e-01
    4.420000e+00    5.0598916992e-01    4.9401083008e-01
    4.440000e+00    5.0596081382e-01    4.9403918618e-01
    4.460000e+00    5.0593246139e-01    4.9406753861e-01
    4.480000e+00    5.0590411319e-01    4.9409588681e-01
    4.500000e+00    5.0587576992e-01    4.9412423008e-01
    4.520000e+00    5.0584743246e-01    4.9415256754e-01
    4.540000e+00    5.0581910179e-01    4.9418089821e-01
    4.560000e+00    5.0579077903e-01    4.9420922097e-01
    4.580000e+00    5.0576246540e-01    4.9423753460e-01
    4.600000e+00    5.0573416224e-01    4.9426583776e-01
    4.620000e+00    5.0570587094e-01    4.9429412906e-01
    4.640000e+00    5.0567759300e-01    4.9432240700e-01
    4.660000e+00    5.0564932998e-01    4.9435067002e-01
    4.680000e+00    5.0562108349e-01    4.9437891651e-01
    4.700000e+00    5.0559285520e-01    4.9440714480e-01
    4.720000e+00    5.0556464683e-01    4.9443535317e-01
    4.740000e+00    5.0553646012e-01    4.9446353988e-01
    4.760000e+00    5.0550829686e-01    4.9449170314e-01
    4.780000e+00    5.0548015885e-01    4.9451984115e-01
    4.800000e+00    5.0545204793e-01    4.9454795207e-01
    4.820000e+00    5.0542396594e-01    4.9457603406e-01
    4.840000e+00    5.0539591472e-01    4.9460408528e-01
    4.860000e+00    5.0536789614e-01    4.9463210386e-01
    4.880000e+00    5.0533991204e-01    4.9466008796e-01
    4.900000e+00    5.0531196430e-01    4.9468803570e-01
    4.920000e+00    5.0528405475e-01    4.9471594525e-01
    4.940000e+00    5.0525618523e-01    4.9474381477e-01
    4.960000e+00    5.0522835758e-01    4.9477164242e-01
    4.980000e+00    5.0520057360e-01    4.9479942640e-01
    5.000000e+00    5.0517283509e-01    4.9482716491e-01
    5.020000e+00    5.0514514383e-01    4.9485485617e-01
    5.040000e+00    5.0511750157e-01    4.9488249843e-01
    5.060000e+00    5.0508991005e-01    4.9491008995e-01
    5.080000e+00    5.0506237097e-01    4.9493762903e-01
    5.100000e+00    5.0503488601e-01    4.9496511399e-01
    5.120000e+00    5.0500745682e-01    4.9499254318e-01
    5.140000e+00    5.0498008505e-01    4.9501991495e-01
    5.160000e+00    5.0495277227e-01    4.9504722773e-01
    5.180000e+00    5.0492552006e-01    4.9507447994e-01
    5.200000e+00    5.0489832995e-01    4.9510167005e-01
    5.220000e+00    5.0487120345e-01    4.9512879655e-01
    5.240000e+00    5.0484414203e-01    4.9515585797e-01
    5.260000e+00    5.0481714713e-01    4.9518285287e-01
    5.280000e+00    5.0479022016e-01    4.9520977984e-01
    5.300000e+00    5.0476336248e-01    4.9523663752e-01
    5.320000e+00    5.0473657544e-01    4.9526342456e-01
    5.340000e+00    5.0470986035e-01    4.9529013965e-01
    5.360000e+00    5.0468321847e-01    4.9531678153e-01
    5.380000e+00    5.0465665105e-01    4.9534334895e-01
    5.400000e+00    5.0463015930e-01    4.9536984070e-01
    5.420000e+00    5.0460374438e-01    4.9539625562e-01
    5.440000e+00    5.0457740744e-01    4.9542259256e-01
    5.460000e+00    5.0455114958e-01    4.9544885042e-01
    5.480000e+00    5.0452497188e-01    4.9547502812e-01
    5.500000e+00    5.0449887538e-01    4.9550112462e-01
    5.520000e+00    5.0447286110e-01    4.9552713890e-01
    5.540000e+00    5.0444693001e-01    4.9555306999e-01
    5.560000e+00    5.0442108308e-01    4.9557891692e-01
    5.580000e+00    5.0439532121e-01    4.9560467879e-01
    5.600000e+00    5.0436964530e-01    4.9563035470e-01
    5.620000e+00    5.0434405621e-01    4.9565594379e-01
    5.640000e+00    5.0431855478e-01    4.9568144522e-01
    5.660000e+00    5.0429314180e-01    4.9570685820e-01
    5.680000e+00    5.0426781807e-01    4.9573218193e-01
    5.700000e+00    5.0424258432e-01    4.9575741568e-01
    5.720000e+00    5.0421744128e-01    4.9578255872e-01
    5.740000e+00    5.0419238966e-01    4.9580761034e-01
    5.760000e+00    5.0416743011e-01    4.9583256989e-01
    5.780000e+00    5.0414256330e-01    4.9585743670e-01
    5.800000e+00    5.0411778984e-01    4.9588221016e-01
    5.820000e+00    5.0409311033e-01    4.9590688967e-01
    5.840000e+00    5.0406852535e-01    4.9593147465e-01
    5.860000e+00    5.0404403545e-01    4.9595596455e-01
    5.880000e+00    5.0401964116e-01    4.9598035884e-01
    5.900000e+00    5.0399534299e-01    4.9600465701e-01
    5.920000e+00    5.0397114141e-01    4.9602885859e-01
    5.940000e+00    5.0394703691e-01    4.9605296309e-01
    5.960000e+00    5.0392302992e-01    4.9607697008e-01
    5.980000e+00    5.0389912087e-01    4.9610087913e-01
    6.000000e+00    5.0387531015e-01    4.9612468985e-01
    6.020000e+00    5.0385159816e-01    4.9614840184e-01
    6.040000e+00    5.0382798527e-01    4.9617201473e-01
    6.060000e+00    5.0380447181e-01    4.9619552819e-01
    6.080000e+00    5.0378105812e-01    4.9621894188e-01
    6.100000e+00    5.0375774452e-01    4.9624225548e-01
    6.120000e+00    5.0373453129e-01    4.9626546871e-01
    6.140000e+00    5.0371141871e-01    4.9628858129e-01
    6.160000e+00    5.0368840705e-01    4.9631159295e-01
    6.180000e+00    5.0366549655e-01    4.9633450345e-01
    6.200000e+00    5.0364268745e-01    4.9635731255e-01
    6.220000e+00    5.0361997995e-01    4.9638002005e-01
    6.240000e+00    5.0359737425e-01    4.9640262575e-01
    6.260000e+00    5.0357487055e-01    4.9642512945e-01
    6.280000e+00    5.0355246901e-01    4.9644753099e-01
    6.300000e+00    5.0353016979e-01    4.9646983021e-01
    6.320000e+00    5.0350797303e-01    4.9649202697e-01
    6.340000e+00    5.0348587885e-01    4.9651412115e-01
    6.360000e+00    5.0346388739e-01    4.9653611261e-01
    6.380000e+00    5.0344199874e-01    4.9655800126e-01
    6.400000e+00    5.0342021299e-01    4.9657978701e-01
    6.420000e+00    5.0339853023e-01    4.9660146977e-01
    6.440000e+00    5.0337695051e-01    4.9662304949e-01
    6.460000e+00    5.0335547390e-01    4.9664452610e-01
    6.480000e+00    5.0333410044e-01    4.9666589956e-01
    6.500000e+00    5.0331283017e-01    4.9668716983e-01
    6.520000e+00    5.0329166310e-01    4.9670833690e-01
    6.540000e+00    5.0327059926e-01    4.9672940074e-01
    6.560000e+00    5.0324963863e-01    4.9675036137e-01
    6.580000e+00    5.0322878122e-01    4.9677121878e-01
    6.600000e+00    5.0320802700e-01    4.9679197300e-01
    6.620000e+00    5.0318737595e-01    4.9681262405e-01
    6.640000e+00    5.0316682803e-01    4.9683317197e-01
    6.660000e+00    5.0314638319e-01    4.9685361681e-01
    6.680000e+00    5.0312604138e-01    4.9687395862e-01
    6.700000e+00    5.0310580253e-01    4.9689419747e-01
    6.720000e+00    5.0308566657e-01    4.9691433343e-01
    6.740000e+00    5.0306563342e-01    4.9693436658e-01
    6.760000e+00    5.0304570298e-01    4.9695429702e-01
    6.780000e+00    5.0302587517e-01    4.9697412483e-01
    6.800000e+00    5.0300614986e-01    4.9699385014e-01
    6.820000e+00    5.0298652696e-01    4.9701347304e-01
    6.840000e+00    5.0296700634e-01    4.9703299366e-01
    6.860000e+00    5.0294758786e-01    4.9705241214e-01
    6.880000e+00    5.0292827139e-01    4.9707172861e-01
    6.900000e+00    5.0290905679e-01    4.9709094321e-01
    6.920000e+00    5.0288994391e-01    4.9711005609e-01
    6.940000e+00    5.0287093260e-01    4.9712906740e-01
    6.960000e+00    5.0285202267e-01    4.9714797733e-01
    6.980000e+00    5.0283321398e-01    4.9716678602e-01
    7.000000e+00    5.0281450634e-01    4.9718549366e-01
    7.020000e+00    5.0279589956e-01    4.9720410044e-01
    7.040000e+00    5.0277739347e-01    4.9722260653e-01
    7.060000e+00    5.0275898786e-01    4.9724101214e-01
    7.080000e+00    5.0274068254e-01    4.9725931746e-01
    7.100000e+00    5.0272247730e-01    4.9727752270e-01
    7.120000e+00    5.0270437193e-01    4.9729562807e-01
    7.140000e+00    5.0268636621e-01    4.9731363379e-01
    7.160000e+00    5.0266845992e-01    4.9733154008e-01
    7.180000e+00    5.0265065284e-01    4.9734934716e-01
    7.200000e+00    5.0263294473e-01    4.9736705527e-01
    7.220000e+00    5.0261533536e-01    4.9738466464e-01
    7.240000e+00    5.0259782448e-01    4.9740217552e-01
    7.260000e+00    5.0258041185e-01    4.9741958815e-01
    7.280000e+00    5.0256309722e-01    4.9743690278e-01
    7.300000e+00    5.0254588034e-01    4.9745411966e-01
    7.320000e+00    5.0252876094e-01    4.9747123906e-01
    7.340000e+00    5.0251173875e-01    4.9748826125e-01
    7.360000e+00    5.0249481352e-01    4.9750518648e-01
    7.380000e+00    5.0247798497e-01    4.9752201503e-01
    7.400000e+00    5.0246125283e-01    4.9753874717e-01
    7.420000e+00    5.0244461681e-01    4.9755538319e-01
    7.440000e+00    5.0242807663e-01    4.9757192337e-01
    7.460000e+00    5.0241163201e-01    4.9758836799e-01
    7.480000e+00    5.0239528265e-01    4.9760471735e-01
    7.500000e+00    5.0237902826e-01    4.9762097174e-01
    7.520000e+00    5.0236286854e-01    4.9763713146e-01
    7.540000e+00    5.0234680319e-01    4.9765319681e-01
    7.560000e+00    5.0233083190e-01    4.9766916810e-01
    7.580000e+00    5.0231495438e-01    4.9768504562e-01
    7.600000e+00    5.0229917031e-01    4.9770082969e-01
    7.620000e+00    5.0228347937e-01    4.9771652063e-01
    7.640000e+00    5.0226788126e-01    4.9773211874e-01
    7.660000e+00    5.0225237564e-01    4.9774762436e-01
    7.680000e+00    5.0223696221e-01    4.9776303779e-01
    7.700000e+00    5.0222164063e-01    4.9777835937e-01
    7.720000e+00    5.0220641058e-01    4.9779358942e-01
    7.740000e+00    5.0219127173e-01    4.9780872827e-01
    7.760000e+00    5.0217622376e-01    4.9782377624e-01
    7.780000e+00    5.0216126631e-01    4.9783873369e-01
    7.800000e+00    5.0214639907e-01    4.9785360093e-01
    7.820000e+00    5.0213162169e-01    4.9786837831e-01
    7.840000e+00    5.0211693384e-01    4.9788306616e-01
    7.860000e+00    5.0210233517e-01    4.9789766483e-01
    7.880000e+00    5.0208782533e-01    4.9791217467e-01
    7.900000e+00    5.0207340398e-01    4.9792659602e-01
    7.920000e+00    5.0205907078e-01    4.9794092922e-01
    7.940000e+00    5.0204482538e-01    4.9795517462e-01
    7.960000e+00    5.0203066741e-01    4.9796933259e-01
    7.980000e+00    5.0201659654e-01    4.9798340346e-01
    8.000000e+00    5.0200261240e-01    4.9799738760e-01
    8.020000e+00    5.0198871464e-01    4.9801128536e-01
    8.040000e+00    5.0197490291e-01    4.9802509709e-01
    8.060000e+00    5.0196117684e-01    4.9803882316e-01
    8.080000e+00    5.0194753607e-01    4.9805246393e-01
    8.100000e+00    5.0193398024e-01    4.9806601976e-01
    8.120000e+00    5.0192050900e-01    4.9807949100e-01
    8.140000e+00    5.0190712197e-01    4.9809287803e-01
    8.160000e+00    5.0189381878e-01    4.9810618122e-01
    8.180000e+00    5.0188059909e-01    4.9811940091e-01
    8.200000e+00    5.0186746251e-01    4.9813253749e-01
    8.220000e+00    5.0185440868e-01    4.9814559132e-01
    8.240000e+00    5.0184143722e-01    4.9815856278e-01
    8.260000e+00    5.0182854778e-01    4.9817145222e-01
    8.280000e+00    5.0181573998e-01    4.9818426002e-01
    8.300000e+00    5.0180301344e-01    4.9819698656e-01
    8.320000e+00    5.0179036779e-01    4.9820963221e-01
    8.340000e+00    5.0177780266e-01    4.9822219734e-01
    8.360000e+00    5.0176531769e-01    4.9823468231e-01
    8.380000e+00    5.0175291248e-01    4.9824708752e-01
    8.400000e+00    5.0174058667e-01    4.9825941333e-01
    8.420000e+00    5.0172833987e-01    4.9827166013e-01
    8.440000e+00    5.0171617173e-01    4.9828382827e-01
    8.460000e+00    5.0170408185e-01    4.9829591815e-01
    8.480000e+00    5.0169206986e-01    4.9830793014e-01
    8.500000e+00    5.0168013538e-01    4.9831986462e-01
    8.520000e+00    5.0166827804e-01    4.9833172196e-01
    8.540000e+00    5.0165649746e-01    4.9834350254e-01
    8.560000e+00    5.0164479326e-01    4.9835520674e-01
    8.580000e+00    5.0163316506e-01    4.9836683494e-01
    8.600000e+00    5.0162161248e-01    4.9837838752e-01
    8.620000e+00    5.0161013514e-01    4.9838986486e-01
    8.640000e+00    5.0159873267e-01    4.9840126733e-01
    8.660000e+00    5.0158740469e-01    4.9841259531e-01
    8.680000e+00    5.0157615082e-01    4.9842384918e-01
    8.700000e+00    5.0156497068e-01    4.9843502932e-01
    8.720000e+00    5.0155386390e-01    4.9844613610e-01
    8.740000e+00    5.0154283009e-01    4.9845716991e-01
    8.760000e+00    5.0153186887e-01    4.9846813113e-01
    8.780000e+00    5.0152097988e-01    4.9847902012e-01
    8.800000e+00    5.0151016273e-01    4.9848983727e-01
    8.820000e+00    5.0149941705e-01    4.9850058295e-01
    8.840000e+00    5.0148874245e-01    4.9851125755e-01
    8.860000e+00    5.0147813857e-01    4.9852186143e-01
    8.880000e+00    5.0146760502e-01    4.9853239498e-01
    8.900000e+00    5.0145714144e-01    4.9854285856e-01
    8.920000e+00    5.0144674744e-01    4.9855325256e-01
    8.940000e+00    5.0143642265e-01    4.9856357735e-01
    8.960000e+00    5.0142616670e-01    4.9857383330e-01
    8.980000e+00    5.0141597921e-01    4.9858402079e-01
    9.000000e+00    5.0140585982e-01    4.9859414018e-01
    9.020000e+00    5.0139580814e-01    4.9860419186e-01
    9.040000e+00    5.0138582382e-01    4.9861417618e-01
    9.060000e+00    5.0137590646e-01    4.9862409354e-01
    9.080000e+00    5.0136605572e-01    4.9863394428e-01
    9.100000e+00    5.0135627121e-01    4.9864372879e-01
    9.120000e+00    5.0134655256e-01    4.9865344744e-01
    9.140000e+00    5.0133689942e-01    4.9866310058e-01
    9.160000e+00    5.0132731141e-01    4.9867268859e-01
    9.180000e+00    5.0131778816e-01    4.9868221184e-01
    9.200000e+00    5.0130832931e-01    4.9869167069e-01
    9.220000e+00    5.0129893450e-01    4.9870106550e-01
    9.240000e+00    5.0128960335e-01    4.9871039665e-01
    9.260000e+00    5.0128033552e-01    4.9871966448e-01
    9.280000e+00    5.0127113063e-01    4.9872886937e-01
    9.300000e+00    5.0126198832e-01    4.9873801168e-01
    9.320000e+00    5.0125290824e-01    4.9874709176e-01
    9.340000e+00    5.0124389002e-01    4.9875610998e-01
    9.360000e+00    5.0123493330e-01    4.9876506670e-01
    9.380000e+00    5.0122603774e-01    4.9877396226e-01
    9.400000e+00    5.0121720296e-01    4.9878279704e-01
    9.420000e+00    5.0120842863e-01    4.9879157137e-01
    9.440000e+00    5.0119971437e-01    4.9880028563e-01
    9.460000e+00    5.0119105985e-01    4.9880894015e-01
    9.480000e+00    5.0118246470e-01    4.9881753530e-01
    9.500000e+00    5.0117392857e-01    4.9882607143e-01
    9.520000e+00    5.0116545113e-01    4.9883454887e-01
    9.540000e+00    5.0115703201e-01    4.9884296799e-01
    9.560000e+00    5.0114867087e-01    4.9885132913e-01
    9.580000e+00    5.0114036736e-01    4.9885963264e-01
    9.600000e+00    5.0113212114e-01    4.9886787886e-01
    9.620000e+00    5.0112393186e-01    4.9887606814e-01
    9.640000e+00    5.0111579918e-01    4.9888420082e-01
    9.660000e+00    5.0110772276e-01    4.9889227724e-01
    9.680000e+00    5.0109970226e-01    4.9890029774e-01
    9.700000e+00    5.0109173734e-01    4.9890826266e-01
    9.720000e+00    5.0108382766e-01    4.9891617234e-01
    9.740000e+00    5.0107597288e-01    4.9892402712e-01
    9.760000e+00    5.0106817266e-01    4.9893182734e-01
    9.780000e+00    5.0106042668e-01    4.9893957332e-01
    9.800000e+00    5.0105273460e-01    4.9894726540e-01
    9.820000e+00    5.0104509608e-01    4.9895490392e-01
    9.840000e+00    5.0103751080e-01    4.9896248920e-01
    9.860000e+00    5.0102997842e-01    4.9897002158e-01
    9.880000e+00    5.0102249862e-01    4.9897750138e-01
    9.900000e+00    5.0101507108e-01    4.9898492892e-01
    9.920000e+00    5.0100769546e-01    4.9899230454e-01
    9.940000e+00    5.0100037143e-01    4.9899962857e-01
    9.960000e+00    5.0099309869e-01    4.9900690131e-01
    9.980000e+00    5.0098587690e-01    4.9901412310e-01
    1.000000e+01    5.0097870575e-01    4.9902129425e-01
    1.002000e+01    5.0097158492e-01    4.9902841508e-01
    1.004000e+01    5.0096451408e-01    4.9903548592e-01
    1.006000e+01    5.0095749293e-01    4.9904250707e-01
    1.008000e+01    5.0095052115e-01    4.9904947885e-01
    1.010000e+01    5.0094359842e-01    4.9905640158e-01
    1.012000e+01    5.0093672444e-01    4.9906327556e-01
    1.014000e+01    5.0092989888e-01    4.9907010112e-01
    1.016000e+01    5.0092312145e-01    4.9907687855e-01
    1.018000e+01    5.0091639184e-01    4.9908360816e-01
    1.020000e+01    5.0090970973e-01    4.9909029027e-01
    1.022000e+01    5.0090307483e-01    4.9909692517e-01
    1.024000e+01    5.0089648683e-01    4.9910351317e-01
    1.026000e+01    5.0088994543e-01    4.9911005457e-01
    1.028000e+01    5.0088345032e-01    4.9911654968e-01
    1.030000e+01    5.0087700121e-01    4.9912299879e-01
    1.032000e+01    5.0087059780e-01    4.9912940220e-01
    1.034000e+01    5.0086423979e-01    4.9913576021e-01
    1.036000e+01    5.0085792689e-01    4.9914207311e-01
    1.038000e+01    5.0085165881e-01    4.9914834119e-01
    1.040000e+01    5.0084543525e-01    4.9915456475e-01
    1.042000e+01    5.0083925591e-01    4.9916074409e-01
    1.044000e+01    5.0083312052e-01    4.9916687948e-01
    1.046000e+01    5.0082702878e-01    4.9917297122e-01
    1.048000e+01    5.0082098041e-01    4.9917901959e-01
    1.050000e+01    5.0081497512e-01    4.9918502488e-01
    1.052000e+01    5.0080901263e-01    4.9919098737e-01
    1.054000e+01    5.0080309265e-01    4.9919690735e-01
    1.056000e+01    5.0079721491e-01    4.9920278509e-01
    1.058000e+01    5.0079137912e-01    4.9920862088e-01
    1.060000e+01    5.0078558501e-01    4.9921441499e-01
    1.062000e+01    5.0077983230e-01    4.9922016770e-01
    1.064000e+01    5.0077412072e-01    4.9922587928e-01
    1.066000e+01    5.0076844998e-01    4.9923155002e-01
    1.068000e+01    5.0076281983e-01    4.9923718017e-01
    1.070000e+01    5.0075722998e-01    4.9924277002e-01
    1.072000e+01    5.0075168018e-01    4.9924831982e-01
    1.074000e+01    5.0074617014e-01    4.9925382986e-01
    1.076000e+01    5.0074069961e-01    4.9925930039e-01
    1.078000e+01    5.0073526832e-01    4.9926473168e-01
    1.080000e+01    5.0072987600e-01    4.9927012400e-01
    1.082000e+01    5.0072452240e-01    4.9927547760e-01
    1.084000e+01    5.0071920725e-01    4.9928079275e-01
    1.086000e+01    5.0071393029e-01    4.9928606971e-01
    1.088000e+01    5.0070869127e-01    4.9929130873e-01
    1.090000e+01    5.0070348993e-01    4.9929651007e-01
    1.092000e+01    5.0069832601e-01    4.9930167399e-01
    1.094000e+01    5.0069319925e-01    4.9930680075e-01
    1.096000e+01    5.0068810942e-01    4.9931189058e-01
    1.098000e+01    5.0068305625e-01    4.9931694375e-01
    1.100000e+01    5.0067803949e-01    4.9932196051e-01
    1.102000e+01    5.0067305890e-01    4.9932694110e-01
    1.104000e+01    5.0066811424e-01    4.9933188576e-01
    1.106000e+01    5.0066320525e-01    4.9933679475e-01
    1.108000e+01    5.0065833169e-01    4.9934166831e-01
    1.110000e+01    5.0065349332e-01    4.9934650668e-01
    1.112000e+01    5.0064868990e-01    4.9935131010e-01
    1.114000e+01    5.0064392119e-01    4.9935607881e-01
    1.116000e+01    5.0063918695e-01    4.9936081305e-01
    1.118000e+01    5.0063448694e-01    4.9936551306e-01
    1.120000e+01    5.0062982093e-01    4.9937017907e-01
    1.122000e+01    5.0062518868e-01    4.9937481132e-01
    1.124000e+01    5.0062058997e-01    4.9937941003e-01
    1.126000e+01    5.0061602455e-01    4.9938397545e-01
    1.128000e+01    5.0061149221e-01    4.9938850779e-01
    1.130000e+01    5.0060699271e-01    4.9939300729e-01
    1.132000e+01    5.0060252582e-01    4.9939747418e-01
    1.134000e+01    5.0059809132e-01    4.9940190868e-01
    1.136000e+01    5.0059368898e-01    4.9940631102e-01
    1.138000e+01    5.0058931859e-01    4.9941068141e-01
    1.140000e+01    5.0058497991e-01    4.9941502009e-01
    1.142000e+01    5.0058067273e-01    4.9941932727e-01
    1.144000e+01    5.0057639683e-01    4.9942360317e-01
    1.146000e+01    5.0057215200e-01    4.9942784800e-01
    1.148000e+01    5.0056793801e-01    4.9943206199e-01
    1.150000e+01    5.0056375465e-01    4.9943624535e-01
    1.152000e+01    5.0055960171e-01    4.9944039829e-01
    1.154000e+01    5.0055547897e-01    4.9944452103e-01
    1.156000e+01    5.0055138622e-01    4.9944861378e-01
    1.158000e+01    5.0054732326e-01    4.9945267674e-01
    1.160000e+01    5.0054328987e-01    4.9945671013e-01
    1.162000e+01    5.0053928585e-01    4.9946071415e-01
    1.164000e+01    5.0053531099e-01    4.9946468901e-01
    1.166000e+01    5.0053136509e-01    4.9946863491e-01
    1.168000e+01    5.0052744794e-01    4.9947255206e-01
    1.170000e+01    5.0052355934e-01    4.9947644066e-01
    1.172000e+01    5.0051969910e-01    4.9948030090e-01
    1.174000e+01    5.0051586700e-01    4.9948413300e-01
    1.176000e+01    5.0051206286e-01    4.9948793714e-01
    1.178000e+01    5.0050828647e-01    4.9949171353e-01
    1.180000e+01    5.0050453765e-01    4.9949546235e-01
    1.182000e+01    5.0050081619e-01    4.9949918381e-01
    1.184000e+01    5.0049712190e-01    4.9950287810e-01
    1.186000e+01    5.0049345459e-01    4.9950654541e-01
    1.188000e+01    5.0048981407e-01    4.9951018593e-01
    1.190000e+01    5.0048620015e-01    4.9951379985e-01
    1.192000e+01    5.0048261264e-01    4.9951738736e-01
    1.194000e+01    5.0047905135e-01    4.9952094865e-01
    1.196000e+01    5.0047551610e-01    4.9952448390e-01
    1.198000e+01    5.0047200671e-01    4.9952799329e-01
    1.200000e+01    5.0046852298e-01    4.9953147702e-01
    1.202000e+01    5.0046506474e-01    4.9953493526e-01
    1.204000e+01    5.0046163181e-01    4.9953836819e-01
    1.206000e+01    5.0045822400e-01    4.9954177600e-01
    1.208000e+01    5.0045484114e-01    4.9954515886e-01
    1.210000e+01    5.0045148305e-01    4.9954851695e-01
    1.212000e+01    5.0044814954e-01    4.9955185046e-01
    1.214000e+01    5.0044484046e-01    4.9955515954e-01
    1.216000e+01    5.0044155562e-01    4.9955844438e-01
    1.218000e+01    5.0043829485e-01    4.9956170515e-01
    1.220000e+01    5.0043505797e-01    4.9956494203e-01
    1.222000e+01    5.0043184483e-01    4.9956815517e-01
    1.224000e+01    5.0042865524e-01    4.9957134476e-01
    1.226000e+01    5.0042548903e-01    4.9957451097e-01
    1.228000e+01    5.0042234605e-01    4.9957765395e-01
    1.230000e+01    5.0041922613e-01    4.9958077387e-01
    1.232000e+01    5.0041612909e-01    4.9958387091e-01
    1.234000e+01    5.0041305478e-01    4.9958694522e-01
    1.236000e+01    5.0041000303e-01    4.9958999697e-01
    1.238000e+01    5.0040697368e-01    4.9959302632e-01
    1.240000e+01    5.0040396658e-01    4.9959603342e-01
    1.242000e+01    5.0040098155e-01    4.9959901845e-01
    1.244000e+01    5.0039801844e-01    4.9960198156e-01
    1.246000e+01    5.0039507710e-01    4.9960492290e-01
    1.248000e+01    5.0039215737e-01    4.9960784263e-01
    1.250000e+01    5.0038925908e-01    4.9961074092e-01
    1.252000e+01    5.0038638210e-01    4.9961361790e-01
    1.254000e+01    5.0038352626e-01    4.9961647374e-01
    1.256000e+01    5.0038069141e-01    4.9961930859e-01
    1.258000e+01    5.0037787740e-01    4.9962212260e-01
    1.260000e+01    5.0037508408e-01    4.9962491592e-01
    1.262000e+01    5.0037231131e-01    4.9962768869e-01
    1.264000e+01    5.0036955892e-01    4.9963044108e-01
    1.266000e+01    5.0036682678e-01    4.9963317322e-01
    1.268000e+01    5.0036411475e-01    4.9963588525e-01
    1.270000e+01    5.0036142266e-01    4.9963857734e-01
    1.272000e+01    5.0035875039e-01    4.9964124961e-01
    1.274000e+01    5.0035609778e-01    4.9964390222e-01
    1.276000e+01    5.0035346470e-01    4.9964653530e-01
    1.278000e+01    5.0035085101e-01    4.9964914899e-01
    1.280000e+01    5.0034825655e-01    4.9965174345e-01
    1.282000e+01    5.0034568121e-01    4.9965431879e-01
    1.284000e+01    5.0034312482e-01    4.9965687518e-01
    1.286000e+01    5.0034058727e-01    4.9965941273e-01
    1.288000e+01    5.0033806841e-01    4.9966193159e-01
    1.290000e+01    5.0033556810e-01    4.9966443190e-01
    1.292000e+01    5.0033308622e-01    4.9966691378e-01
    1.294000e+01    5.0033062262e-01    4.9966937738e-01
    1.296000e+01    5.0032817718e-01    4.9967182282e-01
    1.298000e+01    5.0032574977e-01    4.9967425023e-01
    1.300000e+01    5.0032334025e-01    4.9967665975e-01
    1.302000e+01    5.0032094849e-01    4.9967905151e-01
    1.304000e+01    5.0031857437e-01    4.9968142563e-01
    1.306000e+01    5.0031621775e-01    4.9968378225e-01
    1.308000e+01    5.0031387851e-01    4.9968612149e-01
    1.310000e+01    5.0031155653e-01    4.9968844347e-01
    1.312000e+01    5.0030925167e-01    4.9969074833e-01
    1.314000e+01    5.0030696381e-01    4.9969303619e-01
    1.316000e+01    5.0030469283e-01    4.9969530717e-01
    1.318000e+01    5.0030243861e-01    4.9969756139e-01
    1.320000e+01    5.0030020102e-01    4.9969979898e-01
    1.322000e+01    5.0029797995e-01    4.9970202005e-01
    1.324000e+01    5.0029577526e-01    4.9970422474e-01
    1.326000e+01    5.0029358685e-01    4.9970641315e-01
    1.328000e+01    5.0029141460e-01    4.9970858540e-01
    1.330000e+01    5.0028925838e-01    4.9971074162e-01
    1.332000e+01    5.0028711808e-01    4.9971288192e-01
    1.334000e+01    5.0028499358e-01    4.9971500642e-01
    1.336000e+01    5.0028288478e-01    4.9971711522e-01
    1.338000e+01    5.0028079154e-01    4.9971920846e-01
    1.340000e+01    5.0027871377e-01    4.9972128623e-01
    1.342000e+01    5.0027665134e-01    4.9972334866e-01
    1.344000e+01    5.0027460414e-01    4.9972539586e-01
    1.346000e+01    5.0027257207e-01    4.9972742793e-01
    1.348000e+01    5.0027055502e-01    4.9972944498e-01
    1.350000e+01    5.0026855286e-01    4.9973144714e-01
    1.352000e+01    5.0026656550e-01    4.9973343450e-01
    1.354000e+01    5.0026459283e-01    4.9973540717e-01
    1.356000e+01    5.0026263473e-01    4.9973736527e-01
    1.358000e+01    5.0026069110e-01    4.9973930890e-01
    1.360000e+01    5.0025876184e-01    4.9974123816e-01
    1.362000e+01    5.0025684685e-01    4.9974315315e-01
    1.364000e+01    5.0025494600e-01    4.9974505400e-01
    1.366000e+01    5.0025305921e-01    4.9974694079e-01
    1.368000e+01    5.0025118637e-01    4.9974881363e-01
    1.370000e+01    5.0024932738e-01    4.9975067262e-01
    1.372000e+01    5.0024748213e-01    4.9975251787e-01
    1.374000e+01    5.0024565052e-01    4.9975434948e-01
    1.376000e+01    5.0024383247e-01    4.9975616753e-01
    1.378000e+01    5.0024202785e-01    4.9975797215e-01
    1.380000e+01    5.0024023658e-01    4.9975976342e-01
    1.382000e+01    5.0023845857e-01    4.9976154143e-01
    1.384000e+01    5.0023669370e-01    4.9976330630e-01
    1.386000e+01    5.0023494189e-01    4.9976505811e-01
    1.388000e+01    5.0023320303e-01    4.9976679697e-01
    1.390000e+01    5.0023147704e-01    4.9976852296e-01
    1.392000e+01    5.0022976382e-01    4.9977023618e-01
    1.394000e+01    5.0022806328e-01    4.9977193672e-01
    1.396000e+01    5.0022637532e-01    4.9977362468e-01
    1.398000e+01    5.0022469985e-01    4.9977530015e-01
    1.400000e+01    5.0022303677e-01    4.9977696323e-01
    1.402000e+01    5.0022138600e-01    4.9977861400e-01
    1.404000e+01    5.0021974745e-01    4.9978025255e-01
    1.406000e+01    5.0021812103e-01    4.9978187897e-01
    1.408000e+01    5.0021650664e-01    4.9978349336e-01
    1.410000e+01    5.0021490421e-01    4.9978509579e-01
    1.412000e+01    5.0021331363e-01    4.9978668637e-01
    1.414000e+01    5.0021173483e-01    4.9978826517e-01
    1.416000e+01    5.0021016771e-01    4.9978983229e-01
    1.418000e+01    5.0020861219e-01    4.9979138781e-01
    1.420000e+01    5.0020706819e-01    4.9979293181e-01
    1.422000e+01    5.0020553562e-01    4.9979446438e-01
    1.424000e+01    5.0020401440e-01    4.9979598560e-01
    1.426000e+01    5.0020250444e-01    4.9979749556e-01
    1.428000e+01    5.0020100566e-01    4.9979899434e-01
    1.430000e+01    5.0019951797e-01    4.9980048203e-01
    1.432000e+01    5.0019804130e-01    4.9980195870e-01
    1.434000e+01    5.0019657557e-01    4.9980342443e-01
    1.436000e+01    5.0019512069e-01    4.9980487931e-01
    1.438000e+01    5.0019367658e-01    4.9980632342e-01
    1.440000e+01    5.0019224317e-01    4.9980775683e-01
    1.442000e+01    5.0019082037e-01    4.9980917963e-01
    1.444000e+01    5.0018940811e-01    4.9981059189e-01
    1.446000e+01    5.0018800630e-01    4.9981199370e-01
    1.448000e+01    5.0018661488e-01    4.9981338512e-01
    1.450000e+01    5.0018523377e-01    4.9981476623e-01
    1.452000e+01    5.0018386288e-01    4.9981613712e-01
    1.454000e+01    5.0018250215e-01    4.9981749785e-01
    1.456000e+01    5.0018115149e-01    4.9981884851e-01
    1.458000e+01    5.0017981084e-01    4.9982018916e-01
    1.460000e+01    5.0017848012e-01    4.9982151988e-01
    1.462000e+01    5.0017715926e-01    4.9982284074e-01
    1.464000e+01    5.0017584818e-01    4.9982415182e-01
    1.466000e+01    5.0017454681e-01    4.9982545319e-01
    1.468000e+01    5.0017325509e-01    4.9982674491e-01
    1.470000e+01    5.0017197293e-01    4.9982802707e-01
    1.472000e+01    5.0017070027e-01    4.9982929973e-01
    1.474000e+01    5.0016943703e-01    4.9983056297e-01
    1.476000e+01    5.0016818316e-01    4.9983181684e-01
    1.478000e+01    5.0016693857e-01    4.9983306143e-01
    1.480000e+01    5.0016570321e-01    4.9983429679e-01
    1.482000e+01    5.0016447699e-01    4.9983552301e-01
    1.484000e+01    5.0016325986e-01    4.9983674014e-01
    1.486000e+01    5.0016205175e-01    4.9983794825e-01
    1.488000e+01    5.0016085259e-01    4.9983914741e-01
    1.490000e+01    5.0015966231e-01    4.9984033769e-01
    1.492000e+01    5.0015848085e-01    4.9984151915e-01
    1.494000e+01    5.0015730814e-01    4.9984269186e-01
    1.496000e+01    5.0015614412e-01    4.9984385588e-01
    1.498000e+01    5.0015498873e-01    4.9984501127e-01
