1.1102230246251565e-16 1
0.4043965159684779 0.762666447934529
0.6221484861053507 0.5731033756972088
0.945665698880133 0.3462216086716976
1.3811696391538781 0.15963277762989292
1.7544587308170883 0.07677838513777036
2.214848610535048 0.033471898079078244
2.749896308585649 0.017027368342856564
3.3844877644131066 0.011025647374905079
3.9817503110742165 0.008757126850195585
4.6038987971795935 0.007233636875762395
5.2198257984238525 0.004964187771222983
5.866860223973458 0.0034394596903497554
6.607216922438819 0.0019100887103267183
7.639983409373704 0.0011124386363499106
8.660306926586474 0.0010616762723094642
9.643301534632926 0.001759039724645417
10.514309415180414 0.0002231686858125137
11.435089174616335 0.00017735874753177505
12.368311903774364 -0.0006153389006851029
13.214433844877645 -0.001403703176361626
13.98589796764828 0.00005045283743099205
14.931563666528412 0.000003404792710659521
