    0.000000e+00    1.0000000000e+00    0.0000000000e+00
    2.000000e-02    9.9960052515e-01    3.9947484869e-04
    4.000000e-02    9.9840836528e-01    1.5916347230e-03
    6.000000e-02    9.9644173492e-01    3.5582650814e-03
    8.000000e-02    9.9372899838e-01    6.2710016187e-03
    1.000000e-01    9.9030631095e-01    9.6936890473e-03
    1.200000e-01    9.8621540024e-01    1.3784599763e-02
    1.400000e-01    9.8150175089e-01    1.8498249106e-02
    1.600000e-01    9.7621317979e-01    2.3786820206e-02
    1.800000e-01    9.7039869246e-01    2.9601307535e-02
    2.000000e-01    9.6410752488e-01    3.5892475124e-02
    2.200000e-01    9.5738832275e-01    4.2611677251e-02
    2.400000e-01    9.5028844900e-01    4.9711550997e-02
    2.600000e-01    9.4285342657e-01    5.7146573429e-02
    2.800000e-01    9.3512652245e-01    6.4873477546e-02
    3.000000e-01    9.2714846855e-01    7.2851531452e-02
    3.200000e-01    9.1895730407e-01    8.1042695926e-02
    3.400000e-01    9.1058831760e-01    8.9411682398e-02
    3.600000e-01    9.0207406460e-01    9.7925935402e-02
    3.800000e-01    8.9344443795e-01    1.0655556205e-01
    4.000000e-01    8.8472677275e-01    1.1527322725e-01
    4.200000e-01    8.7594597113e-01    1.2405402887e-01
    4.400000e-01    8.6712463705e-01    1.3287536295e-01
    4.600000e-01    8.5828321483e-01    1.4171678517e-01
    4.800000e-01    8.4944012745e-01    1.5055987255e-01
    5.000000e-01    8.4061191253e-01    1.5938808747e-01
    5.200000e-01    8.3181335501e-01    1.6818664499e-01
    5.400000e-01    8.2305761569e-01    1.7694238431e-01
    5.600000e-01    8.1435635545e-01    1.8564364455e-01
    5.800000e-01    8.0571985468e-01    1.9428014532e-01
    6.000000e-01    7.9715712759e-01    2.0284287241e-01
    6.200000e-01    7.8867603128e-01    2.1132396872e-01
    6.400000e-01    7.8028336918e-01    2.1971663082e-01
    6.600000e-01    7.7198498859e-01    2.2801501141e-01
    6.800000e-01    7.6378587227e-01    2.3621412773e-01
    7.000000e-01    7.5569022403e-01    2.4430977597e-01
    7.200000e-01    7.4770154811e-01    2.5229845189e-01
    7.400000e-01    7.3982272276e-01    2.6017727724e-01
    7.600000e-01    7.3205606792e-01    2.6794393208e-01
    7.800000e-01    7.2440340737e-01    2.7559659263e-01
    8.000000e-01    7.1686612542e-01    2.8313387458e-01
    8.200000e-01    7.0944521867e-01    2.9055478133e-01
    8.400000e-01    7.0214134290e-01    2.9785865710e-01
    8.600000e-01    6.9495485563e-01    3.0504514437e-01
    8.800000e-01    6.8788585455e-01    3.1211414545e-01
    9.000000e-01    6.8093421209e-01    3.1906578791e-01
    9.200000e-01    6.7409960645e-01    3.2590039355e-01
    9.400000e-01    6.6738154943e-01    3.3261845057e-01
    9.600000e-01    6.6077941139e-01    3.3922058861e-01
    9.800000e-01    6.5429244337e-01    3.4570755663e-01
    1.000000e+00    6.4791979684e-01    3.5208020316e-01
    1.020000e+00    6.4166054110e-01    3.5833945890e-01
    1.040000e+00    6.3551367866e-01    3.6448632134e-01
    1.060000e+00    6.2947815876e-01    3.7052184124e-01
    1.080000e+00    6.2355288921e-01    3.7644711079e-01
    1.100000e+00    6.1773674672e-01    3.8226325328e-01
    1.120000e+00    6.1202858583e-01    3.8797141417e-01
    1.140000e+00    6.0642724672e-01    3.9357275328e-01
    1.160000e+00    6.0093156177e-01    3.9906843823e-01
    1.180000e+00    5.9554036127e-01    4.0445963873e-01
    1.200000e+00    5.9025247816e-01    4.0974752184e-01
    1.220000e+00    5.8506675201e-01    4.1493324799e-01
    1.240000e+00    5.7998203230e-01    4.2001796770e-01
    1.260000e+00    5.7499718112e-01    4.2500281888e-01
    1.280000e+00    5.7011107524e-01    4.2988892476e-01
    1.300000e+00    5.6532260779e-01    4.3467739221e-01
    1.320000e+00    5.6063068950e-01    4.3936931050e-01
    1.340000e+00    5.5603424950e-01    4.4396575050e-01
    1.360000e+00    5.5153223590e-01    4.4846776410e-01
    1.380000e+00    5.4712361604e-01    4.5287638396e-01
    1.400000e+00    5.4280737655e-01    4.5719262345e-01
    1.420000e+00    5.3858252311e-01    4.6141747689e-01
    1.440000e+00    5.3444808012e-01    4.6555191988e-01
    1.460000e+00    5.3040309024e-01    4.6959690976e-01
    1.480000e+00    5.2644661369e-01    4.7355338631e-01
    1.500000e+00    5.2257772763e-01    4.7742227237e-01
    1.520000e+00    5.1879552528e-01    4.8120447472e-01
    1.540000e+00    5.1509911516e-01    4.8490088484e-01
    1.560000e+00    5.1148762013e-01    4.8851237987e-01
    1.580000e+00    5.0796017656e-01    4.9203982344e-01
    1.600000e+00    5.0451593335e-01    4.9548406665e-01
    1.620000e+00    5.0115405104e-01    4.9884594896e-01
    1.640000e+00    4.9787370085e-01    5.0212629915e-01
    1.660000e+00    4.9467406377e-01    5.0532593623e-01
    1.680000e+00    4.9155432959e-01    5.0844567041e-01
    1.700000e+00    4.8851369608e-01    5.1148630392e-01
    1.720000e+00    4.8555136802e-01    5.1444863198e-01
    1.740000e+00    4.8266655645e-01    5.1733344355e-01
    1.760000e+00    4.7985847781e-01    5.2014152219e-01
    1.780000e+00    4.7712635318e-01    5.2287364682e-01
    1.800000e+00    4.7446940755e-01    5.2553059245e-01
    1.820000e+00    4.7188686910e-01    5.2811313090e-01
    1.840000e+00    4.6937796856e-01    5.3062203144e-01
    1.860000e+00    4.6694193856e-01    5.3305806144e-01
    1.880000e+00    4.6457801310e-01    5.3542198690e-01
    1.900000e+00    4.6228542699e-01    5.3771457301e-01
    1.920000e+00    4.6006341538e-01    5.3993658462e-01
    1.940000e+00    4.5791121329e-01    5.4208878671e-01
    1.960000e+00    4.5582805523e-01    5.4417194477e-01
    1.980000e+00    4.5381317481e-01    5.4618682519e-01
    2.000000e+00    4.5186580438e-01    5.4813419562e-01
    2.020000e+00    4.4998517476e-01    5.5001482524e-01
    2.040000e+00    4.4817051494e-01    5.5182948506e-01
    2.060000e+00    4.4642105189e-01    5.5357894811e-01
    2.080000e+00    4.4473601033e-01    5.5526398967e-01
    2.100000e+00    4.4311461254e-01    5.5688538746e-01
    2.120000e+00    4.4155607826e-01    5.5844392174e-01
    2.140000e+00    4.4005962455e-01    5.5994037545e-01
    2.160000e+00    4.3862446571e-01    5.6137553429e-01
    2.180000e+00    4.3724981322e-01    5.6275018678e-01
    2.200000e+00    4.3593487570e-01    5.6406512430e-01
    2.220000e+00    4.3467885893e-01    5.6532114107e-01
    2.240000e+00    4.3348096582e-01    5.6651903418e-01
    2.260000e+00    4.3234039649e-01    5.6765960351e-01
    2.280000e+00    4.3125634831e-01    5.6874365169e-01
    2.300000e+00    4.3022801597e-01    5.6977198403e-01
    2.320000e+00    4.2925459161e-01    5.7074540839e-01
    2.340000e+00    4.2833526487e-01    5.7166473513e-01
    2.360000e+00    4.2746922305e-01    5.7253077695e-01
    2.380000e+00    4.2665565124e-01    5.7334434876e-01
    2.400000e+00    4.2589373247e-01    5.7410626753e-01
    2.420000e+00    4.2518264786e-01    5.7481735214e-01
    2.440000e+00    4.2452157682e-01    5.7547842318e-01
    2.460000e+00    4.2390969721e-01    5.7609030279e-01
    2.480000e+00    4.2334618556e-01    5.7665381444e-01
    2.500000e+00    4.2283021725e-01    5.7716978275e-01
    2.520000e+00    4.2236096671e-01    5.7763903329e-01
    2.540000e+00    4.2193760767e-01    5.7806239233e-01
    2.560000e+00    4.2155931337e-01    5.7844068663e-01
    2.580000e+00    4.2122525677e-01    5.7877474323e-01
    2.600000e+00    4.2093461080e-01    5.7906538920e-01
    2.620000e+00    4.2068654859e-01    5.7931345141e-01
    2.640000e+00    4.2048024370e-01    5.7951975630e-01
    2.660000e+00    4.2031487039e-01    5.7968512961e-01
    2.680000e+00    4.2018960380e-01    5.7981039620e-01
    2.700000e+00    4.2010362024e-01    5.7989637976e-01
    2.720000e+00    4.2005609743e-01    5.7994390257e-01
    2.740000e+00    4.2004621472e-01    5.7995378528e-01
    2.760000e+00    4.2007315334e-01    5.7992684666e-01
    2.780000e+00    4.2013609666e-01    5.7986390334e-01
    2.800000e+00    4.2023423039e-01    5.7976576961e-01
    2.820000e+00    4.2036674288e-01    5.7963325712e-01
    2.840000e+00    4.2053282527e-01    5.7946717473e-01
    2.860000e+00    4.2073167181e-01    5.7926832819e-01
    2.880000e+00    4.2096248005e-01    5.7903751995e-01
    2.900000e+00    4.2122445108e-01    5.7877554892e-01
    2.920000e+00    4.2151678973e-01    5.7848321027e-01
    2.940000e+00    4.2183870485e-01    5.7816129515e-01
    2.960000e+00    4.2218940949e-01    5.7781059051e-01
    2.980000e+00    4.2256812114e-01    5.7743187886e-01
    3.000000e+00    4.2297406192e-01    5.7702593808e-01
    3.020000e+00    4.2340645884e-01    5.7659354116e-01
    3.040000e+00    4.2386454394e-01    5.7613545606e-01
    3.060000e+00    4.2434755455e-01    5.7565244545e-01
    3.080000e+00    4.2485473348e-01    5.7514526652e-01
    3.100000e+00    4.2538532918e-01    5.7461467082e-01
    3.120000e+00    4.2593859597e-01    5.7406140403e-01
    3.140000e+00    4.2651379421e-01    5.7348620579e-01
    3.160000e+00    4.2711019049e-01    5.7288980951e-01
    3.180000e+00    4.2772705777e-01    5.7227294223e-01
    3.200000e+00    4.2836367561e-01    5.7163632439e-01
    3.220000e+00    4.2901933028e-01    5.7098066972e-01
    3.240000e+00    4.2969331495e-01    5.7030668505e-01
    3.260000e+00    4.3038492984e-01    5.6961507016e-01
    3.280000e+00    4.3109348236e-01    5.6890651764e-01
    3.300000e+00    4.3181828727e-01    5.6818171273e-01
    3.320000e+00    4.3255866680e-01    5.6744133320e-01
    3.340000e+00    4.3331395080e-01    5.6668604920e-01
    3.360000e+00    4.3408347685e-01    5.6591652315e-01
    3.380000e+00    4.3486659040e-01    5.6513340960e-01
    3.400000e+00    4.3566264489e-01    5.6433735511e-01
    3.420000e+00    4.3647100181e-01    5.6352899819e-01
    3.440000e+00    4.3729103090e-01    5.6270896910e-01
    3.460000e+00    4.3812211015e-01    5.6187788985e-01
    3.480000e+00    4.3896362598e-01    5.6103637402e-01
    3.500000e+00    4.3981497326e-01    5.6018502674e-01
    3.520000e+00    4.4067555544e-01    5.5932444456e-01
    3.540000e+00    4.4154478463e-01    5.5845521537e-01
    3.560000e+00    4.4242208165e-01    5.5757791835e-01
    3.580000e+00    4.4330687610e-01    5.5669312390e-01
    3.600000e+00    4.4419860647e-01    5.5580139353e-01
    3.620000e+00    4.4509672013e-01    5.5490327987e-01
    3.640000e+00    4.4600067344e-01    5.5399932656e-01
    3.660000e+00    4.4690993177e-01    5.5309006823e-01
    3.680000e+00    4.4782396957e-01    5.5217603043e-01
    3.700000e+00    4.4874227036e-01    5.5125772964e-01
    3.720000e+00    4.4966432684e-01    5.5033567316e-01
    3.740000e+00    4.5058964086e-01    5.4941035914e-01
    3.760000e+00    4.5151772346e-01    5.4848227654e-01
    3.780000e+00    4.5244809490e-01    5.4755190510e-01
    3.800000e+00    4.5338028469e-01    5.4661971531e-01
    3.820000e+00    4.5431383158e-01    5.4568616842e-01
    3.840000e+00    4.5524828356e-01    5.4475171644e-01
    3.860000e+00    4.5618319790e-01    5.4381680210e-01
    3.880000e+00    4.5711814114e-01    5.4288185886e-01
    3.900000e+00    4.5805268905e-01    5.4194731095e-01
    3.920000e+00    4.5898642666e-01    5.4101357334e-01
    3.940000e+00    4.5991894825e-01    5.4008105175e-01
    3.960000e+00    4.6084985730e-01    5.3915014270e-01
    3.980000e+00    4.6177876653e-01    5.3822123347e-01
    4.000000e+00    4.6270529779e-01    5.3729470221e-01
    4.020000e+00    4.6362908212e-01    5.3637091788e-01
    4.040000e+00    4.6454975968e-01    5.3545024032e-01
    4.060000e+00    4.6546697971e-01    5.3453302029e-01
    4.080000e+00    4.6638040050e-01    5.3361959950e-01
    4.100000e+00    4.6728968937e-01    5.3271031063e-01
    4.120000e+00    4.6819452259e-01    5.3180547741e-01
    4.140000e+00    4.6909458538e-01    5.3090541462e-01
    4.160000e+00    4.6998957182e-01    5.3001042818e-01
    4.180000e+00    4.7087918481e-01    5.2912081519e-01
    4.200000e+00    4.7176313602e-01    5.2823686398e-01
    4.220000e+00    4.7264114584e-01    5.2735885416e-01
    4.240000e+00    4.7351294330e-01    5.2648705670e-01
    4.260000e+00    4.7437826602e-01    5.2562173398e-01
    4.280000e+00    4.7523686014e-01    5.2476313986e-01
    4.300000e+00    4.7608848027e-01    5.2391151973e-01
    4.320000e+00    4.7693288939e-01    5.2306711061e-01
    4.340000e+00    4.7776985879e-01    5.2223014121e-01
    4.360000e+00    4.7859916800e-01    5.2140083200e-01
    4.380000e+00    4.7942060473e-01    5.2057939527e-01
    4.400000e+00    4.8023396473e-01    5.1976603527e-01
    4.420000e+00    4.8103905180e-01    5.1896094820e-01
    4.440000e+00    4.8183567763e-01    5.1816432237e-01
    4.460000e+00    4.8262366175e-01    5.1737633825e-01
    4.480000e+00    4.8340283144e-01    5.1659716856e-01
    4.500000e+00    4.8417302164e-01    5.1582697836e-01
    4.520000e+00    4.8493407487e-01    5.1506592513e-01
    4.540000e+00    4.8568584113e-01    5.1431415887e-01
    4.560000e+00    4.8642817781e-01    5.1357182219e-01
    4.580000e+00    4.8716094958e-01    5.1283905042e-01
    4.600000e+00    4.8788402834e-01    5.1211597166e-01
    4.620000e+00    4.8859729307e-01    5.1140270693e-01
    4.640000e+00    4.8930062977e-01    5.1069937023e-01
    4.660000e+00    4.8999393136e-01    5.1000606864e-01
    4.680000e+00    4.9067709755e-01    5.0932290245e-01
    4.700000e+00    4.9135003478e-01    5.0864996522e-01
    4.720000e+00    4.9201265608e-01    5.0798734392e-01
    4.740000e+00    4.9266488103e-01    5.0733511897e-01
    4.760000e+00    4.9330663556e-01    5.0669336444e-01
    4.780000e+00    4.9393785194e-01    5.0606214806e-01
    4.800000e+00    4.9455846864e-01    5.0544153136e-01
    4.820000e+00    4.9516843021e-01    5.0483156979e-01
    4.840000e+00    4.9576768718e-01    5.0423231282e-01
    4.860000e+00    4.9635619600e-01    5.0364380400e-01
    4.880000e+00    4.9693391887e-01    5.0306608113e-01
    4.900000e+00    4.9750082366e-01    5.0249917634e-01
    4.920000e+00    4.9805688383e-01    5.0194311617e-01
    4.940000e+00    4.9860207828e-01    5.0139792172e-01
    4.960000e+00    4.9913639126e-01    5.0086360874e-01
    4.980000e+00    4.9965981229e-01    5.0034018771e-01
    5.000000e+00    5.0017233600e-01    4.9982766400e-01
    5.020000e+00    5.0067396207e-01    4.9932603793e-01
    5.040000e+00    5.0116469509e-01    4.9883530491e-01
    5.060000e+00    5.0164454449e-01    4.9835545551e-01
    5.080000e+00    5.0211352439e-01    4.9788647561e-01
    5.100000e+00    5.0257165351e-01    4.9742834649e-01
    5.120000e+00    5.0301895510e-01    4.9698104490e-01
    5.140000e+00    5.0345545676e-01    4.9654454324e-01
    5.160000e+00    5.0388119040e-01    4.9611880960e-01
    5.180000e+00    5.0429619211e-01    4.9570380789e-01
    5.200000e+00    5.0470050204e-01    4.9529949796e-01
    5.220000e+00    5.0509416433e-01    4.9490583567e-01
    5.240000e+00    5.0547722696e-01    4.9452277304e-01
    5.260000e+00    5.0584974170e-01    4.9415025830e-01
    5.280000e+00    5.0621176396e-01    4.9378823604e-01
    5.300000e+00    5.0656335270e-01    4.9343664730e-01
    5.320000e+00    5.0690457036e-01    4.9309542964e-01
    5.340000e+00    5.0723548269e-01    4.9276451731e-01
    5.360000e+00    5.0755615873e-01    4.9244384127e-01
    5.380000e+00    5.0786667064e-01    4.9213332936e-01
    5.400000e+00    5.0816709366e-01    4.9183290634e-01
    5.420000e+00    5.0845750597e-01    4.9154249403e-01
    5.440000e+00    5.0873798858e-01    4.9126201142e-01
    5.460000e+00    5.0900862530e-01    4.9099137470e-01
    5.480000e+00    5.0926950256e-01    4.9073049744e-01
    5.500000e+00    5.0952070939e-01    4.9047929061e-01
    5.520000e+00    5.0976233726e-01    4.9023766274e-01
    5.540000e+00    5.0999448004e-01    4.9000551996e-01
    5.560000e+00    5.1021723388e-01    4.8978276612e-01
    5.580000e+00    5.1043069710e-01    4.8956930290e-01
    5.600000e+00    5.1063497015e-01    4.8936502985e-01
    5.620000e+00    5.1083015547e-01    4.8916984453e-01
    5.640000e+00    5.1101635744e-01    4.8898364256e-01
    5.660000e+00    5.1119368226e-01    4.8880631774e-01
    5.680000e+00    5.1136223788e-01    4.8863776212e-01
    5.700000e+00    5.1152213393e-01    4.8847786607e-01
    5.720000e+00    5.1167348158e-01    4.8832651842e-01
    5.740000e+00    5.1181639354e-01    4.8818360646e-01
    5.760000e+00    5.1195098389e-01    4.8804901611e-01
    5.780000e+00    5.1207736806e-01    4.8792263194e-01
    5.800000e+00    5.1219566274e-01    4.8780433726e-01
    5.820000e+00    5.1230598575e-01    4.8769401425e-01
    5.840000e+00    5.1240845606e-01    4.8759154394e-01
    5.860000e+00    5.1250319360e-01    4.8749680640e-01
    5.880000e+00    5.1259031929e-01    4.8740968071e-01
    5.900000e+00    5.1266995486e-01    4.8733004514e-01
    5.920000e+00    5.1274222289e-01    4.8725777711e-01
    5.940000e+00    5.1280724665e-01    4.8719275335e-01
    5.960000e+00    5.1286515005e-01    4.8713484995e-01
    5.980000e+00    5.1291605761e-01    4.8708394239e-01
    6.000000e+00    5.1296009434e-01    4.8703990566e-01
    6.020000e+00    5.1299738569e-01    4.8700261431e-01
    6.040000e+00    5.1302805752e-01    4.8697194248e-01
    6.060000e+00    5.1305223596e-01    4.8694776404e-01
    6.080000e+00    5.1307004743e-01    4.8692995257e-01
    6.100000e+00    5.1308161852e-01    4.8691838148e-01
    6.120000e+00    5.1308707594e-01    4.8691292406e-01
    6.140000e+00    5.1308654649e-01    4.8691345351e-01
    6.160000e+00    5.1308015695e-01    4.8691984305e-01
    6.180000e+00    5.1306803408e-01    4.8693196592e-01
    6.200000e+00    5.1305030452e-01    4.8694969548e-01
    6.220000e+00    5.1302709475e-01    4.8697290525e-01
    6.240000e+00    5.1299853105e-01    4.8700146895e-01
    6.260000e+00    5.1296473942e-01    4.8703526058e-01
    6.280000e+00    5.1292584555e-01    4.8707415445e-01
    6.300000e+00    5.1288197476e-01    4.8711802524e-01
    6.320000e+00    5.1283325198e-01    4.8716674802e-01
    6.340000e+00    5.1277980163e-01    4.8722019837e-01
    6.360000e+00    5.1272174768e-01    4.8727825232e-01
    6.380000e+00    5.1265921349e-01    4.8734078651e-01
    6.400000e+00    5.1259232187e-01    4.8740767813e-01
    6.420000e+00    5.1252119496e-01    4.8747880504e-01
    6.440000e+00    5.1244595423e-01    4.8755404577e-01
    6.460000e+00    5.1236672043e-01    4.8763327957e-01
    6.480000e+00    5.1228361354e-01    4.8771638646e-01
    6.500000e+00    5.1219675277e-01    4.8780324723e-01
    6.520000e+00    5.1210625646e-01    4.8789374354e-01
    6.540000e+00    5.1201224209e-01    4.8798775791e-01
    6.560000e+00    5.1191482626e-01    4.8808517374e-01
    6.580000e+00    5.1181412459e-01    4.8818587541e-01
    6.600000e+00    5.1171025176e-01    4.8828974824e-01
    6.620000e+00    5.1160332145e-01    4.8839667855e-01
    6.640000e+00    5.1149344628e-01    4.8850655372e-01
    6.660000e+00    5.1138073785e-01    4.8861926215e-01
    6.680000e+00    5.1126530664e-01    4.8873469336e-01
    6.700000e+00    5.1114726204e-01    4.8885273796e-01
    6.720000e+00    5.1102671227e-01    4.8897328773e-01
    6.740000e+00    5.1090376442e-01    4.8909623558e-01
    6.760000e+00    5.1077852436e-01    4.8922147564e-01
    6.780000e+00    5.1065109678e-01    4.8934890322e-01
    6.800000e+00    5.1052158512e-01    4.8947841488e-01
    6.820000e+00    5.1039009156e-01    4.8960990844e-01
    6.840000e+00    5.1025671704e-01    4.8974328296e-01
    6.860000e+00    5.1012156117e-01    4.8987843883e-01
    6.880000e+00    5.0998472229e-01    4.9001527771e-01
    6.900000e+00    5.0984629739e-01    4.9015370261e-01
    6.920000e+00    5.0970638212e-01    4.9029361788e-01
    6.940000e+00    5.0956507080e-01    4.9043492920e-01
    6.960000e+00    5.0942245636e-01    4.9057754364e-01
    6.980000e+00    5.0927863036e-01    4.9072136964e-01
    7.000000e+00    5.0913368296e-01    4.9086631704e-01
    7.020000e+00    5.0898770292e-01    4.9101229708e-01
    7.040000e+00    5.0884077758e-01    4.9115922242e-01
    7.060000e+00    5.0869299287e-01    4.9130700713e-01
    7.080000e+00    5.0854443328e-01    4.9145556672e-01
    7.100000e+00    5.0839518186e-01    4.9160481814e-01
    7.120000e+00    5.0824532022e-01    4.9175467978e-01
    7.140000e+00    5.0809492852e-01    4.9190507148e-01
    7.160000e+00    5.0794408543e-01    4.9205591457e-01
    7.180000e+00    5.0779286821e-01    4.9220713179e-01
    7.200000e+00    5.0764135262e-01    4.9235864738e-01
    7.220000e+00    5.0748961295e-01    4.9251038705e-01
    7.240000e+00    5.0733772204e-01    4.9266227796e-01
    7.260000e+00    5.0718575125e-01    4.9281424875e-01
    7.280000e+00    5.0703377045e-01    4.9296622955e-01
    7.300000e+00    5.0688184805e-01    4.9311815195e-01
    7.320000e+00    5.0673005099e-01    4.9326994901e-01
    7.340000e+00    5.0657844473e-01    4.9342155527e-01
    7.360000e+00    5.0642709327e-01    4.9357290673e-01
    7.380000e+00    5.0627605912e-01    4.9372394088e-01
    7.400000e+00    5.0612540336e-01    4.9387459664e-01
    7.420000e+00    5.0597518557e-01    4.9402481443e-01
    7.440000e+00    5.0582546390e-01    4.9417453610e-01
    7.460000e+00    5.0567629504e-01    4.9432370496e-01
    7.480000e+00    5.0552773423e-01    4.9447226577e-01
    7.500000e+00    5.0537983526e-01    4.9462016474e-01
    7.520000e+00    5.0523265050e-01    4.9476734950e-01
    7.540000e+00    5.0508623090e-01    4.9491376910e-01
    7.560000e+00    5.0494062596e-01    4.9505937404e-01
    7.580000e+00    5.0479588378e-01    4.9520411622e-01
    7.600000e+00    5.0465205107e-01    4.9534794893e-01
    7.620000e+00    5.0450917313e-01    4.9549082687e-01
    7.640000e+00    5.0436729386e-01    4.9563270614e-01
    7.660000e+00    5.0422645581e-01    4.9577354419e-01
    7.680000e+00    5.0408670016e-01    4.9591329984e-01
    7.700000e+00    5.0394806670e-01    4.9605193330e-01
    7.720000e+00    5.0381059391e-01    4.9618940609e-01
    7.740000e+00    5.0367431893e-01    4.9632568107e-01
    7.760000e+00    5.0353927756e-01    4.9646072244e-01
    7.780000e+00    5.0340550431e-01    4.9659449569e-01
    7.800000e+00    5.0327303236e-01    4.9672696764e-01
    7.820000e+00    5.0314189365e-01    4.9685810635e-01
    7.840000e+00    5.0301211879e-01    4.9698788121e-01
    7.860000e+00    5.0288373719e-01    4.9711626281e-01
    7.880000e+00    5.0275677697e-01    4.9724322303e-01
    7.900000e+00    5.0263126502e-01    4.9736873498e-01
    7.920000e+00    5.0250722704e-01    4.9749277296e-01
    7.940000e+00    5.0238468750e-01    4.9761531250e-01
    7.960000e+00    5.0226366968e-01    4.9773633032e-01
    7.980000e+00    5.0214419570e-01    4.9785580430e-01
    8.000000e+00    5.0202628650e-01    4.9797371350e-01
    8.020000e+00    5.0190996189e-01    4.9809003811e-01
    8.040000e+00    5.0179524055e-01    4.9820475945e-01
    8.060000e+00    5.0168214003e-01    4.9831785997e-01
    8.080000e+00    5.0157067680e-01    4.9842932320e-01
    8.100000e+00    5.0146086623e-01    4.9853913377e-01
    8.120000e+00    5.0135272265e-01    4.9864727735e-01
    8.140000e+00    5.0124625930e-01    4.9875374070e-01
    8.160000e+00    5.0114148841e-01    4.9885851159e-01
    8.180000e+00    5.0103842119e-01    4.9896157881e-01
    8.200000e+00    5.0093706786e-01    4.9906293214e-01
    8.220000e+00    5.0083743762e-01    4.9916256238e-01
    8.240000e+00    5.0073953874e-01    4.9926046126e-01
    8.260000e+00    5.0064337851e-01    4.9935662149e-01
    8.280000e+00    5.0054896330e-01    4.9945103670e-01
    8.300000e+00    5.0045629856e-01    4.9954370144e-01
    8.320000e+00    5.0036538885e-01    4.9963461115e-01
    8.340000e+00    5.0027623781e-01    4.9972376219e-01
    8.360000e+00    5.0018884826e-01    4.9981115174e-01
    8.380000e+00    5.0010322214e-01    4.9989677786e-01
    8.400000e+00    5.0001936057e-01    4.9998063943e-01
    8.420000e+00    4.9993726385e-01    5.0006273615e-01
    8.440000e+00    4.9985693147e-01    5.0014306853e-01
    8.460000e+00    4.9977836217e-01    5.0022163783e-01
    8.480000e+00    4.9970155389e-01    5.0029844611e-01
    8.500000e+00    4.9962650385e-01    5.0037349615e-01
    8.520000e+00    4.9955320854e-01    5.0044679146e-01
    8.540000e+00    4.9948166370e-01    5.0051833630e-01
    8.560000e+00    4.9941186443e-01    5.0058813557e-01
    8.580000e+00    4.9934380510e-01    5.0065619490e-01
    8.600000e+00    4.9927747946e-01    5.0072252054e-01
    8.620000e+00    4.9921288058e-01    5.0078711942e-01
    8.640000e+00    4.9915000092e-01    5.0084999908e-01
    8.660000e+00    4.9908883233e-01    5.0091116767e-01
    8.680000e+00    4.9902936606e-01    5.0097063394e-01
    8.700000e+00    4.9897159277e-01    5.0102840723e-01
    8.720000e+00    4.9891550258e-01    5.0108449742e-01
    8.740000e+00    4.9886108505e-01    5.0113891495e-01
    8.760000e+00    4.9880832921e-01    5.0119167079e-01
    8.780000e+00    4.9875722358e-01    5.0124277642e-01
    8.800000e+00    4.9870775619e-01    5.0129224381e-01
    8.820000e+00    4.9865991456e-01    5.0134008544e-01
    8.840000e+00    4.9861368579e-01    5.0138631421e-01
    8.860000e+00    4.9856905649e-01    5.0143094351e-01
    8.880000e+00    4.9852601285e-01    5.0147398715e-01
    8.900000e+00    4.9848454064e-01    5.0151545936e-01
    8.920000e+00    4.9844462522e-01    5.0155537478e-01
    8.940000e+00    4.9840625159e-01    5.0159374841e-01
    8.960000e+00    4.9836940433e-01    5.0163059567e-01
    8.980000e+00    4.9833406769e-01    5.0166593231e-01
    9.000000e+00    4.9830022558e-01    5.0169977442e-01
    9.020000e+00    4.9826786156e-01    5.0173213844e-01
    9.040000e+00    4.9823695888e-01    5.0176304112e-01
    9.060000e+00    4.9820750051e-01    5.0179249949e-01
    9.080000e+00    4.9817946910e-01    5.0182053090e-01
    9.100000e+00    4.9815284705e-01    5.0184715295e-01
    9.120000e+00    4.9812761648e-01    5.0187238352e-01
    9.140000e+00    4.9810375929e-01    5.0189624071e-01
    9.160000e+00    4.9808125713e-01    5.0191874287e-01
    9.180000e+00    4.9806009143e-01    5.0193990857e-01
    9.200000e+00    4.9804024342e-01    5.0195975658e-01
    9.220000e+00    4.9802169412e-01    5.0197830588e-01
    9.240000e+00    4.9800442440e-01    5.0199557560e-01
    9.260000e+00    4.9798841493e-01    5.0201158507e-01
    9.280000e+00    4.9797364623e-01    5.0202635377e-01
    9.300000e+00    4.9796009869e-01    5.0203990131e-01
    9.320000e+00    4.9794775256e-01    5.0205224744e-01
    9.340000e+00    4.9793658796e-01    5.0206341204e-01
    9.360000e+00    4.9792658491e-01    5.0207341509e-01
    9.380000e+00    4.9791772333e-01    5.0208227667e-01
    9.400000e+00    4.9790998304e-01    5.0209001696e-01
    9.420000e+00    4.9790334381e-01    5.0209665619e-01
    9.440000e+00    4.9789778532e-01    5.0210221468e-01
    9.460000e+00    4.9789328721e-01    5.0210671279e-01
    9.480000e+00    4.9788982906e-01    5.0211017094e-01
    9.500000e+00    4.9788739044e-01    5.0211260956e-01
    9.520000e+00    4.9788595086e-01    5.0211404914e-01
    9.540000e+00    4.9788548984e-01    5.0211451016e-01
    9.560000e+00    4.9788598690e-01    5.0211401310e-01
    9.580000e+00    4.9788742154e-01    5.0211257846e-01
    9.600000e+00    4.9788977329e-01    5.0211022671e-01
    9.620000e+00    4.9789302170e-01    5.0210697830e-01
    9.640000e+00    4.9789714634e-01    5.0210285366e-01
    9.660000e+00    4.9790212684e-01    5.0209787316e-01
    9.680000e+00    4.9790794284e-01    5.0209205716e-01
    9.700000e+00    4.9791457408e-01    5.0208542592e-01
    9.720000e+00    4.9792200033e-01    5.0207799967e-01
    9.740000e+00    4.9793020145e-01    5.0206979855e-01
    9.760000e+00    4.9793915737e-01    5.0206084263e-01
    9.780000e+00    4.9794884811e-01    5.0205115189e-01
    9.800000e+00    4.9795925378e-01    5.0204074622e-01
    9.820000e+00    4.9797035458e-01    5.0202964542e-01
    9.840000e+00    4.9798213084e-01    5.0201786916e-01
    9.860000e+00    4.9799456299e-01    5.0200543701e-01
    9.880000e+00    4.9800763158e-01    5.0199236842e-01
    9.900000e+00    4.9802131728e-01    5.0197868272e-01
    9.920000e+00    4.9803560091e-01    5.0196439909e-01
    9.940000e+00    4.9805046341e-01    5.0194953659e-01
    9.960000e+00    4.9806588587e-01    5.0193411413e-01
    9.980000e+00    4.9808184952e-01    5.0191815048e-01
    1.000000e+01    4.9809833577e-01    5.0190166423e-01
    1.002000e+01    4.9811532616e-01    5.0188467384e-01
    1.004000e+01    4.9813280241e-01    5.0186719759e-01
    1.006000e+01    4.9815074641e-01    5.0184925359e-01
    1.008000e+01    4.9816914020e-01    5.0183085980e-01
    1.010000e+01    4.9818796604e-01    5.0181203396e-01
    1.012000e+01    4.9820720633e-01    5.0179279367e-01
    1.014000e+01    4.9822684368e-01    5.0177315632e-01
    1.016000e+01    4.9824686089e-01    5.0175313911e-01
    1.018000e+01    4.9826724094e-01    5.0173275906e-01
    1.020000e+01    4.9828796701e-01    5.0171203299e-01
    1.022000e+01    4.9830902250e-01    5.0169097750e-01
    1.024000e+01    4.9833039099e-01    5.0166960901e-01
    1.026000e+01    4.9835205627e-01    5.0164794373e-01
    1.028000e+01    4.9837400236e-01    5.0162599764e-01
    1.030000e+01    4.9839621346e-01    5.0160378654e-01
    1.032000e+01    4.9841867402e-01    5.0158132598e-01
    1.034000e+01    4.9844136868e-01    5.0155863132e-01
    1.036000e+01    4.9846428230e-01    5.0153571770e-01
    1.038000e+01    4.9848740000e-01    5.0151260000e-01
    1.040000e+01    4.9851070707e-01    5.0148929293e-01
    1.042000e+01    4.9853418906e-01    5.0146581094e-01
    1.044000e+01    4.9855783174e-01    5.0144216826e-01
    1.046000e+01    4.9858162111e-01    5.0141837889e-01
    1.048000e+01    4.9860554339e-01    5.0139445661e-01
    1.050000e+01    4.9862958504e-01    5.0137041496e-01
    1.052000e+01    4.9865373276e-01    5.0134626724e-01
    1.054000e+01    4.9867797347e-01    5.0132202653e-01
    1.056000e+01    4.9870229434e-01    5.0129770566e-01
    1.058000e+01    4.9872668276e-01    5.0127331724e-01
    1.060000e+01    4.9875112636e-01    5.0124887364e-01
    1.062000e+01    4.9877561301e-01    5.0122438699e-01
    1.064000e+01    4.9880013083e-01    5.0119986917e-01
    1.066000e+01    4.9882466815e-01    5.0117533185e-01
    1.068000e+01    4.9884921357e-01    5.0115078643e-01
    1.070000e+01    4.9887375589e-01    5.0112624411e-01
    1.072000e+01    4.9889828418e-01    5.0110171582e-01
    1.074000e+01    4.9892278774e-01    5.0107721226e-01
    1.076000e+01    4.9894725610e-01    5.0105274390e-01
    1.078000e+01    4.9897167902e-01    5.0102832098e-01
    1.080000e+01    4.9899604653e-01    5.0100395347e-01
    1.082000e+01    4.9902034885e-01    5.0097965115e-01
    1.084000e+01    4.9904457648e-01    5.0095542352e-01
    1.086000e+01    4.9906872012e-01    5.0093127988e-01
    1.088000e+01    4.9909277073e-01    5.0090722927e-01
    1.090000e+01    4.9911671949e-01    5.0088328051e-01
    1.092000e+01    4.9914055780e-01    5.0085944220e-01
    1.094000e+01    4.9916427732e-01    5.0083572268e-01
    1.096000e+01    4.9918786992e-01    5.0081213008e-01
    1.098000e+01    4.9921132771e-01    5.0078867229e-01
    1.100000e+01    4.9923464301e-01    5.0076535699e-01
    1.102000e+01    4.9925780839e-01    5.0074219161e-01
    1.104000e+01    4.9928081662e-01    5.0071918338e-01
    1.106000e+01    4.9930366072e-01    5.0069633928e-01
    1.108000e+01    4.9932633391e-01    5.0067366609e-01
    1.110000e+01    4.9934882963e-01    5.0065117037e-01
    1.112000e+01    4.9937114155e-01    5.0062885845e-01
    1.114000e+01    4.9939326355e-01    5.0060673645e-01
    1.116000e+01    4.9941518974e-01    5.0058481026e-01
    1.118000e+01    4.9943691441e-01    5.0056308559e-01
    1.120000e+01    4.9945843209e-01    5.0054156791e-01
    1.122000e+01    4.9947973751e-01    5.0052026249e-01
    1.124000e+01    4.9950082560e-01    5.0049917440e-01
    1.126000e+01    4.9952169150e-01    5.0047830850e-01
    1.128000e+01    4.9954233056e-01    5.0045766944e-01
    1.130000e+01    4.9956273831e-01    5.0043726169e-01
    1.132000e+01    4.9958291050e-01    5.0041708950e-01
    1.134000e+01    4.9960284306e-01    5.0039715694e-01
    1.136000e+01    4.9962253213e-01    5.0037746787e-01
    1.138000e+01    4.9964197402e-01    5.0035802598e-01
    1.140000e+01    4.9966116525e-01    5.0033883475e-01
    1.142000e+01    4.9968010250e-01    5.0031989750e-01
    1.144000e+01    4.9969878266e-01    5.0030121734e-01
    1.146000e+01    4.9971720280e-01    5.0028279720e-01
    1.148000e+01    4.9973536014e-01    5.0026463986e-01
    1.150000e+01    4.9975325211e-01    5.0024674789e-01
    1.152000e+01    4.9977087629e-01    5.0022912371e-01
    1.154000e+01    4.9978823046e-01    5.0021176954e-01
    1.156000e+01    4.9980531252e-01    5.0019468748e-01
    1.158000e+01    4.9982212059e-01    5.0017787941e-01
    1.160000e+01    4.9983865292e-01    5.0016134708e-01
    1.162000e+01    4.9985490792e-01    5.0014509208e-01
    1.164000e+01    4.9987088418e-01    5.0012911582e-01
    1.166000e+01    4.9988658042e-01    5.0011341958e-01
    1.168000e+01    4.9990199554e-01    5.0009800446e-01
    1.170000e+01    4.9991712856e-01    5.0008287144e-01
    1.172000e+01    4.9993197866e-01    5.0006802134e-01
    1.174000e+01    4.9994654517e-01    5.0005345483e-01
    1.176000e+01    4.9996082756e-01    5.0003917244e-01
    1.178000e+01    4.9997482543e-01    5.0002517457e-01
    1.180000e+01    4.9998853852e-01    5.0001146148e-01
    1.182000e+01    5.0000196671e-01    4.9999803329e-01
    1.184000e+01    5.0001511000e-01    4.9998489000e-01
    1.186000e+01    5.0002796852e-01    4.9997203148e-01
    1.188000e+01    5.0004054254e-01    4.9995945746e-01
    1.190000e+01    5.0005283242e-01    4.9994716758e-01
    1.192000e+01    5.0006483868e-01    4.9993516132e-01
    1.194000e+01    5.0007656192e-01    4.9992343808e-01
    1.196000e+01    5.0008800287e-01    4.9991199713e-01
    1.198000e+01    5.0009916238e-01    4.9990083762e-01
    1.200000e+01    5.0011004139e-01    4.9988995861e-01
    1.202000e+01    5.0012064096e-01    4.9987935904e-01
    1.204000e+01    5.0013096224e-01    4.9986903776e-01
    1.206000e+01    5.0014100650e-01    4.9985899350e-01
    1.208000e+01    5.0015077509e-01    4.9984922491e-01
    1.210000e+01    5.0016026946e-01    4.9983973054e-01
    1.212000e+01    5.0016949116e-01    4.9983050884e-01
    1.214000e+01    5.0017844181e-01    4.9982155819e-01
    1.216000e+01    5.0018712313e-01    4.9981287687e-01
    1.218000e+01    5.0019553694e-01    4.9980446306e-01
    1.220000e+01    5.0020368511e-01    4.9979631489e-01
    1.222000e+01    5.0021156961e-01    4.9978843039e-01
    1.224000e+01    5.0021919248e-01    4.9978080752e-01
    1.226000e+01    5.0022655584e-01    4.9977344416e-01
    1.228000e+01    5.0023366188e-01    4.9976633812e-01
    1.230000e+01    5.0024051285e-01    4.9975948715e-01
    1.232000e+01    5.0024711107e-01    4.9975288893e-01
    1.234000e+01    5.0025345894e-01    4.9974654106e-01
    1.236000e+01    5.0025955889e-01    4.9974044111e-01
    1.238000e+01    5.0026541345e-01    4.9973458655e-01
    1.240000e+01    5.0027102517e-01    4.9972897483e-01
    1.242000e+01    5.0027639668e-01    4.9972360332e-01
    1.244000e+01    5.0028153065e-01    4.9971846935e-01
    1.246000e+01    5.0028642980e-01    4.9971357020e-01
    1.248000e+01    5.0029109690e-01    4.9970890310e-01
    1.250000e+01    5.0029553477e-01    4.9970446523e-01
    1.252000e+01    5.0029974627e-01    4.9970025373e-01
    1.254000e+01    5.0030373429e-01    4.9969626571e-01
    1.256000e+01    5.0030750177e-01    4.9969249823e-01
    1.258000e+01    5.0031105169e-01    4.9968894831e-01
    1.260000e+01    5.0031438707e-01    4.9968561293e-01
    1.262000e+01    5.0031751093e-01    4.9968248907e-01
    1.264000e+01    5.0032042637e-01    4.9967957363e-01
    1.266000e+01    5.0032313647e-01    4.9967686353e-01
    1.268000e+01    5.0032564436e-01    4.9967435564e-01
    1.270000e+01    5.0032795321e-01    4.9967204679e-01
    1.272000e+01    5.0033006618e-01    4.9966993382e-01
    1.274000e+01    5.0033198647e-01    4.9966801353e-01
    1.276000e+01    5.0033371729e-01    4.9966628271e-01
    1.278000e+01    5.0033526187e-01    4.9966473813e-01
    1.280000e+01    5.0033662347e-01    4.9966337653e-01
    1.282000e+01    5.0033780535e-01    4.9966219465e-01
    1.284000e+01    5.0033881076e-01    4.9966118924e-01
    1.286000e+01    5.0033964300e-01    4.9966035700e-01
    1.288000e+01    5.0034030536e-01    4.9965969464e-01
    1.290000e+01    5.0034080113e-01    4.9965919887e-01
    1.292000e+01    5.0034113362e-01    4.9965886638e-01
    1.294000e+01    5.0034130612e-01    4.9965869388e-01
    1.296000e+01    5.0034132195e-01    4.9965867805e-01
    1.298000e+01    5.0034118441e-01    4.9965881559e-01
    1.300000e+01    5.0034089680e-01    4.9965910320e-01
    1.302000e+01    5.0034046244e-01    4.9965953756e-01
    1.304000e+01    5.0033988462e-01    4.9966011538e-01
    1.306000e+01    5.0033916664e-01    4.9966083336e-01
    1.308000e+01    5.0033831177e-01    4.9966168823e-01
    1.310000e+01    5.0033732331e-01    4.9966267669e-01
    1.312000e+01    5.0033620451e-01    4.9966379549e-01
    1.314000e+01    5.0033495864e-01    4.9966504136e-01
    1.316000e+01    5.0033358895e-01    4.9966641105e-01
    1.318000e+01    5.0033209866e-01    4.9966790134e-01
    1.320000e+01    5.0033049100e-01    4.9966950900e-01
    1.322000e+01    5.0032876916e-01    4.9967123084e-01
    1.324000e+01    5.0032693635e-01    4.9967306365e-01
    1.326000e+01    5.0032499572e-01    4.9967500428e-01
    1.328000e+01    5.0032295043e-01    4.9967704957e-01
    1.330000e+01    5.0032080360e-01    4.9967919640e-01
    1.332000e+01    5.0031855836e-01    4.9968144164e-01
    1.334000e+01    5.0031621778e-01    4.9968378222e-01
    1.336000e+01    5.0031378494e-01    4.9968621506e-01
    1.338000e+01    5.0031126287e-01    4.9968873713e-01
    1.340000e+01    5.0030865459e-01    4.9969134541e-01
    1.342000e+01    5.0030596310e-01    4.9969403690e-01
    1.344000e+01    5.0030319137e-01    4.9969680863e-01
    1.346000e+01    5.0030034233e-01    4.9969965767e-01
    1.348000e+01    5.0029741889e-01    4.9970258111e-01
    1.350000e+01    5.0029442395e-01    4.9970557605e-01
    1.352000e+01    5.0029136035e-01    4.9970863965e-01
    1.354000e+01    5.0028823093e-01    4.9971176907e-01
    1.356000e+01    5.0028503847e-01    4.9971496153e-01
    1.358000e+01    5.0028178575e-01    4.9971821425e-01
    1.360000e+01    5.0027847549e-01    4.9972152451e-01
    1.362000e+01    5.0027511040e-01    4.9972488960e-01
    1.364000e+01    5.0027169315e-01    4.9972830685e-01
    1.366000e+01    5.0026822636e-01    4.9973177364e-01
    1.368000e+01    5.0026471265e-01    4.9973528735e-01
    1.370000e+01    5.0026115459e-01    4.9973884541e-01
    1.372000e+01    5.0025755469e-01    4.9974244531e-01
    1.374000e+01    5.0025391548e-01    4.9974608452e-01
    1.376000e+01    5.0025023940e-01    4.9974976060e-01
    1.378000e+01    5.0024652888e-01    4.9975347112e-01
    1.380000e+01    5.0024278632e-01    4.9975721368e-01
    1.382000e+01    5.0023901408e-01    4.9976098592e-01
    1.384000e+01    5.0023521447e-01    4.9976478553e-01
    1.386000e+01    5.0023138978e-01    4.9976861022e-01
    1.388000e+01    5.0022754224e-01    4.9977245776e-01
    1.390000e+01    5.0022367408e-01    4.9977632592e-01
    1.392000e+01    5.0021978745e-01    4.9978021255e-01
    1.394000e+01    5.0021588450e-01    4.9978411550e-01
    1.396000e+01    5.0021196732e-01    4.9978803268e-01
    1.398000e+01    5.0020803796e-01    4.9979196204e-01
    1.400000e+01    5.0020409845e-01    4.9979590155e-01
    1.402000e+01    5.0020015076e-01    4.9979984924e-01
    1.404000e+01    5.0019619684e-01    4.9980380316e-01
    1.406000e+01    5.0019223859e-01    4.9980776141e-01
    1.408000e+01    5.0018827789e-01    4.9981172211e-01
    1.410000e+01    5.0018431655e-01    4.9981568345e-01
    1.412000e+01    5.0018035637e-01    4.9981964363e-01
    1.414000e+01    5.0017639910e-01    4.9982360090e-01
    1.416000e+01    5.0017244645e-01    4.9982755355e-01
    1.418000e+01    5.0016850009e-01    4.9983149991e-01
    1.420000e+01    5.0016456167e-01    4.9983543833e-01
    1.422000e+01    5.0016063278e-01    4.9983936722e-01
    1.424000e+01    5.0015671497e-01    4.9984328503e-01
    1.426000e+01    5.0015280978e-01    4.9984719022e-01
    1.428000e+01    5.0014891868e-01    4.9985108132e-01
    1.430000e+01    5.0014504313e-01    4.9985495687e-01
    1.432000e+01    5.0014118452e-01    4.9985881548e-01
    1.434000e+01    5.0013734424e-01    4.9986265576e-01
    1.436000e+01    5.0013352362e-01    4.9986647638e-01
    1.438000e+01    5.0012972395e-01    4.9987027605e-01
    1.440000e+01    5.0012594649e-01    4.9987405351e-01
    1.442000e+01    5.0012219247e-01    4.9987780753e-01
    1.444000e+01    5.0011846308e-01    4.9988153692e-01
    1.446000e+01    5.0011475946e-01    4.9988524054e-01
    1.448000e+01    5.0011108274e-01    4.9988891726e-01
    1.450000e+01    5.0010743398e-01    4.9989256602e-01
    1.452000e+01    5.0010381424e-01    4.9989618576e-01
    1.454000e+01    5.0010022453e-01    4.9989977547e-01
    1.456000e+01    5.0009666582e-01    4.9990333418e-01
    1.458000e+01    5.0009313904e-01    4.9990686096e-01
    1.460000e+01    5.0008964511e-01    4.9991035489e-01
    1.462000e+01    5.0008618490e-01    4.9991381510e-01
    1.464000e+01    5.0008275924e-01    4.9991724076e-01
    1.466000e+01    5.0007936893e-01    4.9992063107e-01
    1.468000e+01    5.0007601476e-01    4.9992398524e-01
    1.470000e+01    5.0007269747e-01    4.9992730253e-01
    1.472000e+01    5.0006941775e-01    4.9993058225e-01
    1.474000e+01    5.0006617628e-01    4.9993382372e-01
    1.476000e+01    5.0006297371e-01    4.9993702629e-01
    1.478000e+01    5.0005981065e-01    4.9994018935e-01
    1.480000e+01    5.0005668769e-01    4.9994331231e-01
    1.482000e+01    5.0005360537e-01    4.9994639463e-01
    1.484000e+01    5.0005056421e-01    4.9994943579e-01
    1.486000e+01    5.0004756472e-01    4.9995243528e-01
    1.488000e+01    5.0004460735e-01    4.9995539265e-01
    1.490000e+01    5.0004169254e-01    4.9995830746e-01
    1.492000e+01    5.0003882070e-01    4.9996117930e-01
    1.494000e+01    5.0003599220e-01    4.9996400780e-01
    1.496000e+01    5.0003320739e-01    4.9996679261e-01
    1.498000e+01    5.0003046661e-01    4.9996953339e-01
