1.1102230246251565e-16 1
0.4043965159684779 0.762666447934529
0.6221484861053507 0.5731033756972088
0.9145582745748656 0.3439843503345983
1.2567399419328087 0.1514300129382119
1.5304852758191636 0.029028334065876793
1.9224388220655348 -0.08442400193145261
2.706345914558275 -0.16282121123954063
3.415595188718376 -0.12554306443725727
3.9817503110742165 -0.07333242538861517
4.6038987971795935 -0.023363378049612527
5.226047283284906 0.010187758841628147
5.866860223973458 0.025081250735127236
6.607216922438819 0.020566805128238164
7.639983409373704 0.0003661699796333462
8.660306926586474 -0.003415935667989478
9.643301534632926 0.0010127710679290747
10.514309415180414 0.000969437342528856
11.435089174616335 0.002416164717681246
12.368311903774364 -0.0013616075574014452
13.214433844877645 -0.001403703176361626
13.98589796764828 -0.0014420844760019147
14.906677727084196 0.0007509115558670398
