    0.000000e+00    1.0000000000e+00    0.0000000000e+00
    2.000000e-02    9.9960201056e-01    3.9798943647e-04
    4.000000e-02    9.9843112007e-01    1.5688799334e-03
    6.000000e-02    9.9654956084e-01    3.4504391632e-03
    8.000000e-02    9.9404382775e-01    5.9561722537e-03
    1.000000e-01    9.9101191450e-01    8.9880855017e-03
    1.200000e-01    9.8755496045e-01    1.2445039548e-02
    1.400000e-01    9.8377118776e-01    1.6228812242e-02
    1.600000e-01    9.7975108333e-01    2.0248916671e-02
    1.800000e-01    9.7557416291e-01    2.4425837095e-02
    2.000000e-01    9.7130743169e-01    2.8692568306e-02
    2.200000e-01    9.6700545508e-01    3.2994544915e-02
    2.400000e-01    9.6271148034e-01    3.7288519661e-02
    2.600000e-01    9.5845896577e-01    4.1541034231e-02
    2.800000e-01    9.5427309136e-01    4.5726908640e-02
    3.000000e-01    9.5017217538e-01    4.9827824616e-02
    3.200000e-01    9.4616901627e-01    5.3830983735e-02
    3.400000e-01    9.4227207583e-01    5.7727924169e-02
    3.600000e-01    9.3848644937e-01    6.1513550627e-02
    3.800000e-01    9.3481462673e-01    6.5185373267e-02
    4.000000e-01    9.3125710696e-01    6.8742893043e-02
    4.200000e-01    9.2781290280e-01    7.2187097203e-02
    4.400000e-01    9.2447994397e-01    7.5520056029e-02
    4.600000e-01    9.2125539925e-01    7.8744600746e-02
    4.800000e-01    9.1813592418e-01    8.1864075820e-02
    5.000000e-01    9.1511784167e-01    8.4882158333e-02
    5.200000e-01    9.1219727841e-01    8.7802721593e-02
    5.400000e-01    9.0937027027e-01    9.0629729731e-02
    5.600000e-01    9.0663284006e-01    9.3367159945e-02
    5.800000e-01    9.0398105464e-01    9.6018945359e-02
    6.000000e-01    9.0141106391e-01    9.8588936085e-02
    6.200000e-01    8.9891912374e-01    1.0108087626e-01
    6.400000e-01    8.9650160948e-01    1.0349839052e-01
    6.600000e-01    8.9415502423e-01    1.0584497577e-01
    6.800000e-01    8.9187600641e-01    1.0812399359e-01
    7.000000e-01    8.8966133865e-01    1.1033866135e-01
    7.200000e-01    8.8750795447e-01    1.1249204553e-01
    7.400000e-01    8.8541294138e-01    1.1458705862e-01
    7.600000e-01    8.8337353940e-01    1.1662646060e-01
    7.800000e-01    8.8138712675e-01    1.1861287325e-01
    8.000000e-01    8.7945120932e-01    1.2054879068e-01
    8.200000e-01    8.7756343415e-01    1.2243656585e-01
    8.400000e-01    8.7572158476e-01    1.2427841524e-01
    8.600000e-01    8.7392356091e-01    1.2607643909e-01
    8.800000e-01    8.7216736871e-01    1.2783263129e-01
    9.000000e-01    8.7045111924e-01    1.2954888076e-01
    9.200000e-01    8.6877302353e-01    1.3122697647e-01
    9.400000e-01    8.6713138615e-01    1.3286861385e-01
    9.600000e-01    8.6552460356e-01    1.3447539644e-01
    9.800000e-01    8.6395116354e-01    1.3604883646e-01
    1.000000e+00    8.6240964262e-01    1.3759035738e-01
    1.020000e+00    8.6089870058e-01    1.3910129942e-01
    1.040000e+00    8.5941707358e-01    1.4058292642e-01
    1.060000e+00    8.5796356760e-01    1.4203643240e-01
    1.080000e+00    8.5653705269e-01    1.4346294731e-01
    1.100000e+00    8.5513645857e-01    1.4486354143e-01
    1.120000e+00    8.5376077061e-01    1.4623922939e-01
    1.140000e+00    8.5240902538e-01    1.4759097462e-01
    1.160000e+00    8.5108030973e-01    1.4891969027e-01
    1.180000e+00    8.4977376193e-01    1.5022623807e-01
    1.200000e+00    8.4848857171e-01    1.5151142829e-01
    1.220000e+00    8.4722397900e-01    1.5277602100e-01
    1.240000e+00    8.4597927269e-01    1.5402072731e-01
    1.260000e+00    8.4475378589e-01    1.5524621411e-01
    1.280000e+00    8.4354688819e-01    1.5645311181e-01
    1.300000e+00    8.4235797995e-01    1.5764202005e-01
    1.320000e+00    8.4118648873e-01    1.5881351127e-01
    1.340000e+00    8.4003186691e-01    1.5996813309e-01
    1.360000e+00    8.3889359078e-01    1.6110640922e-01
    1.380000e+00    8.3777116197e-01    1.6222883803e-01
    1.400000e+00    8.3666411434e-01    1.6333588566e-01
    1.420000e+00    8.3557200965e-01    1.6442799035e-01
    1.440000e+00    8.3449442358e-01    1.6550557642e-01
    1.460000e+00    8.3343094090e-01    1.6656905910e-01
    1.480000e+00    8.3238115909e-01    1.6761884091e-01
    1.500000e+00    8.3134469106e-01    1.6865530894e-01
    1.520000e+00    8.3032116572e-01    1.6967883428e-01
    1.540000e+00    8.2931022795e-01    1.7068977205e-01
    1.560000e+00    8.2831153693e-01    1.7168846307e-01
    1.580000e+00    8.2732476076e-01    1.7267523924e-01
    1.600000e+00    8.2634957583e-01    1.7365042417e-01
    1.620000e+00    8.2538567264e-01    1.7461432736e-01
    1.640000e+00    8.2443275955e-01    1.7556724045e-01
    1.660000e+00    8.2349056156e-01    1.7650943844e-01
    1.680000e+00    8.2255881718e-01    1.7744118282e-01
    1.700000e+00    8.2163727590e-01    1.7836272410e-01
    1.720000e+00    8.2072569698e-01    1.7927430302e-01
    1.740000e+00    8.1982384911e-01    1.8017615089e-01
    1.760000e+00    8.1893150962e-01    1.8106849038e-01
    1.780000e+00    8.1804846330e-01    1.8195153670e-01
    1.800000e+00    8.1717450299e-01    1.8282549701e-01
    1.820000e+00    8.1630943237e-01    1.8369056763e-01
    1.840000e+00    8.1545306712e-01    1.8454693288e-01
    1.860000e+00    8.1460523183e-01    1.8539476817e-01
    1.880000e+00    8.1376575620e-01    1.8623424380e-01
    1.900000e+00    8.1293447388e-01    1.8706552612e-01
    1.920000e+00    8.1211122419e-01    1.8788877581e-01
    1.940000e+00    8.1129585061e-01    1.8870414939e-01
    1.960000e+00    8.1048819815e-01    1.8951180185e-01
    1.980000e+00    8.0968811316e-01    1.9031188684e-01
    2.000000e+00    8.0889544434e-01    1.9110455566e-01
    2.020000e+00    8.0811004405e-01    1.9188995595e-01
    2.040000e+00    8.0733176906e-01    1.9266823094e-01
    2.060000e+00    8.0656048027e-01    1.9343951973e-01
    2.080000e+00    8.0579604227e-01    1.9420395773e-01
    2.100000e+00    8.0503832344e-01    1.9496167656e-01
    2.120000e+00    8.0428719639e-01    1.9571280361e-01
    2.140000e+00    8.0354253843e-01    1.9645746157e-01
    2.160000e+00    8.0280423135e-01    1.9719576865e-01
    2.180000e+00    8.0207216061e-01    1.9792783939e-01
    2.200000e+00    8.0134621482e-01    1.9865378518e-01
    2.220000e+00    8.0062628579e-01    1.9937371421e-01
    2.240000e+00    7.9991226870e-01    2.0008773130e-01
    2.260000e+00    7.9920406208e-01    2.0079593792e-01
    2.280000e+00    7.9850156739e-01    2.0149843261e-01
    2.300000e+00    7.9780468854e-01    2.0219531146e-01
    2.320000e+00    7.9711333207e-01    2.0288666793e-01
    2.340000e+00    7.9642740724e-01    2.0357259276e-01
    2.360000e+00    7.9574682554e-01    2.0425317446e-01
    2.380000e+00    7.9507150028e-01    2.0492849972e-01
    2.400000e+00    7.9440134580e-01    2.0559865420e-01
    2.420000e+00    7.9373627592e-01    2.0626372408e-01
    2.440000e+00    7.9307620387e-01    2.0692379613e-01
    2.460000e+00    7.9242104261e-01    2.0757895739e-01
    2.480000e+00    7.9177070319e-01    2.0822929681e-01
    2.500000e+00    7.9112509236e-01    2.0887490764e-01
    2.520000e+00    7.9048411200e-01    2.0951588800e-01
    2.540000e+00    7.8984766065e-01    2.1015233935e-01
    2.560000e+00    7.8921563596e-01    2.1078436404e-01
    2.580000e+00    7.8858793727e-01    2.1141206273e-01
    2.600000e+00    7.8796446737e-01    2.1203553263e-01
    2.620000e+00    7.8734513361e-01    2.1265486639e-01
    2.640000e+00    7.8672984827e-01    2.1327015173e-01
    2.660000e+00    7.8611852864e-01    2.1388147136e-01
    2.680000e+00    7.8551109685e-01    2.1448890315e-01
    2.700000e+00    7.8490747966e-01    2.1509252034e-01
    2.720000e+00    7.8430760800e-01    2.1569239200e-01
    2.740000e+00    7.8371141666e-01    2.1628858334e-01
    2.760000e+00    7.8311884401e-01    2.1688115599e-01
    2.780000e+00    7.8252983168e-01    2.1747016832e-01
    2.800000e+00    7.8194432404e-01    2.1805567596e-01
    2.820000e+00    7.8136226757e-01    2.1863773243e-01
    2.840000e+00    7.8078361036e-01    2.1921638964e-01
    2.860000e+00    7.8020830213e-01    2.1979169787e-01
    2.880000e+00    7.7963629433e-01    2.2036370567e-01
    2.900000e+00    7.7906754027e-01    2.2093245973e-01
    2.920000e+00    7.7850199521e-01    2.2149800479e-01
    2.940000e+00    7.7793961587e-01    2.2206038413e-01
    2.960000e+00    7.7738035945e-01    2.2261964055e-01
    2.980000e+00    7.7682418295e-01    2.2317581705e-01
    3.000000e+00    7.7627104393e-01    2.2372895607e-01
    3.020000e+00    7.7572090224e-01    2.2427909776e-01
    3.040000e+00    7.7517372062e-01    2.2482627938e-01
    3.060000e+00    7.7462946405e-01    2.2537053595e-01
    3.080000e+00    7.7408809871e-01    2.2591190129e-01
    3.100000e+00    7.7354959125e-01    2.2645040875e-01
    3.120000e+00    7.7301390857e-01    2.2698609143e-01
    3.140000e+00    7.7248101785e-01    2.2751898215e-01
    3.160000e+00    7.7195088669e-01    2.2804911331e-01
    3.180000e+00    7.7142348321e-01    2.2857651679e-01
    3.200000e+00    7.7089877632e-01    2.2910122368e-01
    3.220000e+00    7.7037673570e-01    2.2962326430e-01
    3.240000e+00    7.6985733164e-01    2.3014266836e-01
    3.260000e+00    7.6934053492e-01    2.3065946508e-01
    3.280000e+00    7.6882631687e-01    2.3117368313e-01
    3.300000e+00    7.6831464922e-01    2.3168535078e-01
    3.320000e+00    7.6780550412e-01    2.3219449588e-01
    3.340000e+00    7.6729885443e-01    2.3270114557e-01
    3.360000e+00    7.6679467402e-01    2.3320532598e-01
    3.380000e+00    7.6629293816e-01    2.3370706184e-01
    3.400000e+00    7.6579362345e-01    2.3420637655e-01
    3.420000e+00    7.6529670738e-01    2.3470329262e-01
    3.440000e+00    7.6480216805e-01    2.3519783195e-01
    3.460000e+00    7.6430998386e-01    2.3569001614e-01
    3.480000e+00    7.6382013276e-01    2.3617986724e-01
    3.500000e+00    7.6333259163e-01    2.3666740837e-01
    3.520000e+00    7.6284733651e-01    2.3715266349e-01
    3.540000e+00    7.6236434329e-01    2.3763565671e-01
    3.560000e+00    7.6188358824e-01    2.3811641176e-01
    3.580000e+00    7.6140504810e-01    2.3859495190e-01
    3.600000e+00    7.6092870002e-01    2.3907129998e-01
    3.620000e+00    7.6045452154e-01    2.3954547846e-01
    3.640000e+00    7.5998249086e-01    2.4001750914e-01
    3.660000e+00    7.5951258703e-01    2.4048741297e-01
    3.680000e+00    7.5904479019e-01    2.4095520981e-01
    3.700000e+00    7.5857908164e-01    2.4142091836e-01
    3.720000e+00    7.5811544379e-01    2.4188455621e-01
    3.740000e+00    7.5765385999e-01    2.4234614001e-01
    3.760000e+00    7.5719431408e-01    2.4280568592e-01
    3.780000e+00    7.5673678997e-01    2.4326321003e-01
    3.800000e+00    7.5628127117e-01    2.4371872883e-01
    3.820000e+00    7.5582774067e-01    2.4417225933e-01
    3.840000e+00    7.5537618100e-01    2.4462381900e-01
    3.860000e+00    7.5492657452e-01    2.4507342548e-01
    3.880000e+00    7.5447890349e-01    2.4552109651e-01
    3.900000e+00    7.5403315014e-01    2.4596684986e-01
    3.920000e+00    7.5358929670e-01    2.4641070330e-01
    3.940000e+00    7.5314732552e-01    2.4685267448e-01
    3.960000e+00    7.5270721924e-01    2.4729278076e-01
    3.980000e+00    7.5226896067e-01    2.4773103933e-01
    4.000000e+00    7.5183253279e-01    2.4816746721e-01
    4.020000e+00    7.5139791867e-01    2.4860208133e-01
    4.040000e+00    7.5096510141e-01    2.4903489859e-01
    4.060000e+00    7.5053406416e-01    2.4946593584e-01
    4.080000e+00    7.5010479012e-01    2.4989520988e-01
    4.100000e+00    7.4967726259e-01    2.5032273741e-01
    4.120000e+00    7.4925146487e-01    2.5074853513e-01
    4.140000e+00    7.4882738028e-01    2.5117261972e-01
    4.160000e+00    7.4840499222e-01    2.5159500778e-01
    4.180000e+00    7.4798428425e-01    2.5201571575e-01
    4.200000e+00    7.4756524021e-01    2.5243475979e-01
    4.220000e+00    7.4714784486e-01    2.5285215514e-01
    4.240000e+00    7.4673208568e-01    2.5326791432e-01
    4.260000e+00    7.4631795395e-01    2.5368204605e-01
    4.280000e+00    7.4590544423e-01    2.5409455577e-01
    4.300000e+00    7.4549455323e-01    2.5450544677e-01
    4.320000e+00    7.4508527823e-01    2.5491472177e-01
    4.340000e+00    7.4467761463e-01    2.5532238537e-01
    4.360000e+00    7.4427155433e-01    2.5572844567e-01
    4.380000e+00    7.4386708559e-01    2.5613291441e-01
    4.400000e+00    7.4346419360e-01    2.5653580640e-01
    4.420000e+00    7.4306286120e-01    2.5693713880e-01
    4.440000e+00    7.4266306954e-01    2.5733693046e-01
    4.460000e+00    7.4226479871e-01    2.5773520129e-01
    4.480000e+00    7.4186802839e-01    2.5813197161e-01
    4.500000e+00    7.4147273816e-01    2.5852726184e-01
    4.520000e+00    7.4107890778e-01    2.5892109222e-01
    4.540000e+00    7.4068651726e-01    2.5931348274e-01
    4.560000e+00    7.4029554699e-01    2.5970445301e-01
    4.580000e+00    7.3990597774e-01    2.6009402226e-01
    4.600000e+00    7.3951779082e-01    2.6048220918e-01
    4.620000e+00    7.3913096816e-01    2.6086903184e-01
    4.640000e+00    7.3874549236e-01    2.6125450764e-01
    4.660000e+00    7.3836134663e-01    2.6163865337e-01
    4.680000e+00    7.3797851470e-01    2.6202148530e-01
    4.700000e+00    7.3759698093e-01    2.6240301907e-01
    4.720000e+00    7.3721673050e-01    2.6278326950e-01
    4.740000e+00    7.3683774954e-01    2.6316225046e-01
    4.760000e+00    7.3646002501e-01    2.6353997499e-01
    4.780000e+00    7.3608354447e-01    2.6391645553e-01
    4.800000e+00    7.3570829588e-01    2.6429170412e-01
    4.820000e+00    7.3533426750e-01    2.6466573250e-01
    4.840000e+00    7.3496144786e-01    2.6503855214e-01
    4.860000e+00    7.3458982581e-01    2.6541017419e-01
    4.880000e+00    7.3421939047e-01    2.6578060953e-01
    4.900000e+00    7.3385013152e-01    2.6614986848e-01
    4.920000e+00    7.3348203969e-01    2.6651796031e-01
    4.940000e+00    7.3311510668e-01    2.6688489332e-01
    4.960000e+00    7.3274932471e-01    2.6725067529e-01
    4.980000e+00    7.3238468607e-01    2.6761531393e-01
    5.000000e+00    7.3202118289e-01    2.6797881711e-01
    5.020000e+00    7.3165880669e-01    2.6834119331e-01
    5.040000e+00    7.3129754781e-01    2.6870245219e-01
    5.060000e+00    7.3093739508e-01    2.6906260492e-01
    5.080000e+00    7.3057833579e-01    2.6942166421e-01
    5.100000e+00    7.3022035605e-01    2.6977964395e-01
    5.120000e+00    7.2986344115e-01    2.7013655885e-01
    5.140000e+00    7.2950757606e-01    2.7049242394e-01
    5.160000e+00    7.2915274577e-01    2.7084725423e-01
    5.180000e+00    7.2879893563e-01    2.7120106437e-01
    5.200000e+00    7.2844613145e-01    2.7155386855e-01
    5.220000e+00    7.2809431962e-01    2.7190568038e-01
    5.240000e+00    7.2774348725e-01    2.7225651275e-01
    5.260000e+00    7.2739362217e-01    2.7260637783e-01
    5.280000e+00    7.2704471296e-01    2.7295528704e-01
    5.300000e+00    7.2669674891e-01    2.7330325109e-01
    5.320000e+00    7.2634972006e-01    2.7365027994e-01
    5.340000e+00    7.2600361704e-01    2.7399638296e-01
    5.360000e+00    7.2565843103e-01    2.7434156897e-01
    5.380000e+00    7.2531415364e-01    2.7468584636e-01
    5.400000e+00    7.2497077674e-01    2.7502922326e-01
    5.420000e+00    7.2462829188e-01    2.7537170812e-01
    5.440000e+00    7.2428668990e-01    2.7571331010e-01
    5.460000e+00    7.2394596094e-01    2.7605403906e-01
    5.480000e+00    7.2360609494e-01    2.7639390506e-01
    5.500000e+00    7.2326708216e-01    2.7673291784e-01
    5.520000e+00    7.2292891340e-01    2.7707108660e-01
    5.540000e+00    7.2259158021e-01    2.7740841979e-01
    5.560000e+00    7.2225507485e-01    2.7774492515e-01
    5.580000e+00    7.2191939017e-01    2.7808060983e-01
    5.600000e+00    7.2158451947e-01    2.7841548053e-01
    5.620000e+00    7.2125045641e-01    2.7874954359e-01
    5.640000e+00    7.2091719500e-01    2.7908280500e-01
    5.660000e+00    7.2058472957e-01    2.7941527043e-01
    5.680000e+00    7.2025305461e-01    2.7974694539e-01
    5.700000e+00    7.1992216451e-01    2.8007783549e-01
    5.720000e+00    7.1959205338e-01    2.8040794662e-01
    5.740000e+00    7.1926271504e-01    2.8073728496e-01
    5.760000e+00    7.1893414302e-01    2.8106585698e-01
    5.780000e+00    7.1860633072e-01    2.8139366928e-01
    5.800000e+00    7.1827927146e-01    2.8172072854e-01
    5.820000e+00    7.1795295861e-01    2.8204704139e-01
    5.840000e+00    7.1762738579e-01    2.8237261421e-01
    5.860000e+00    7.1730254687e-01    2.8269745313e-01
    5.880000e+00    7.1697843605e-01    2.8302156395e-01
    5.900000e+00    7.1665504789e-01    2.8334495211e-01
    5.920000e+00    7.1633237737e-01    2.8366762263e-01
    5.940000e+00    7.1601041985e-01    2.8398958015e-01
    5.960000e+00    7.1568917114e-01    2.8431082886e-01
    5.980000e+00    7.1536862742e-01    2.8463137258e-01
    6.000000e+00    7.1504878525e-01    2.8495121475e-01
    6.020000e+00    7.1472964150e-01    2.8527035850e-01
    6.040000e+00    7.1441119332e-01    2.8558880668e-01
    6.060000e+00    7.1409343807e-01    2.8590656193e-01
    6.080000e+00    7.1377637333e-01    2.8622362667e-01
    6.100000e+00    7.1345999685e-01    2.8654000315e-01
    6.120000e+00    7.1314430652e-01    2.8685569348e-01
    6.140000e+00    7.1282930023e-01    2.8717069977e-01
    6.160000e+00    7.1251497577e-01    2.8748502423e-01
    6.180000e+00    7.1220133077e-01    2.8779866923e-01
    6.200000e+00    7.1188836271e-01    2.8811163729e-01
    6.220000e+00    7.1157606900e-01    2.8842393100e-01
    6.240000e+00    7.1126444710e-01    2.8873555290e-01
    6.260000e+00    7.1095349463e-01    2.8904650537e-01
    6.280000e+00    7.1064320940e-01    2.8935679060e-01
    6.300000e+00    7.1033358938e-01    2.8966641062e-01
    6.320000e+00    7.1002463264e-01    2.8997536736e-01
    6.340000e+00    7.0971633734e-01    2.9028366266e-01
    6.360000e+00    7.0940870164e-01    2.9059129836e-01
    6.380000e+00    7.0910172374e-01    2.9089827626e-01
    6.400000e+00    7.0879540184e-01    2.9120459816e-01
    6.420000e+00    7.0848973404e-01    2.9151026596e-01
    6.440000e+00    7.0818471837e-01    2.9181528163e-01
    6.460000e+00    7.0788035274e-01    2.9211964726e-01
    6.480000e+00    7.0757663494e-01    2.9242336506e-01
    6.500000e+00    7.0727356264e-01    2.9272643736e-01
    6.520000e+00    7.0697113342e-01    2.9302886658e-01
    6.540000e+00    7.0666934483e-01    2.9333065517e-01
    6.560000e+00    7.0636819443e-01    2.9363180557e-01
    6.580000e+00    7.0606767978e-01    2.9393232022e-01
    6.600000e+00    7.0576779844e-01    2.9423220156e-01
    6.620000e+00    7.0546854793e-01    2.9453145207e-01
    6.640000e+00    7.0516992577e-01    2.9483007423e-01
    6.660000e+00    7.0487192951e-01    2.9512807049e-01
    6.680000e+00    7.0457455670e-01    2.9542544330e-01
    6.700000e+00    7.0427780493e-01    2.9572219507e-01
    6.720000e+00    7.0398167179e-01    2.9601832821e-01
    6.740000e+00    7.0368615491e-01    2.9631384509e-01
    6.760000e+00    7.0339125194e-01    2.9660874806e-01
    6.780000e+00    7.0309696055e-01    2.9690303945e-01
    6.800000e+00    7.0280327842e-01    2.9719672158e-01
    6.820000e+00    7.0251020328e-01    2.9748979672e-01
    6.840000e+00    7.0221773289e-01    2.9778226711e-01
    6.860000e+00    7.0192586504e-01    2.9807413496e-01
    6.880000e+00    7.0163459760e-01    2.9836540240e-01
    6.900000e+00    7.0134392847e-01    2.9865607153e-01
    6.920000e+00    7.0105385560e-01    2.9894614440e-01
    6.940000e+00    7.0076437701e-01    2.9923562299e-01
    6.960000e+00    7.0047549077e-01    2.9952450923e-01
    6.980000e+00    7.0018719507e-01    2.9981280493e-01
    7.000000e+00    6.9989948820e-01    3.0010051180e-01
    7.020000e+00    6.9961236859e-01    3.0038763141e-01
    7.040000e+00    6.9932583469e-01    3.0067416531e-01
    7.060000e+00    6.9903988502e-01    3.0096011498e-01
    7.080000e+00    6.9875451806e-01    3.0124548194e-01
    7.100000e+00    6.9846973231e-01    3.0153026769e-01
    7.120000e+00    6.9818552621e-01    3.0181447379e-01
    7.140000e+00    6.9790189819e-01    3.0209810181e-01
    7.160000e+00    6.9761884666e-01    3.0238115334e-01
    7.180000e+00    6.9733637003e-01    3.0266362997e-01
    7.200000e+00    6.9705446673e-01    3.0294553327e-01
    7.220000e+00    6.9677313521e-01    3.0322686479e-01
    7.240000e+00    6.9649237385e-01    3.0350762615e-01
    7.260000e+00    6.9621218103e-01    3.0378781897e-01
    7.280000e+00    6.9593255511e-01    3.0406744489e-01
    7.300000e+00    6.9565349445e-01    3.0434650555e-01
    7.320000e+00    6.9537499743e-01    3.0462500257e-01
    7.340000e+00    6.9509706242e-01    3.0490293758e-01
    7.360000e+00    6.9481968774e-01    3.0518031226e-01
    7.380000e+00    6.9454287162e-01    3.0545712838e-01
    7.400000e+00    6.9426661219e-01    3.0573338781e-01
    7.420000e+00    6.9399090745e-01    3.0600909255e-01
    7.440000e+00    6.9371575535e-01    3.0628424465e-01
    7.460000e+00    6.9344115375e-01    3.0655884625e-01
    7.480000e+00    6.9316710048e-01    3.0683289952e-01
    7.500000e+00    6.9289359337e-01    3.0710640663e-01
    7.520000e+00    6.9262063020e-01    3.0737936980e-01
    7.540000e+00    6.9234820875e-01    3.0765179125e-01
    7.560000e+00    6.9207632679e-01    3.0792367321e-01
    7.580000e+00    6.9180498209e-01    3.0819501791e-01
    7.600000e+00    6.9153417238e-01    3.0846582762e-01
    7.620000e+00    6.9126389544e-01    3.0873610456e-01
    7.640000e+00    6.9099414901e-01    3.0900585099e-01
    7.660000e+00    6.9072493085e-01    3.0927506915e-01
    7.680000e+00    6.9045623873e-01    3.0954376127e-01
    7.700000e+00    6.9018807041e-01    3.0981192959e-01
    7.720000e+00    6.8992042368e-01    3.1007957632e-01
    7.740000e+00    6.8965329640e-01    3.1034670360e-01
    7.760000e+00    6.8938668640e-01    3.1061331360e-01
    7.780000e+00    6.8912059137e-01    3.1087940863e-01
    7.800000e+00    6.8885500882e-01    3.1114499118e-01
    7.820000e+00    6.8858993610e-01    3.1141006390e-01
    7.840000e+00    6.8832537054e-01    3.1167462946e-01
    7.860000e+00    6.8806130952e-01    3.1193869048e-01
    7.880000e+00    6.8779775050e-01    3.1220224950e-01
    7.900000e+00    6.8753469105e-01    3.1246530895e-01
    7.920000e+00    6.8727212883e-01    3.1272787117e-01
    7.940000e+00    6.8701006148e-01    3.1298993852e-01
    7.960000e+00    6.8674848647e-01    3.1325151353e-01
    7.980000e+00    6.8648740108e-01    3.1351259892e-01
    8.000000e+00    6.8622680239e-01    3.1377319761e-01
    8.020000e+00    6.8596668734e-01    3.1403331266e-01
    8.040000e+00    6.8570705282e-01    3.1429294718e-01
    8.060000e+00    6.8544789568e-01    3.1455210432e-01
    8.080000e+00    6.8518921279e-01    3.1481078721e-01
    8.100000e+00    6.8493100104e-01    3.1506899896e-01
    8.120000e+00    6.8467325734e-01    3.1532674266e-01
    8.140000e+00    6.8441597868e-01    3.1558402132e-01
    8.160000e+00    6.8415916205e-01    3.1584083795e-01
    8.180000e+00    6.8390280455e-01    3.1609719545e-01
    8.200000e+00    6.8364690329e-01    3.1635309671e-01
    8.220000e+00    6.8339145547e-01    3.1660854453e-01
    8.240000e+00    6.8313645832e-01    3.1686354168e-01
    8.260000e+00    6.8288190912e-01    3.1711809088e-01
    8.280000e+00    6.8262780522e-01    3.1737219478e-01
    8.300000e+00    6.8237414407e-01    3.1762585593e-01
    8.320000e+00    6.8212092323e-01    3.1787907677e-01
    8.340000e+00    6.8186814034e-01    3.1813185966e-01
    8.360000e+00    6.8161579321e-01    3.1838420679e-01
    8.380000e+00    6.8136387972e-01    3.1863612028e-01
    8.400000e+00    6.8111239785e-01    3.1888760215e-01
    8.420000e+00    6.8086134571e-01    3.1913865429e-01
    8.440000e+00    6.8061072145e-01    3.1938927855e-01
    8.460000e+00    6.8036052332e-01    3.1963947668e-01
    8.480000e+00    6.8011074959e-01    3.1988925041e-01
    8.500000e+00    6.7986139858e-01    3.2013860142e-01
    8.520000e+00    6.7961246860e-01    3.2038753140e-01
    8.540000e+00    6.7936395796e-01    3.2063604204e-01
    8.560000e+00    6.7911586501e-01    3.2088413499e-01
    8.580000e+00    6.7886818810e-01    3.2113181190e-01
    8.600000e+00    6.7862092567e-01    3.2137907433e-01
    8.620000e+00    6.7837407619e-01    3.2162592381e-01
    8.640000e+00    6.7812763820e-01    3.2187236180e-01
    8.660000e+00    6.7788161031e-01    3.2211838969e-01
    8.680000e+00    6.7763599118e-01    3.2236400882e-01
    8.700000e+00    6.7739077952e-01    3.2260922048e-01
    8.720000e+00    6.7714597409e-01    3.2285402591e-01
    8.740000e+00    6.7690157371e-01    3.2309842629e-01
    8.760000e+00    6.7665757722e-01    3.2334242278e-01
    8.780000e+00    6.7641398348e-01    3.2358601652e-01
    8.800000e+00    6.7617079134e-01    3.2382920866e-01
    8.820000e+00    6.7592799969e-01    3.2407200031e-01
    8.840000e+00    6.7568560741e-01    3.2431439259e-01
    8.860000e+00    6.7544361339e-01    3.2455638661e-01
    8.880000e+00    6.7520201657e-01    3.2479798343e-01
    8.900000e+00    6.7496081586e-01    3.2503918414e-01
    8.920000e+00    6.7472001022e-01    3.2527998978e-01
    8.940000e+00    6.7447959862e-01    3.2552040138e-01
    8.960000e+00    6.7423958002e-01    3.2576041998e-01
    8.980000e+00    6.7399995341e-01    3.2600004659e-01
    9.000000e+00    6.7376071775e-01    3.2623928225e-01
    9.020000e+00    6.7352187199e-01    3.2647812801e-01
    9.040000e+00    6.7328341505e-01    3.2671658495e-01
    9.060000e+00    6.7304534583e-01    3.2695465417e-01
    9.080000e+00    6.7280766317e-01    3.2719233683e-01
    9.100000e+00    6.7257036586e-01    3.2742963414e-01
    9.120000e+00    6.7233345263e-01    3.2766654737e-01
    9.140000e+00    6.7209692216e-01    3.2790307784e-01
    9.160000e+00    6.7186077306e-01    3.2813922694e-01
    9.180000e+00    6.7162500391e-01    3.2837499609e-01
    9.200000e+00    6.7138961322e-01    3.2861038678e-01
    9.220000e+00    6.7115459949e-01    3.2884540051e-01
    9.240000e+00    6.7091996119e-01    3.2908003881e-01
    9.260000e+00    6.7068569675e-01    3.2931430325e-01
    9.280000e+00    6.7045180461e-01    3.2954819539e-01
    9.300000e+00    6.7021828320e-01    3.2978171680e-01
    9.320000e+00    6.6998513095e-01    3.3001486905e-01
    9.340000e+00    6.6975234628e-01    3.3024765372e-01
    9.360000e+00    6.6951992765e-01    3.3048007235e-01
    9.380000e+00    6.6928787357e-01    3.3071212643e-01
    9.400000e+00    6.6905618265e-01    3.3094381735e-01
    9.420000e+00    6.6882485373e-01    3.3117514627e-01
    9.440000e+00    6.6859388595e-01    3.3140611405e-01
    9.460000e+00    6.6836327875e-01    3.3163672125e-01
    9.480000e+00    6.6813303179e-01    3.3186696821e-01
    9.500000e+00    6.6790314481e-01    3.3209685519e-01
    9.520000e+00    6.6767361751e-01    3.3232638249e-01
    9.540000e+00    6.6744444950e-01    3.3255555050e-01
    9.560000e+00    6.6721564031e-01    3.3278435969e-01
    9.580000e+00    6.6698718948e-01    3.3301281052e-01
    9.600000e+00    6.6675909654e-01    3.3324090346e-01
    9.620000e+00    6.6653136097e-01    3.3346863903e-01
    9.640000e+00    6.6630398221e-01    3.3369601779e-01
    9.660000e+00    6.6607695967e-01    3.3392304033e-01
    9.680000e+00    6.6585029268e-01    3.3414970732e-01
    9.700000e+00    6.6562398060e-01    3.3437601940e-01
    9.720000e+00    6.6539802271e-01    3.3460197729e-01
    9.740000e+00    6.6517241831e-01    3.3482758169e-01
    9.760000e+00    6.6494716666e-01    3.3505283334e-01
    9.780000e+00    6.6472226703e-01    3.3527773297e-01
    9.800000e+00    6.6449771869e-01    3.3550228131e-01
    9.820000e+00    6.6427352090e-01    3.3572647910e-01
    9.840000e+00    6.6404967290e-01    3.3595032710e-01
    9.860000e+00    6.6382617396e-01    3.3617382604e-01
    9.880000e+00    6.6360302331e-01    3.3639697669e-01
    9.900000e+00    6.6338022020e-01    3.3661977980e-01
    9.920000e+00    6.6315776386e-01    3.3684223614e-01
    9.940000e+00    6.6293565353e-01    3.3706434647e-01
    9.960000e+00    6.6271388844e-01    3.3728611156e-01
    9.980000e+00    6.6249246784e-01    3.3750753216e-01
    1.000000e+01    6.6227139097e-01    3.3772860903e-01
    1.002000e+01    6.6205065702e-01    3.3794934298e-01
    1.004000e+01    6.6183026512e-01    3.3816973488e-01
    1.006000e+01    6.6161021436e-01    3.3838978564e-01
    1.008000e+01    6.6139050379e-01    3.3860949621e-01
    1.010000e+01    6.6117113246e-01    3.3882886754e-01
    1.012000e+01    6.6095209944e-01    3.3904790056e-01
    1.014000e+01    6.6073340383e-01    3.3926659617e-01
    1.016000e+01    6.6051504475e-01    3.3948495525e-01
    1.018000e+01    6.6029702132e-01    3.3970297868e-01
    1.020000e+01    6.6007933271e-01    3.3992066729e-01
    1.022000e+01    6.5986197810e-01    3.4013802190e-01
    1.024000e+01    6.5964495669e-01    3.4035504331e-01
    1.026000e+01    6.5942826769e-01    3.4057173231e-01
    1.028000e+01    6.5921191034e-01    3.4078808966e-01
    1.030000e+01    6.5899588388e-01    3.4100411612e-01
    1.032000e+01    6.5878018757e-01    3.4121981243e-01
    1.034000e+01    6.5856482067e-01    3.4143517933e-01
    1.036000e+01    6.5834978249e-01    3.4165021751e-01
    1.038000e+01    6.5813507240e-01    3.4186492760e-01
    1.040000e+01    6.5792068977e-01    3.4207931023e-01
    1.042000e+01    6.5770663402e-01    3.4229336598e-01
    1.044000e+01    6.5749290454e-01    3.4250709546e-01
    1.046000e+01    6.5727950075e-01    3.4272049925e-01
    1.048000e+01    6.5706642206e-01    3.4293357794e-01
    1.050000e+01    6.5685366788e-01    3.4314633212e-01
    1.052000e+01    6.5664123776e-01    3.4335876224e-01
    1.054000e+01    6.5642913152e-01    3.4357086848e-01
    1.056000e+01    6.5621734940e-01    3.4378265060e-01
    1.058000e+01    6.5600589193e-01    3.4399410807e-01
    1.060000e+01    6.5579475979e-01    3.4420524021e-01
    1.062000e+01    6.5558395364e-01    3.4441604636e-01
    1.064000e+01    6.5537347403e-01    3.4462652597e-01
    1.066000e+01    6.5516332140e-01    3.4483667860e-01
    1.068000e+01    6.5495349598e-01    3.4504650402e-01
    1.070000e+01    6.5474399789e-01    3.4525600211e-01
    1.072000e+01    6.5453482707e-01    3.4546517293e-01
    1.074000e+01    6.5432598337e-01    3.4567401663e-01
    1.076000e+01    6.5411746649e-01    3.4588253351e-01
    1.078000e+01    6.5390927606e-01    3.4609072394e-01
    1.080000e+01    6.5370141161e-01    3.4629858839e-01
    1.082000e+01    6.5349387259e-01    3.4650612741e-01
    1.084000e+01    6.5328665846e-01    3.4671334154e-01
    1.086000e+01    6.5307976868e-01    3.4692023132e-01
    1.088000e+01    6.5287320273e-01    3.4712679727e-01
    1.090000e+01    6.5266696001e-01    3.4733303999e-01
    1.092000e+01    6.5246103986e-01    3.4753896014e-01
    1.094000e+01    6.5225544155e-01    3.4774455845e-01
    1.096000e+01    6.5205016433e-01    3.4794983567e-01
    1.098000e+01    6.5184520740e-01    3.4815479260e-01
    1.100000e+01    6.5164056999e-01    3.4835943001e-01
    1.102000e+01    6.5143625132e-01    3.4856374868e-01
    1.104000e+01    6.5123225060e-01    3.4876774940e-01
    1.106000e+01    6.5102856705e-01    3.4897143295e-01
    1.108000e+01    6.5082519990e-01    3.4917480010e-01
    1.110000e+01    6.5062214838e-01    3.4937785162e-01
    1.112000e+01    6.5041941174e-01    3.4958058826e-01
    1.114000e+01    6.5021698923e-01    3.4978301077e-01
    1.116000e+01    6.5001488014e-01    3.4998511986e-01
    1.118000e+01    6.4981308374e-01    3.5018691626e-01
    1.120000e+01    6.4961159933e-01    3.5038840067e-01
    1.122000e+01    6.4941042622e-01    3.5058957378e-01
    1.124000e+01    6.4920956370e-01    3.5079043630e-01
    1.126000e+01    6.4900901107e-01    3.5099098893e-01
    1.128000e+01    6.4880876763e-01    3.5119123237e-01
    1.130000e+01    6.4860883265e-01    3.5139116735e-01
    1.132000e+01    6.4840920541e-01    3.5159079459e-01
    1.134000e+01    6.4820988515e-01    3.5179011485e-01
    1.136000e+01    6.4801087112e-01    3.5198912888e-01
    1.138000e+01    6.4781216254e-01    3.5218783746e-01
    1.140000e+01    6.4761375862e-01    3.5238624138e-01
    1.142000e+01    6.4741565857e-01    3.5258434143e-01
    1.144000e+01    6.4721786155e-01    3.5278213845e-01
    1.146000e+01    6.4702036673e-01    3.5297963327e-01
    1.148000e+01    6.4682317324e-01    3.5317682676e-01
    1.150000e+01    6.4662628022e-01    3.5337371978e-01
    1.152000e+01    6.4642968679e-01    3.5357031321e-01
    1.154000e+01    6.4623339209e-01    3.5376660791e-01
    1.156000e+01    6.4603739526e-01    3.5396260474e-01
    1.158000e+01    6.4584169543e-01    3.5415830457e-01
    1.160000e+01    6.4564629175e-01    3.5435370825e-01
    1.162000e+01    6.4545118337e-01    3.5454881663e-01
    1.164000e+01    6.4525636943e-01    3.5474363057e-01
    1.166000e+01    6.4506184908e-01    3.5493815092e-01
    1.168000e+01    6.4486762144e-01    3.5513237856e-01
    1.170000e+01    6.4467368562e-01    3.5532631438e-01
    1.172000e+01    6.4448004073e-01    3.5551995927e-01
    1.174000e+01    6.4428668582e-01    3.5571331418e-01
    1.176000e+01    6.4409361995e-01    3.5590638005e-01
    1.178000e+01    6.4390084207e-01    3.5609915793e-01
    1.180000e+01    6.4370835102e-01    3.5629164898e-01
    1.182000e+01    6.4351614536e-01    3.5648385464e-01
    1.184000e+01    6.4332422347e-01    3.5667577653e-01
    1.186000e+01    6.4313258358e-01    3.5686741642e-01
    1.188000e+01    6.4294122390e-01    3.5705877610e-01
    1.190000e+01    6.4275014266e-01    3.5724985734e-01
    1.192000e+01    6.4255933819e-01    3.5744066181e-01
    1.194000e+01    6.4236880888e-01    3.5763119112e-01
    1.196000e+01    6.4217855326e-01    3.5782144674e-01
    1.198000e+01    6.4198856997e-01    3.5801143003e-01
    1.200000e+01    6.4179885773e-01    3.5820114227e-01
    1.202000e+01    6.4160941536e-01    3.5839058464e-01
    1.204000e+01    6.4142024179e-01    3.5857975821e-01
    1.206000e+01    6.4123133599e-01    3.5876866401e-01
    1.208000e+01    6.4104269703e-01    3.5895730297e-01
    1.210000e+01    6.4085432402e-01    3.5914567598e-01
    1.212000e+01    6.4066621614e-01    3.5933378386e-01
    1.214000e+01    6.4047837259e-01    3.5952162741e-01
    1.216000e+01    6.4029079263e-01    3.5970920737e-01
    1.218000e+01    6.4010347555e-01    3.5989652445e-01
    1.220000e+01    6.3991642070e-01    3.6008357930e-01
    1.222000e+01    6.3972962749e-01    3.6027037251e-01
    1.224000e+01    6.3954309539e-01    3.6045690461e-01
    1.226000e+01    6.3935682390e-01    3.6064317610e-01
    1.228000e+01    6.3917081258e-01    3.6082918742e-01
    1.230000e+01    6.3898506102e-01    3.6101493898e-01
    1.232000e+01    6.3879956884e-01    3.6120043116e-01
    1.234000e+01    6.3861433567e-01    3.6138566433e-01
    1.236000e+01    6.3842936115e-01    3.6157063885e-01
    1.238000e+01    6.3824464494e-01    3.6175535506e-01
    1.240000e+01    6.3806018670e-01    3.6193981330e-01
    1.242000e+01    6.3787598608e-01    3.6212401392e-01
    1.244000e+01    6.3769204274e-01    3.6230795726e-01
    1.246000e+01    6.3750835633e-01    3.6249164367e-01
    1.248000e+01    6.3732492651e-01    3.6267507349e-01
    1.250000e+01    6.3714175292e-01    3.6285824708e-01
    1.252000e+01    6.3695883519e-01    3.6304116481e-01
    1.254000e+01    6.3677617297e-01    3.6322382703e-01
    1.256000e+01    6.3659376587e-01    3.6340623413e-01
    1.258000e+01    6.3641161351e-01    3.6358838649e-01
    1.260000e+01    6.3622971552e-01    3.6377028448e-01
    1.262000e+01    6.3604807150e-01    3.6395192850e-01
    1.264000e+01    6.3586668106e-01    3.6413331894e-01
    1.266000e+01    6.3568554380e-01    3.6431445620e-01
    1.268000e+01    6.3550465932e-01    3.6449534068e-01
    1.270000e+01    6.3532402720e-01    3.6467597280e-01
    1.272000e+01    6.3514364705e-01    3.6485635295e-01
    1.274000e+01    6.3496351844e-01    3.6503648156e-01
    1.276000e+01    6.3478364097e-01    3.6521635903e-01
    1.278000e+01    6.3460401421e-01    3.6539598579e-01
    1.280000e+01    6.3442463772e-01    3.6557536228e-01
    1.282000e+01    6.3424551099e-01    3.6575448901e-01
    1.284000e+01    6.3406663349e-01    3.6593336651e-01
    1.286000e+01    6.3388800466e-01    3.6611199534e-01
    1.288000e+01    6.3370962389e-01    3.6629037611e-01
    1.290000e+01    6.3353149059e-01    3.6646850941e-01
    1.292000e+01    6.3335360415e-01    3.6664639585e-01
    1.294000e+01    6.3317596396e-01    3.6682403604e-01
    1.296000e+01    6.3299856943e-01    3.6700143057e-01
    1.298000e+01    6.3282141996e-01    3.6717858004e-01
    1.300000e+01    6.3264451500e-01    3.6735548500e-01
    1.302000e+01    6.3246785397e-01    3.6753214603e-01
    1.304000e+01    6.3229143634e-01    3.6770856366e-01
    1.306000e+01    6.3211526158e-01    3.6788473842e-01
    1.308000e+01    6.3193932917e-01    3.6806067083e-01
    1.310000e+01    6.3176363861e-01    3.6823636139e-01
    1.312000e+01    6.3158818941e-01    3.6841181059e-01
    1.314000e+01    6.3141298109e-01    3.6858701891e-01
    1.316000e+01    6.3123801315e-01    3.6876198685e-01
    1.318000e+01    6.3106328511e-01    3.6893671489e-01
    1.320000e+01    6.3088879646e-01    3.6911120354e-01
    1.322000e+01    6.3071454670e-01    3.6928545330e-01
    1.324000e+01    6.3054053534e-01    3.6945946466e-01
    1.326000e+01    6.3036676192e-01    3.6963323808e-01
    1.328000e+01    6.3019322596e-01    3.6980677404e-01
    1.330000e+01    6.3001992702e-01    3.6998007298e-01
    1.332000e+01    6.2984686467e-01    3.7015313533e-01
    1.334000e+01    6.2967403849e-01    3.7032596151e-01
    1.336000e+01    6.2950144808e-01    3.7049855192e-01
    1.338000e+01    6.2932909301e-01    3.7067090699e-01
    1.340000e+01    6.2915697290e-01    3.7084302710e-01
    1.342000e+01    6.2898508736e-01    3.7101491264e-01
    1.344000e+01    6.2881343600e-01    3.7118656400e-01
    1.346000e+01    6.2864201846e-01    3.7135798154e-01
    1.348000e+01    6.2847083436e-01    3.7152916564e-01
    1.350000e+01    6.2829988336e-01    3.7170011664e-01
    1.352000e+01    6.2812916511e-01    3.7187083489e-01
    1.354000e+01    6.2795867925e-01    3.7204132075e-01
    1.356000e+01    6.2778842541e-01    3.7221157459e-01
    1.358000e+01    6.2761840322e-01    3.7238159678e-01
    1.360000e+01    6.2744861230e-01    3.7255138770e-01
    1.362000e+01    6.2727905225e-01    3.7272094775e-01
    1.364000e+01    6.2710972269e-01    3.7289027731e-01
    1.366000e+01    6.2694062322e-01    3.7305937678e-01
    1.368000e+01    6.2677175345e-01    3.7322824655e-01
    1.370000e+01    6.2660311300e-01    3.7339688700e-01
    1.372000e+01    6.2643470148e-01    3.7356529852e-01
    1.374000e+01    6.2626651851e-01    3.7373348149e-01
    1.376000e+01    6.2609856373e-01    3.7390143627e-01
    1.378000e+01    6.2593083675e-01    3.7406916325e-01
    1.380000e+01    6.2576333723e-01    3.7423666277e-01
    1.382000e+01    6.2559606475e-01    3.7440393525e-01
    1.384000e+01    6.2542901891e-01    3.7457098109e-01
    1.386000e+01    6.2526219924e-01    3.7473780076e-01
    1.388000e+01    6.2509560528e-01    3.7490439472e-01
    1.390000e+01    6.2492923663e-01    3.7507076337e-01
    1.392000e+01    6.2476309289e-01    3.7523690711e-01
    1.394000e+01    6.2459717368e-01    3.7540282632e-01
    1.396000e+01    6.2443147866e-01    3.7556852134e-01
    1.398000e+01    6.2426600747e-01    3.7573399253e-01
    1.400000e+01    6.2410075980e-01    3.7589924020e-01
    1.402000e+01    6.2393573532e-01    3.7606426468e-01
    1.404000e+01    6.2377093372e-01    3.7622906628e-01
    1.406000e+01    6.2360635470e-01    3.7639364530e-01
    1.408000e+01    6.2344199795e-01    3.7655800205e-01
    1.410000e+01    6.2327786319e-01    3.7672213681e-01
    1.412000e+01    6.2311395010e-01    3.7688604990e-01
    1.414000e+01    6.2295025841e-01    3.7704974159e-01
    1.416000e+01    6.2278678782e-01    3.7721321218e-01
    1.418000e+01    6.2262353804e-01    3.7737646196e-01
    1.420000e+01    6.2246050878e-01    3.7753949122e-01
    1.422000e+01    6.2229769974e-01    3.7770230026e-01
    1.424000e+01    6.2213511065e-01    3.7786488935e-01
    1.426000e+01    6.2197274119e-01    3.7802725881e-01
    1.428000e+01    6.2181059108e-01    3.7818940892e-01
    1.430000e+01    6.2164866002e-01    3.7835133998e-01
    1.432000e+01    6.2148694772e-01    3.7851305228e-01
    1.434000e+01    6.2132545388e-01    3.7867454612e-01
    1.436000e+01    6.2116417821e-01    3.7883582179e-01
    1.438000e+01    6.2100312040e-01    3.7899687960e-01
    1.440000e+01    6.2084228016e-01    3.7915771984e-01
    1.442000e+01    6.2068165720e-01    3.7931834280e-01
    1.444000e+01    6.2052125122e-01    3.7947874878e-01
    1.446000e+01    6.2036106193e-01    3.7963893807e-01
    1.448000e+01    6.2020108903e-01    3.7979891097e-01
    1.450000e+01    6.2004133224e-01    3.7995866776e-01
    1.452000e+01    6.1988179126e-01    3.8011820874e-01
    1.454000e+01    6.1972246580e-01    3.8027753420e-01
    1.456000e+01    6.1956335558e-01    3.8043664442e-01
    1.458000e+01    6.1940446029e-01    3.8059553971e-01
    1.460000e+01    6.1924577964e-01    3.8075422036e-01
    1.462000e+01    6.1908731336e-01    3.8091268664e-01
    1.464000e+01    6.1892906114e-01    3.8107093886e-01
    1.466000e+01    6.1877102270e-01    3.8122897730e-01
    1.468000e+01    6.1861319776e-01    3.8138680224e-01
    1.470000e+01    6.1845558602e-01    3.8154441398e-01
    1.472000e+01    6.1829818722e-01    3.8170181278e-01
    1.474000e+01    6.1814100106e-01    3.8185899894e-01
    1.476000e+01    6.1798402728e-01    3.8201597272e-01
    1.478000e+01    6.1782726558e-01    3.8217273442e-01
    1.480000e+01    6.1767071570e-01    3.8232928430e-01
    1.482000e+01    6.1751437735e-01    3.8248562265e-01
    1.484000e+01    6.1735825028e-01    3.8264174972e-01
    1.486000e+01    6.1720233429e-01    3.8279766571e-01
    1.488000e+01    6.1704662936e-01    3.8295337064e-01
    1.490000e+01    6.1689113565e-01    3.8310886435e-01
    1.492000e+01    6.1673585351e-01    3.8326414649e-01
    1.494000e+01    6.1658078344e-01    3.8341921656e-01
    1.496000e+01    6.1642592598e-01    3.8357407402e-01
    1.498000e+01    6.1627128170e-01    3.8372871830e-01
    1.500000e+01    6.1611685115e-01    3.8388314885e-01
    1.502000e+01    6.1596263484e-01    3.8403736516e-01
    1.504000e+01    6.1580863324e-01    3.8419136676e-01
    1.506000e+01    6.1565484676e-01    3.8434515324e-01
    1.508000e+01    6.1550127575e-01    3.8449872425e-01
    1.510000e+01    6.1534792053e-01    3.8465207947e-01
    1.512000e+01    6.1519478133e-01    3.8480521867e-01
    1.514000e+01    6.1504185834e-01    3.8495814166e-01
    1.516000e+01    6.1488915170e-01    3.8511084830e-01
    1.518000e+01    6.1473666151e-01    3.8526333849e-01
    1.520000e+01    6.1458438780e-01    3.8541561220e-01
    1.522000e+01    6.1443233058e-01    3.8556766942e-01
    1.524000e+01    6.1428048981e-01    3.8571951019e-01
    1.526000e+01    6.1412886544e-01    3.8587113456e-01
    1.528000e+01    6.1397745737e-01    3.8602254263e-01
    1.530000e+01    6.1382626549e-01    3.8617373451e-01
    1.532000e+01    6.1367528968e-01    3.8632471032e-01
    1.534000e+01    6.1352452979e-01    3.8647547021e-01
    1.536000e+01    6.1337398568e-01    3.8662601432e-01
    1.538000e+01    6.1322365717e-01    3.8677634283e-01
    1.540000e+01    6.1307354407e-01    3.8692645593e-01
    1.542000e+01    6.1292364619e-01    3.8707635381e-01
    1.544000e+01    6.1277396333e-01    3.8722603667e-01
    1.546000e+01    6.1262449530e-01    3.8737550470e-01
    1.548000e+01    6.1247524192e-01    3.8752475808e-01
    1.550000e+01    6.1232620303e-01    3.8767379697e-01
    1.552000e+01    6.1217737847e-01    3.8782262153e-01
    1.554000e+01    6.1202876806e-01    3.8797123194e-01
    1.556000e+01    6.1188037161e-01    3.8811962839e-01
    1.558000e+01    6.1173218891e-01    3.8826781109e-01
    1.560000e+01    6.1158421975e-01    3.8841578025e-01
    1.562000e+01    6.1143646390e-01    3.8856353610e-01
    1.564000e+01    6.1128892112e-01    3.8871107888e-01
    1.566000e+01    6.1114159117e-01    3.8885840883e-01
    1.568000e+01    6.1099447379e-01    3.8900552621e-01
    1.570000e+01    6.1084756873e-01    3.8915243127e-01
    1.572000e+01    6.1070087570e-01    3.8929912430e-01
    1.574000e+01    6.1055439443e-01    3.8944560557e-01
    1.576000e+01    6.1040812462e-01    3.8959187538e-01
    1.578000e+01    6.1026206599e-01    3.8973793401e-01
    1.580000e+01    6.1011621824e-01    3.8988378176e-01
    1.582000e+01    6.0997058105e-01    3.9002941895e-01
    1.584000e+01    6.0982515413e-01    3.9017484587e-01
    1.586000e+01    6.0967993716e-01    3.9032006284e-01
    1.588000e+01    6.0953492983e-01    3.9046507017e-01
    1.590000e+01    6.0939013178e-01    3.9060986822e-01
    1.592000e+01    6.0924554263e-01    3.9075445737e-01
    1.594000e+01    6.0910116195e-01    3.9089883805e-01
    1.596000e+01    6.0895698928e-01    3.9104301072e-01
    1.598000e+01    6.0881302411e-01    3.9118697589e-01
    1.600000e+01    6.0866926593e-01    3.9133073407e-01
    1.602000e+01    6.0852571422e-01    3.9147428578e-01
    1.604000e+01    6.0838236844e-01    3.9161763156e-01
    1.606000e+01    6.0823922807e-01    3.9176077193e-01
    1.608000e+01    6.0809629259e-01    3.9190370741e-01
    1.610000e+01    6.0795356149e-01    3.9204643851e-01
    1.612000e+01    6.0781103425e-01    3.9218896575e-01
    1.614000e+01    6.0766871041e-01    3.9233128959e-01
    1.616000e+01    6.0752658949e-01    3.9247341051e-01
    1.618000e+01    6.0738467105e-01    3.9261532895e-01
    1.620000e+01    6.0724295469e-01    3.9275704531e-01
    1.622000e+01    6.0710144002e-01    3.9289855998e-01
    1.624000e+01    6.0696012669e-01    3.9303987331e-01
    1.626000e+01    6.0681901437e-01    3.9318098563e-01
    1.628000e+01    6.0667810276e-01    3.9332189724e-01
    1.630000e+01    6.0653739159e-01    3.9346260841e-01
    1.632000e+01    6.0639688061e-01    3.9360311939e-01
    1.634000e+01    6.0625656957e-01    3.9374343043e-01
    1.636000e+01    6.0611645828e-01    3.9388354172e-01
    1.638000e+01    6.0597654652e-01    3.9402345348e-01
    1.640000e+01    6.0583683413e-01    3.9416316587e-01
    1.642000e+01    6.0569732092e-01    3.9430267908e-01
    1.644000e+01    6.0555800674e-01    3.9444199326e-01
    1.646000e+01    6.0541889143e-01    3.9458110857e-01
    1.648000e+01    6.0527997484e-01    3.9472002516e-01
    1.650000e+01    6.0514125683e-01    3.9485874317e-01
    1.652000e+01    6.0500273726e-01    3.9499726274e-01
    1.654000e+01    6.0486441597e-01    3.9513558403e-01
    1.656000e+01    6.0472629282e-01    3.9527370718e-01
    1.658000e+01    6.0458836767e-01    3.9541163233e-01
    1.660000e+01    6.0445064037e-01    3.9554935963e-01
    1.662000e+01    6.0431311075e-01    3.9568688925e-01
    1.664000e+01    6.0417577866e-01    3.9582422134e-01
    1.666000e+01    6.0403864394e-01    3.9596135606e-01
    1.668000e+01    6.0390170641e-01    3.9609829359e-01
    1.670000e+01    6.0376496591e-01    3.9623503409e-01
    1.672000e+01    6.0362842224e-01    3.9637157776e-01
    1.674000e+01    6.0349207521e-01    3.9650792479e-01
    1.676000e+01    6.0335592465e-01    3.9664407535e-01
    1.678000e+01    6.0321997033e-01    3.9678002967e-01
    1.680000e+01    6.0308421206e-01    3.9691578794e-01
    1.682000e+01    6.0294864963e-01    3.9705135037e-01
    1.684000e+01    6.0281328281e-01    3.9718671719e-01
    1.686000e+01    6.0267811137e-01    3.9732188863e-01
    1.688000e+01    6.0254313508e-01    3.9745686492e-01
    1.690000e+01    6.0240835371e-01    3.9759164629e-01
    1.692000e+01    6.0227376702e-01    3.9772623298e-01
    1.694000e+01    6.0213937474e-01    3.9786062526e-01
    1.696000e+01    6.0200517662e-01    3.9799482338e-01
    1.698000e+01    6.0187117238e-01    3.9812882762e-01
    1.700000e+01    6.0173736176e-01    3.9826263824e-01
    1.702000e+01    6.0160374447e-01    3.9839625553e-01
    1.704000e+01    6.0147032022e-01    3.9852967978e-01
    1.706000e+01    6.0133708873e-01    3.9866291127e-01
    1.708000e+01    6.0120404970e-01    3.9879595030e-01
    1.710000e+01    6.0107120284e-01    3.9892879716e-01
    1.712000e+01    6.0093854786e-01    3.9906145214e-01
    1.714000e+01    6.0080608445e-01    3.9919391555e-01
    1.716000e+01    6.0067381231e-01    3.9932618769e-01
    1.718000e+01    6.0054173113e-01    3.9945826887e-01
    1.720000e+01    6.0040984061e-01    3.9959015939e-01
    1.722000e+01    6.0027814042e-01    3.9972185958e-01
    1.724000e+01    6.0014663025e-01    3.9985336975e-01
    1.726000e+01    6.0001530979e-01    3.9998469021e-01
    1.728000e+01    5.9988417871e-01    4.0011582129e-01
    1.730000e+01    5.9975323670e-01    4.0024676330e-01
    1.732000e+01    5.9962248343e-01    4.0037751657e-01
    1.734000e+01    5.9949191858e-01    4.0050808142e-01
    1.736000e+01    5.9936154181e-01    4.0063845819e-01
    1.738000e+01    5.9923135279e-01    4.0076864721e-01
    1.740000e+01    5.9910135121e-01    4.0089864879e-01
    1.742000e+01    5.9897153671e-01    4.0102846329e-01
    1.744000e+01    5.9884190898e-01    4.0115809102e-01
    1.746000e+01    5.9871246768e-01    4.0128753232e-01
    1.748000e+01    5.9858321247e-01    4.0141678753e-01
    1.750000e+01    5.9845414301e-01    4.0154585699e-01
    1.752000e+01    5.9832525898e-01    4.0167474102e-01
    1.754000e+01    5.9819656003e-01    4.0180343997e-01
    1.756000e+01    5.9806804583e-01    4.0193195417e-01
    1.758000e+01    5.9793971604e-01    4.0206028396e-01
    1.760000e+01    5.9781157032e-01    4.0218842968e-01
    1.762000e+01    5.9768360834e-01    4.0231639166e-01
    1.764000e+01    5.9755582977e-01    4.0244417023e-01
    1.766000e+01    5.9742823425e-01    4.0257176575e-01
    1.768000e+01    5.9730082147e-01    4.0269917853e-01
    1.770000e+01    5.9717359109e-01    4.0282640891e-01
    1.772000e+01    5.9704654276e-01    4.0295345724e-01
    1.774000e+01    5.9691967617e-01    4.0308032383e-01
    1.776000e+01    5.9679299097e-01    4.0320700903e-01
    1.778000e+01    5.9666648684e-01    4.0333351316e-01
    1.780000e+01    5.9654016345e-01    4.0345983655e-01
    1.782000e+01    5.9641402046e-01    4.0358597954e-01
    1.784000e+01    5.9628805756e-01    4.0371194244e-01
    1.786000e+01    5.9616227440e-01    4.0383772560e-01
    1.788000e+01    5.9603667069e-01    4.0396332931e-01
    1.790000e+01    5.9591124607e-01    4.0408875393e-01
    1.792000e+01    5.9578600025e-01    4.0421399975e-01
    1.794000e+01    5.9566093287e-01    4.0433906713e-01
    1.796000e+01    5.9553604363e-01    4.0446395637e-01
    1.798000e+01    5.9541133220e-01    4.0458866780e-01
    1.800000e+01    5.9528679826e-01    4.0471320174e-01
    1.802000e+01    5.9516244150e-01    4.0483755850e-01
    1.804000e+01    5.9503826159e-01    4.0496173841e-01
    1.806000e+01    5.9491425824e-01    4.0508574176e-01
    1.808000e+01    5.9479043112e-01    4.0520956888e-01
    1.810000e+01    5.9466677994e-01    4.0533322006e-01
    1.812000e+01    5.9454330438e-01    4.0545669562e-01
    1.814000e+01    5.9442000414e-01    4.0557999586e-01
    1.816000e+01    5.9429687892e-01    4.0570312108e-01
    1.818000e+01    5.9417392842e-01    4.0582607158e-01
    1.820000e+01    5.9405115234e-01    4.0594884766e-01
    1.822000e+01    5.9392855038e-01    4.0607144962e-01
    1.824000e+01    5.9380612224e-01    4.0619387776e-01
    1.826000e+01    5.9368386762e-01    4.0631613238e-01
    1.828000e+01    5.9356178624e-01    4.0643821376e-01
    1.830000e+01    5.9343987781e-01    4.0656012219e-01
    1.832000e+01    5.9331814202e-01    4.0668185798e-01
    1.834000e+01    5.9319657859e-01    4.0680342141e-01
    1.836000e+01    5.9307518723e-01    4.0692481277e-01
    1.838000e+01    5.9295396765e-01    4.0704603235e-01
    1.840000e+01    5.9283291953e-01    4.0716708047e-01
    1.842000e+01    5.9271204257e-01    4.0728795743e-01
    1.844000e+01    5.9259133647e-01    4.0740866353e-01
    1.846000e+01    5.9247080091e-01    4.0752919909e-01
    1.848000e+01    5.9235043559e-01    4.0764956441e-01
    1.850000e+01    5.9223024019e-01    4.0776975981e-01
    1.852000e+01    5.9211021443e-01    4.0788978557e-01
    1.854000e+01    5.9199035799e-01    4.0800964201e-01
    1.856000e+01    5.9187067058e-01    4.0812932942e-01
    1.858000e+01    5.9175115191e-01    4.0824884809e-01
    1.860000e+01    5.9163180170e-01    4.0836819830e-01
    1.862000e+01    5.9151261965e-01    4.0848738035e-01
    1.864000e+01    5.9139360548e-01    4.0860639452e-01
    1.866000e+01    5.9127475891e-01    4.0872524109e-01
    1.868000e+01    5.9115607967e-01    4.0884392033e-01
    1.870000e+01    5.9103756747e-01    4.0896243253e-01
    1.872000e+01    5.9091922204e-01    4.0908077796e-01
    1.874000e+01    5.9080104311e-01    4.0919895689e-01
    1.876000e+01    5.9068303041e-01    4.0931696959e-01
    1.878000e+01    5.9056518366e-01    4.0943481634e-01
    1.880000e+01    5.9044750259e-01    4.0955249741e-01
    1.882000e+01    5.9032998691e-01    4.0967001309e-01
    1.884000e+01    5.9021263637e-01    4.0978736363e-01
    1.886000e+01    5.9009545068e-01    4.0990454932e-01
    1.888000e+01    5.8997842957e-01    4.1002157043e-01
    1.890000e+01    5.8986157277e-01    4.1013842723e-01
    1.892000e+01    5.8974488000e-01    4.1025512000e-01
    1.894000e+01    5.8962835100e-01    4.1037164900e-01
    1.896000e+01    5.8951198548e-01    4.1048801452e-01
    1.898000e+01    5.8939578318e-01    4.1060421682e-01
    1.900000e+01    5.8927974382e-01    4.1072025618e-01
    1.902000e+01    5.8916386714e-01    4.1083613286e-01
    1.904000e+01    5.8904815285e-01    4.1095184715e-01
    1.906000e+01    5.8893260070e-01    4.1106739930e-01
    1.908000e+01    5.8881721039e-01    4.1118278961e-01
    1.910000e+01    5.8870198168e-01    4.1129801832e-01
    1.912000e+01    5.8858691428e-01    4.1141308572e-01
    1.914000e+01    5.8847200792e-01    4.1152799208e-01
    1.916000e+01    5.8835726235e-01    4.1164273765e-01
    1.918000e+01    5.8824267730e-01    4.1175732270e-01
    1.920000e+01    5.8812825251e-01    4.1187174749e-01
    1.922000e+01    5.8801398774e-01    4.1198601226e-01
    1.924000e+01    5.8789988277e-01    4.1210011723e-01
    1.926000e+01    5.8778593737e-01    4.1221406263e-01
    1.928000e+01    5.8767215132e-01    4.1232784868e-01
    1.930000e+01    5.8755852439e-01    4.1244147561e-01
    1.932000e+01    5.8744505636e-01    4.1255494364e-01
    1.934000e+01    5.8733174700e-01    4.1266825300e-01
    1.936000e+01    5.8721859608e-01    4.1278140392e-01
    1.938000e+01    5.8710560338e-01    4.1289439662e-01
    1.940000e+01    5.8699276866e-01    4.1300723134e-01
    1.942000e+01    5.8688009169e-01    4.1311990831e-01
    1.944000e+01    5.8676757225e-01    4.1323242775e-01
    1.946000e+01    5.8665521010e-01    4.1334478990e-01
    1.948000e+01    5.8654300501e-01    4.1345699499e-01
    1.950000e+01    5.8643095675e-01    4.1356904325e-01
    1.952000e+01    5.8631906509e-01    4.1368093491e-01
    1.954000e+01    5.8620732979e-01    4.1379267021e-01
    1.956000e+01    5.8609575063e-01    4.1390424937e-01
    1.958000e+01    5.8598432735e-01    4.1401567265e-01
    1.960000e+01    5.8587305974e-01    4.1412694026e-01
    1.962000e+01    5.8576194754e-01    4.1423805246e-01
    1.964000e+01    5.8565099052e-01    4.1434900948e-01
    1.966000e+01    5.8554018843e-01    4.1445981157e-01
    1.968000e+01    5.8542954103e-01    4.1457045897e-01
    1.970000e+01    5.8531904808e-01    4.1468095192e-01
    1.972000e+01    5.8520870931e-01    4.1479129069e-01
    1.974000e+01    5.8509852449e-01    4.1490147551e-01
    1.976000e+01    5.8498849336e-01    4.1501150664e-01
    1.978000e+01    5.8487861567e-01    4.1512138433e-01
    1.980000e+01    5.8476889116e-01    4.1523110884e-01
    1.982000e+01    5.8465931958e-01    4.1534068042e-01
    1.984000e+01    5.8454990066e-01    4.1545009934e-01
    1.986000e+01    5.8444063416e-01    4.1555936584e-01
    1.988000e+01    5.8433151982e-01    4.1566848018e-01
    1.990000e+01    5.8422255738e-01    4.1577744262e-01
    1.992000e+01    5.8411374658e-01    4.1588625342e-01
    1.994000e+01    5.8400508717e-01    4.1599491283e-01
    1.996000e+01    5.8389657888e-01    4.1610342112e-01
    1.998000e+01    5.8378822146e-01    4.1621177854e-01
    2.000000e+01    5.8368001465e-01    4.1631998535e-01
    2.002000e+01    5.8357195820e-01    4.1642804180e-01
    2.004000e+01    5.8346405187e-01    4.1653594813e-01
    2.006000e+01    5.8335629543e-01    4.1664370457e-01
    2.008000e+01    5.8324868866e-01    4.1675131134e-01
    2.010000e+01    5.8314123136e-01    4.1685876864e-01
    2.012000e+01    5.8303392333e-01    4.1696607667e-01
    2.014000e+01    5.8292676436e-01    4.1707323564e-01
    2.016000e+01    5.8281975423e-01    4.1718024577e-01
    2.018000e+01    5.8271289273e-01    4.1728710727e-01
    2.020000e+01    5.8260617956e-01    4.1739382044e-01
    2.022000e+01    5.8249961443e-01    4.1750038557e-01
    2.024000e+01    5.8239319698e-01    4.1760680302e-01
    2.026000e+01    5.8228692684e-01    4.1771307316e-01
    2.028000e+01    5.8218080363e-01    4.1781919637e-01
    2.030000e+01    5.8207482696e-01    4.1792517304e-01
    2.032000e+01    5.8196899640e-01    4.1803100360e-01
    2.034000e+01    5.8186331155e-01    4.1813668845e-01
    2.036000e+01    5.8175777200e-01    4.1824222800e-01
    2.038000e+01    5.8165237735e-01    4.1834762265e-01
    2.040000e+01    5.8154712720e-01    4.1845287280e-01
    2.042000e+01    5.8144202116e-01    4.1855797884e-01
    2.044000e+01    5.8133705883e-01    4.1866294117e-01
    2.046000e+01    5.8123223984e-01    4.1876776016e-01
    2.048000e+01    5.8112756381e-01    4.1887243619e-01
    2.050000e+01    5.8102303039e-01    4.1897696961e-01
    2.052000e+01    5.8091863922e-01    4.1908136078e-01
    2.054000e+01    5.8081438994e-01    4.1918561006e-01
    2.056000e+01    5.8071028221e-01    4.1928971779e-01
    2.058000e+01    5.8060631571e-01    4.1939368429e-01
    2.060000e+01    5.8050249009e-01    4.1949750991e-01
    2.062000e+01    5.8039880503e-01    4.1960119497e-01
    2.064000e+01    5.8029526021e-01    4.1970473979e-01
    2.066000e+01    5.8019185531e-01    4.1980814469e-01
    2.068000e+01    5.8008859002e-01    4.1991140998e-01
    2.070000e+01    5.7998546402e-01    4.2001453598e-01
    2.072000e+01    5.7988247702e-01    4.2011752298e-01
    2.074000e+01    5.7977962872e-01    4.2022037128e-01
    2.076000e+01    5.7967691883e-01    4.2032308117e-01
    2.078000e+01    5.7957434707e-01    4.2042565293e-01
    2.080000e+01    5.7947191314e-01    4.2052808686e-01
    2.082000e+01    5.7936961679e-01    4.2063038321e-01
    2.084000e+01    5.7926745772e-01    4.2073254228e-01
    2.086000e+01    5.7916543568e-01    4.2083456432e-01
    2.088000e+01    5.7906355040e-01    4.2093644960e-01
    2.090000e+01    5.7896180163e-01    4.2103819837e-01
    2.092000e+01    5.7886018911e-01    4.2113981089e-01
    2.094000e+01    5.7875871260e-01    4.2124128740e-01
    2.096000e+01    5.7865737185e-01    4.2134262815e-01
    2.098000e+01    5.7855616661e-01    4.2144383339e-01
    2.100000e+01    5.7845509665e-01    4.2154490335e-01
    2.102000e+01    5.7835416175e-01    4.2164583825e-01
    2.104000e+01    5.7825336168e-01    4.2174663832e-01
    2.106000e+01    5.7815269622e-01    4.2184730378e-01
    2.108000e+01    5.7805216514e-01    4.2194783486e-01
    2.110000e+01    5.7795176823e-01    4.2204823177e-01
    2.112000e+01    5.7785150527e-01    4.2214849473e-01
    2.114000e+01    5.7775137602e-01    4.2224862398e-01
    2.116000e+01    5.7765138029e-01    4.2234861971e-01
    2.118000e+01    5.7755151784e-01    4.2244848216e-01
    2.120000e+01    5.7745178848e-01    4.2254821152e-01
    2.122000e+01    5.7735219198e-01    4.2264780802e-01
    2.124000e+01    5.7725272814e-01    4.2274727186e-01
    2.126000e+01    5.7715339674e-01    4.2284660326e-01
    2.128000e+01    5.7705419759e-01    4.2294580241e-01
    2.130000e+01    5.7695513047e-01    4.2304486953e-01
    2.132000e+01    5.7685619518e-01    4.2314380482e-01
    2.134000e+01    5.7675739152e-01    4.2324260848e-01
    2.136000e+01    5.7665871928e-01    4.2334128072e-01
    2.138000e+01    5.7656017826e-01    4.2343982174e-01
    2.140000e+01    5.7646176825e-01    4.2353823175e-01
    2.142000e+01    5.7636348904e-01    4.2363651096e-01
    2.144000e+01    5.7626534044e-01    4.2373465956e-01
    2.146000e+01    5.7616732225e-01    4.2383267775e-01
    2.148000e+01    5.7606943427e-01    4.2393056573e-01
    2.150000e+01    5.7597167629e-01    4.2402832371e-01
    2.152000e+01    5.7587404812e-01    4.2412595188e-01
    2.154000e+01    5.7577654956e-01    4.2422345044e-01
    2.156000e+01    5.7567918043e-01    4.2432081957e-01
    2.158000e+01    5.7558194051e-01    4.2441805949e-01
    2.160000e+01    5.7548482963e-01    4.2451517037e-01
    2.162000e+01    5.7538784758e-01    4.2461215242e-01
    2.164000e+01    5.7529099419e-01    4.2470900581e-01
    2.166000e+01    5.7519426927e-01    4.2480573073e-01
    2.168000e+01    5.7509767264e-01    4.2490232736e-01
    2.170000e+01    5.7500120412e-01    4.2499879588e-01
    2.172000e+01    5.7490486353e-01    4.2509513647e-01
    2.174000e+01    5.7480865069e-01    4.2519134931e-01
    2.176000e+01    5.7471256541e-01    4.2528743459e-01
    2.178000e+01    5.7461660751e-01    4.2538339249e-01
    2.180000e+01    5.7452077681e-01    4.2547922319e-01
    2.182000e+01    5.7442507314e-01    4.2557492686e-01
    2.184000e+01    5.7432949630e-01    4.2567050370e-01
    2.186000e+01    5.7423404614e-01    4.2576595386e-01
    2.188000e+01    5.7413872250e-01    4.2586127750e-01
    2.190000e+01    5.7404352522e-01    4.2595647478e-01
    2.192000e+01    5.7394845417e-01    4.2605154583e-01
    2.194000e+01    5.7385350921e-01    4.2614649079e-01
    2.196000e+01    5.7375869021e-01    4.2624130979e-01
    2.198000e+01    5.7366399705e-01    4.2633600295e-01
    2.200000e+01    5.7356942960e-01    4.2643057040e-01
    2.202000e+01    5.7347498776e-01    4.2652501224e-01
    2.204000e+01    5.7338067142e-01    4.2661932858e-01
    2.206000e+01    5.7328648047e-01    4.2671351953e-01
    2.208000e+01    5.7319241477e-01    4.2680758523e-01
    2.210000e+01    5.7309847422e-01    4.2690152578e-01
    2.212000e+01    5.7300465867e-01    4.2699534133e-01
    2.214000e+01    5.7291096800e-01    4.2708903200e-01
    2.216000e+01    5.7281740205e-01    4.2718259795e-01
    2.218000e+01    5.7272396070e-01    4.2727603930e-01
    2.220000e+01    5.7263064378e-01    4.2736935622e-01
    2.222000e+01    5.7253745116e-01    4.2746254884e-01
    2.224000e+01    5.7244438269e-01    4.2755561731e-01
    2.226000e+01    5.7235143822e-01    4.2764856178e-01
    2.228000e+01    5.7225861762e-01    4.2774138238e-01
    2.230000e+01    5.7216592076e-01    4.2783407924e-01
    2.232000e+01    5.7207334753e-01    4.2792665247e-01
    2.234000e+01    5.7198089781e-01    4.2801910219e-01
    2.236000e+01    5.7188857147e-01    4.2811142853e-01
    2.238000e+01    5.7179636841e-01    4.2820363159e-01
    2.240000e+01    5.7170428851e-01    4.2829571149e-01
    2.242000e+01    5.7161233163e-01    4.2838766837e-01
    2.244000e+01    5.7152049768e-01    4.2847950232e-01
    2.246000e+01    5.7142878652e-01    4.2857121348e-01
    2.248000e+01    5.7133719805e-01    4.2866280195e-01
    2.250000e+01    5.7124573215e-01    4.2875426785e-01
    2.252000e+01    5.7115438872e-01    4.2884561128e-01
    2.254000e+01    5.7106316762e-01    4.2893683238e-01
    2.256000e+01    5.7097206875e-01    4.2902793125e-01
    2.258000e+01    5.7088109197e-01    4.2911890803e-01
    2.260000e+01    5.7079023716e-01    4.2920976284e-01
    2.262000e+01    5.7069950419e-01    4.2930049581e-01
    2.264000e+01    5.7060889294e-01    4.2939110706e-01
    2.266000e+01    5.7051840328e-01    4.2948159672e-01
    2.268000e+01    5.7042803505e-01    4.2957196495e-01
    2.270000e+01    5.7033778813e-01    4.2966221187e-01
    2.272000e+01    5.7024766237e-01    4.2975233763e-01
    2.274000e+01    5.7015765762e-01    4.2984234238e-01
    2.276000e+01    5.7006777372e-01    4.2993222628e-01
    2.278000e+01    5.6997801051e-01    4.3002198949e-01
    2.280000e+01    5.6988836785e-01    4.3011163215e-01
    2.282000e+01    5.6979884555e-01    4.3020115445e-01
    2.284000e+01    5.6970944345e-01    4.3029055655e-01
    2.286000e+01    5.6962016140e-01    4.3037983860e-01
    2.288000e+01    5.6953099920e-01    4.3046900080e-01
    2.290000e+01    5.6944195669e-01    4.3055804331e-01
    2.292000e+01    5.6935303370e-01    4.3064696630e-01
    2.294000e+01    5.6926423004e-01    4.3073576996e-01
    2.296000e+01    5.6917554554e-01    4.3082445446e-01