    0.000000e+00             nan
    2.000000e-02    7.547644e-05
    4.000000e-02    8.860226e-04
    6.000000e-02    3.388130e-03
    8.000000e-02    8.149191e-03
    1.000000e-01    1.523503e-02
    1.200000e-01    2.437046e-02
    1.400000e-01    3.512243e-02
    1.600000e-01    4.702692e-02
    1.800000e-01    5.965875e-02
    2.000000e-01    7.266165e-02
    2.200000e-01    8.575475e-02
    2.400000e-01    9.872700e-02
    2.600000e-01    1.114266e-01
    2.800000e-01    1.237496e-01
    3.000000e-01    1.356291e-01
    3.200000e-01    1.470264e-01
    3.400000e-01    1.579234e-01
    3.600000e-01    1.683169e-01
    3.800000e-01    1.782144e-01
    4.000000e-01    1.876304e-01
    4.200000e-01    1.965837e-01
    4.400000e-01    2.050961e-01
    4.600000e-01    2.131907e-01
    4.800000e-01    2.208910e-01
    5.000000e-01    2.282203e-01
    5.200000e-01    2.352013e-01
    5.400000e-01    2.418558e-01
    5.600000e-01    2.482044e-01
    5.800000e-01    2.542665e-01
    6.000000e-01    2.600605e-01
    6.200000e-01    2.656033e-01
    6.400000e-01    2.709109e-01
    6.600000e-01    2.759980e-01
    6.800000e-01    2.808785e-01
    7.000000e-01    2.855649e-01
    7.200000e-01    2.900693e-01
    7.400000e-01    2.944025e-01
    7.600000e-01    2.985748e-01
    7.800000e-01    3.025955e-01
    8.000000e-01    3.064735e-01
    8.200000e-01    3.102170e-01
    8.400000e-01    3.138334e-01
    8.600000e-01    3.173300e-01
    8.800000e-01    3.207132e-01
    9.000000e-01    3.239891e-01
    9.200000e-01    3.271635e-01
    9.400000e-01    3.302418e-01
    9.600000e-01    3.332288e-01
    9.800000e-01    3.361292e-01
    1.000000e+00    3.389474e-01
    1.020000e+00    3.416874e-01
    1.040000e+00    3.443530e-01
    1.060000e+00    3.469478e-01
    1.080000e+00    3.494751e-01
    1.100000e+00    3.519381e-01
    1.120000e+00    3.543396e-01
    1.140000e+00    3.566825e-01
    1.160000e+00    3.589693e-01
    1.180000e+00    3.612025e-01
    1.200000e+00    3.633844e-01
    1.220000e+00    3.655171e-01
    1.240000e+00    3.676027e-01
    1.260000e+00    3.696431e-01
    1.280000e+00    3.716400e-01
    1.300000e+00    3.735953e-01
    1.320000e+00    3.755105e-01
    1.340000e+00    3.773871e-01
    1.360000e+00    3.792266e-01
    1.380000e+00    3.810303e-01
    1.400000e+00    3.827995e-01
    1.420000e+00    3.845355e-01
    1.440000e+00    3.862395e-01
    1.460000e+00    3.879124e-01
    1.480000e+00    3.895554e-01
    1.500000e+00    3.911695e-01
    1.520000e+00    3.927556e-01
    1.540000e+00    3.943145e-01
    1.560000e+00    3.958473e-01
    1.580000e+00    3.973546e-01
    1.600000e+00    3.988372e-01
    1.620000e+00    4.002960e-01
    1.640000e+00    4.017316e-01
    1.660000e+00    4.031446e-01
    1.680000e+00    4.045358e-01
    1.700000e+00    4.059058e-01
    1.720000e+00    4.072552e-01
    1.740000e+00    4.085844e-01
    1.760000e+00    4.098942e-01
    1.780000e+00    4.111850e-01
    1.800000e+00    4.124572e-01
    1.820000e+00    4.137115e-01
    1.840000e+00    4.149483e-01
    1.860000e+00    4.161679e-01
    1.880000e+00    4.173709e-01
    1.900000e+00    4.185577e-01
    1.920000e+00    4.197286e-01
    1.940000e+00    4.208840e-01
    1.960000e+00    4.220243e-01
    1.980000e+00    4.231499e-01
    2.000000e+00    4.242610e-01
    2.020000e+00    4.253581e-01
    2.040000e+00    4.264414e-01
    2.060000e+00    4.275112e-01
    2.080000e+00    4.285679e-01
    2.100000e+00    4.296117e-01
    2.120000e+00    4.306429e-01
    2.140000e+00    4.316617e-01
    2.160000e+00    4.326685e-01
    2.180000e+00    4.336634e-01
    2.200000e+00    4.346468e-01
    2.220000e+00    4.356188e-01
    2.240000e+00    4.365796e-01
    2.260000e+00    4.375296e-01
    2.280000e+00    4.384688e-01
    2.300000e+00    4.393976e-01
    2.320000e+00    4.403161e-01
    2.340000e+00    4.412246e-01
    2.360000e+00    4.421231e-01
    2.380000e+00    4.430120e-01
    2.400000e+00    4.438913e-01
    2.420000e+00    4.447613e-01
    2.440000e+00    4.456221e-01
    2.460000e+00    4.464738e-01
    2.480000e+00    4.473168e-01
    2.500000e+00    4.481511e-01
    2.520000e+00    4.489768e-01
    2.540000e+00    4.497942e-01
    2.560000e+00    4.506033e-01
    2.580000e+00    4.514044e-01
    2.600000e+00    4.521975e-01
    2.620000e+00    4.529828e-01
    2.640000e+00    4.537605e-01
    2.660000e+00    4.545306e-01
    2.680000e+00    4.552934e-01
    2.700000e+00    4.560488e-01
    2.720000e+00    4.567971e-01
    2.740000e+00    4.575384e-01
    2.760000e+00    4.582727e-01
    2.780000e+00    4.590003e-01
    2.800000e+00    4.597211e-01
    2.820000e+00    4.604354e-01
    2.840000e+00    4.611431e-01
    2.860000e+00    4.618445e-01
    2.880000e+00    4.625395e-01
    2.900000e+00    4.632284e-01
    2.920000e+00    4.639112e-01
    2.940000e+00    4.645880e-01
    2.960000e+00    4.652588e-01
    2.980000e+00    4.659239e-01
    3.000000e+00    4.665832e-01
    3.020000e+00    4.672368e-01
    3.040000e+00    4.678849e-01
    3.060000e+00    4.685276e-01
    3.080000e+00    4.691648e-01
    3.100000e+00    4.697968e-01
    3.120000e+00    4.704235e-01
    3.140000e+00    4.710450e-01
    3.160000e+00    4.716615e-01
    3.180000e+00    4.722729e-01
    3.200000e+00    4.728794e-01
    3.220000e+00    4.734811e-01
    3.240000e+00    4.740779e-01
    3.260000e+00    4.746700e-01
    3.280000e+00    4.752574e-01
    3.300000e+00    4.758401e-01
    3.320000e+00    4.764184e-01
    3.340000e+00    4.769921e-01
    3.360000e+00    4.775615e-01
    3.380000e+00    4.781264e-01
    3.400000e+00    4.786871e-01
    3.420000e+00    4.792434e-01
    3.440000e+00    4.797956e-01
    3.460000e+00    4.803437e-01
    3.480000e+00    4.808876e-01
    3.500000e+00    4.814276e-01
    3.520000e+00    4.819635e-01
    3.540000e+00    4.824955e-01
    3.560000e+00    4.830237e-01
    3.580000e+00    4.835480e-01
    3.600000e+00    4.840685e-01
    3.620000e+00    4.845853e-01
    3.640000e+00    4.850984e-01
    3.660000e+00    4.856079e-01
    3.680000e+00    4.861138e-01
    3.700000e+00    4.866162e-01
    3.720000e+00    4.871150e-01
    3.740000e+00    4.876104e-01
    3.760000e+00    4.881024e-01
    3.780000e+00    4.885910e-01
    3.800000e+00    4.890763e-01
    3.820000e+00    4.895583e-01
    3.840000e+00    4.900371e-01
    3.860000e+00    4.905126e-01
    3.880000e+00    4.909850e-01
    3.900000e+00    4.914542e-01
    3.920000e+00    4.919203e-01
    3.940000e+00    4.923834e-01
    3.960000e+00    4.928434e-01
    3.980000e+00    4.933005e-01
    4.000000e+00    4.937546e-01
    4.020000e+00    4.942057e-01
    4.040000e+00    4.946540e-01
    4.060000e+00    4.950995e-01
    4.080000e+00    4.955421e-01
    4.100000e+00    4.959819e-01
    4.120000e+00    4.964190e-01
    4.140000e+00    4.968533e-01
    4.160000e+00    4.972850e-01
    4.180000e+00    4.977140e-01
    4.200000e+00    4.981403e-01
    4.220000e+00    4.985641e-01
    4.240000e+00    4.989852e-01
    4.260000e+00    4.994038e-01
    4.280000e+00    4.998199e-01
    4.300000e+00    5.002335e-01
    4.320000e+00    5.006446e-01
    4.340000e+00    5.010532e-01
    4.360000e+00    5.014594e-01
    4.380000e+00    5.018632e-01
    4.400000e+00    5.022646e-01
    4.420000e+00    5.026636e-01
    4.440000e+00    5.030604e-01
    4.460000e+00    5.034548e-01
    4.480000e+00    5.038469e-01
    4.500000e+00    5.042368e-01
    4.520000e+00    5.046244e-01
    4.540000e+00    5.050098e-01
    4.560000e+00    5.053930e-01
    4.580000e+00    5.057740e-01
    4.600000e+00    5.061529e-01
    4.620000e+00    5.065296e-01
    4.640000e+00    5.069043e-01
    4.660000e+00    5.072768e-01
    4.680000e+00    5.076473e-01
    4.700000e+00    5.080157e-01
    4.720000e+00    5.083821e-01
    4.740000e+00    5.087465e-01
    4.760000e+00    5.091089e-01
    4.780000e+00    5.094693e-01
    4.800000e+00    5.098277e-01
    4.820000e+00    5.101843e-01
    4.840000e+00    5.105389e-01
    4.860000e+00    5.108916e-01
    4.880000e+00    5.112425e-01
    4.900000e+00    5.115914e-01
    4.920000e+00    5.119386e-01
    4.940000e+00    5.122839e-01
    4.960000e+00    5.126274e-01
    4.980000e+00    5.129691e-01
    5.000000e+00    5.133091e-01
    5.020000e+00    5.136472e-01
    5.040000e+00    5.139837e-01
    5.060000e+00    5.143184e-01
    5.080000e+00    5.146514e-01
    5.100000e+00    5.149828e-01
    5.120000e+00    5.153124e-01
    5.140000e+00    5.156404e-01
    5.160000e+00    5.159667e-01
    5.180000e+00    5.162914e-01
    5.200000e+00    5.166145e-01
    5.220000e+00    5.169360e-01
    5.240000e+00    5.172558e-01
    5.260000e+00    5.175741e-01
    5.280000e+00    5.178908e-01
    5.300000e+00    5.182060e-01
    5.320000e+00    5.185196e-01
    5.340000e+00    5.188317e-01
    5.360000e+00    5.191423e-01
    5.380000e+00    5.194513e-01
    5.400000e+00    5.197589e-01
    5.420000e+00    5.200650e-01
    5.440000e+00    5.203697e-01
    5.460000e+00    5.206729e-01
    5.480000e+00    5.209746e-01
    5.500000e+00    5.212750e-01
    5.520000e+00    5.215739e-01
    5.540000e+00    5.218715e-01
    5.560000e+00    5.221676e-01
    5.580000e+00    5.224624e-01
    5.600000e+00    5.227558e-01
    5.620000e+00    5.230479e-01
    5.640000e+00    5.233386e-01
    5.660000e+00    5.236280e-01
    5.680000e+00    5.239160e-01
    5.700000e+00    5.242028e-01
    5.720000e+00    5.244882e-01
    5.740000e+00    5.247724e-01
    5.760000e+00    5.250552e-01
    5.780000e+00    5.253368e-01
    5.800000e+00    5.256172e-01
    5.820000e+00    5.258963e-01
    5.840000e+00    5.261741e-01
    5.860000e+00    5.264507e-01
    5.880000e+00    5.267261e-01
    5.900000e+00    5.270002e-01
    5.920000e+00    5.272732e-01
    5.940000e+00    5.275450e-01
    5.960000e+00    5.278155e-01
    5.980000e+00    5.280849e-01
    6.000000e+00    5.283531e-01
    6.020000e+00    5.286202e-01
    6.040000e+00    5.288860e-01
    6.060000e+00    5.291508e-01
    6.080000e+00    5.294144e-01
    6.100000e+00    5.296768e-01
    6.120000e+00    5.299382e-01
    6.140000e+00    5.301984e-01
    6.160000e+00    5.304575e-01
    6.180000e+00    5.307155e-01
    6.200000e+00    5.309724e-01
    6.220000e+00    5.312282e-01
    6.240000e+00    5.314830e-01
    6.260000e+00    5.317367e-01
    6.280000e+00    5.319893e-01
    6.300000e+00    5.322408e-01
    6.320000e+00    5.324913e-01
    6.340000e+00    5.327407e-01
    6.360000e+00    5.329892e-01
    6.380000e+00    5.332365e-01
    6.400000e+00    5.334829e-01
    6.420000e+00    5.337283e-01
    6.440000e+00    5.339727e-01
    6.460000e+00    5.342160e-01
    6.480000e+00    5.344584e-01
    6.500000e+00    5.346999e-01
    6.520000e+00    5.349403e-01
    6.540000e+00    5.351798e-01
    6.560000e+00    5.354183e-01
    6.580000e+00    5.356558e-01
    6.600000e+00    5.358924e-01
    6.620000e+00    5.361281e-01
    6.640000e+00    5.363628e-01
    6.660000e+00    5.365966e-01
    6.680000e+00    5.368295e-01
    6.700000e+00    5.370614e-01
    6.720000e+00    5.372925e-01
    6.740000e+00    5.375226e-01
    6.760000e+00    5.377518e-01
    6.780000e+00    5.379801e-01
    6.800000e+00    5.382075e-01
    6.820000e+00    5.384340e-01
    6.840000e+00    5.386596e-01
    6.860000e+00    5.388843e-01
    6.880000e+00    5.391082e-01
    6.900000e+00    5.393312e-01
    6.920000e+00    5.395533e-01
    6.940000e+00    5.397746e-01
    6.960000e+00    5.399950e-01
    6.980000e+00    5.402146e-01
    7.000000e+00    5.404333e-01
    7.020000e+00    5.406512e-01
    7.040000e+00    5.408682e-01
    7.060000e+00    5.410844e-01
    7.080000e+00    5.412998e-01
    7.100000e+00    5.415144e-01
    7.120000e+00    5.417281e-01
    7.140000e+00    5.419411e-01
    7.160000e+00    5.421532e-01
    7.180000e+00    5.423645e-01
    7.200000e+00    5.425751e-01
    7.220000e+00    5.427848e-01
    7.240000e+00    5.429938e-01
    7.260000e+00    5.432020e-01
    7.280000e+00    5.434094e-01
    7.300000e+00    5.436160e-01
    7.320000e+00    5.438219e-01
    7.340000e+00    5.440270e-01
    7.360000e+00    5.442313e-01
    7.380000e+00    5.444349e-01
    7.400000e+00    5.446377e-01
    7.420000e+00    5.448397e-01
    7.440000e+00    5.450410e-01
    7.460000e+00    5.452416e-01
    7.480000e+00    5.454414e-01
    7.500000e+00    5.456405e-01
    7.520000e+00    5.458389e-01
    7.540000e+00    5.460365e-01
    7.560000e+00    5.462334e-01
    7.580000e+00    5.464296e-01
    7.600000e+00    5.466251e-01
    7.620000e+00    5.468198e-01
    7.640000e+00    5.470139e-01
    7.660000e+00    5.472073e-01
    7.680000e+00    5.473999e-01
    7.700000e+00    5.475919e-01
    7.720000e+00    5.477832e-01
    7.740000e+00    5.479738e-01
    7.760000e+00    5.481637e-01
    7.780000e+00    5.483529e-01
    7.800000e+00    5.485414e-01
    7.820000e+00    5.487293e-01
    7.840000e+00    5.489165e-01
    7.860000e+00    5.491031e-01
    7.880000e+00    5.492889e-01
    7.900000e+00    5.494741e-01
    7.920000e+00    5.496587e-01
    7.940000e+00    5.498426e-01
    7.960000e+00    5.500258e-01
    7.980000e+00    5.502085e-01
    8.000000e+00    5.503904e-01
    8.020000e+00    5.505717e-01
    8.040000e+00    5.507524e-01
    8.060000e+00    5.509325e-01
    8.080000e+00    5.511119e-01
    8.100000e+00    5.512907e-01
    8.120000e+00    5.514689e-01
    8.140000e+00    5.516464e-01
    8.160000e+00    5.518234e-01
    8.180000e+00    5.519997e-01
    8.200000e+00    5.521754e-01
    8.220000e+00    5.523505e-01
    8.240000e+00    5.525250e-01
    8.260000e+00    5.526989e-01
    8.280000e+00    5.528723e-01
    8.300000e+00    5.530450e-01
    8.320000e+00    5.532171e-01
    8.340000e+00    5.533887e-01
    8.360000e+00    5.535596e-01
    8.380000e+00    5.537300e-01
    8.400000e+00    5.538998e-01
    8.420000e+00    5.540690e-01
    8.440000e+00    5.542377e-01
    8.460000e+00    5.544058e-01
    8.480000e+00    5.545733e-01
    8.500000e+00    5.547403e-01
    8.520000e+00    5.549067e-01
    8.540000e+00    5.550725e-01
    8.560000e+00    5.552378e-01
    8.580000e+00    5.554025e-01
    8.600000e+00    5.555667e-01
    8.620000e+00    5.557303e-01
    8.640000e+00    5.558934e-01
    8.660000e+00    5.560559e-01
    8.680000e+00    5.562179e-01
    8.700000e+00    5.563794e-01
    8.720000e+00    5.565403e-01
    8.740000e+00    5.567007e-01
    8.760000e+00    5.568606e-01
    8.780000e+00    5.570199e-01
    8.800000e+00    5.571787e-01
    8.820000e+00    5.573370e-01
    8.840000e+00    5.574947e-01
    8.860000e+00    5.576519e-01
    8.880000e+00    5.578087e-01
    8.900000e+00    5.579649e-01
    8.920000e+00    5.581206e-01
    8.940000e+00    5.582758e-01
    8.960000e+00    5.584305e-01
    8.980000e+00    5.585846e-01
    9.000000e+00    5.587383e-01
    9.020000e+00    5.588916e-01
    9.040000e+00    5.590443e-01
    9.060000e+00    5.591965e-01
    9.080000e+00    5.593482e-01
    9.100000e+00    5.594995e-01
    9.120000e+00    5.596502e-01
    9.140000e+00    5.598005e-01
    9.160000e+00    5.599503e-01
    9.180000e+00    5.600996e-01
    9.200000e+00    5.602485e-01
    9.220000e+00    5.603968e-01
    9.240000e+00    5.605447e-01
    9.260000e+00    5.606921e-01
    9.280000e+00    5.608391e-01
    9.300000e+00    5.609856e-01
    9.320000e+00    5.611316e-01
    9.340000e+00    5.612772e-01
    9.360000e+00    5.614223e-01
    9.380000e+00    5.615669e-01
    9.400000e+00    5.617111e-01
    9.420000e+00    5.618549e-01
    9.440000e+00    5.619982e-01
    9.460000e+00    5.621410e-01
    9.480000e+00    5.622834e-01
    9.500000e+00    5.624254e-01
    9.520000e+00    5.625669e-01
    9.540000e+00    5.627079e-01
    9.560000e+00    5.628485e-01
    9.580000e+00    5.629887e-01
    9.600000e+00    5.631284e-01
    9.620000e+00    5.632677e-01
    9.640000e+00    5.634065e-01
    9.660000e+00    5.635450e-01
    9.680000e+00    5.636829e-01
    9.700000e+00    5.638205e-01
    9.720000e+00    5.639576e-01
    9.740000e+00    5.640943e-01
    9.760000e+00    5.642306e-01
    9.780000e+00    5.643664e-01
    9.800000e+00    5.645018e-01
    9.820000e+00    5.646368e-01
    9.840000e+00    5.647714e-01
    9.860000e+00    5.649055e-01
    9.880000e+00    5.650393e-01
    9.900000e+00    5.651726e-01
    9.920000e+00    5.653055e-01
    9.940000e+00    5.654380e-01
    9.960000e+00    5.655701e-01
    9.980000e+00    5.657018e-01
    1.000000e+01    5.658331e-01
    1.002000e+01    5.659640e-01
    1.004000e+01    5.660944e-01
    1.006000e+01    5.662245e-01
    1.008000e+01    5.663542e-01
    1.010000e+01    5.664835e-01
    1.012000e+01    5.666124e-01
    1.014000e+01    5.667409e-01
    1.016000e+01    5.668691e-01
    1.018000e+01    5.669968e-01
    1.020000e+01    5.671241e-01
    1.022000e+01    5.672511e-01
    1.024000e+01    5.673777e-01
    1.026000e+01    5.675039e-01
    1.028000e+01    5.676297e-01
    1.030000e+01    5.677551e-01
    1.032000e+01    5.678801e-01
    1.034000e+01    5.680048e-01
    1.036000e+01    5.681291e-01
    1.038000e+01    5.682530e-01
    1.040000e+01    5.683766e-01
    1.042000e+01    5.684997e-01
    1.044000e+01    5.686225e-01
    1.046000e+01    5.687450e-01
    1.048000e+01    5.688671e-01
    1.050000e+01    5.689888e-01
    1.052000e+01    5.691101e-01
    1.054000e+01    5.692311e-01
    1.056000e+01    5.693517e-01
    1.058000e+01    5.694720e-01
    1.060000e+01    5.695919e-01
    1.062000e+01    5.697114e-01
    1.064000e+01    5.698306e-01
    1.066000e+01    5.699495e-01
    1.068000e+01    5.700680e-01
    1.070000e+01    5.701861e-01
    1.072000e+01    5.703040e-01
    1.074000e+01    5.704214e-01
    1.076000e+01    5.705386e-01
    1.078000e+01    5.706554e-01
    1.080000e+01    5.707718e-01
    1.082000e+01    5.708880e-01
    1.084000e+01    5.710038e-01
    1.086000e+01    5.711192e-01
    1.088000e+01    5.712344e-01
    1.090000e+01    5.713492e-01
    1.092000e+01    5.714636e-01
    1.094000e+01    5.715778e-01
    1.096000e+01    5.716916e-01
    1.098000e+01    5.718051e-01
    1.100000e+01    5.719182e-01
    1.102000e+01    5.720311e-01
    1.104000e+01    5.721436e-01
    1.106000e+01    5.722558e-01
    1.108000e+01    5.723677e-01
    1.110000e+01    5.724792e-01
    1.112000e+01    5.725905e-01
    1.114000e+01    5.727014e-01
    1.116000e+01    5.728120e-01
    1.118000e+01    5.729223e-01
    1.120000e+01    5.730323e-01
    1.122000e+01    5.731420e-01
    1.124000e+01    5.732513e-01
    1.126000e+01    5.733604e-01
    1.128000e+01    5.734691e-01
    1.130000e+01    5.735775e-01
    1.132000e+01    5.736857e-01
    1.134000e+01    5.737935e-01
    1.136000e+01    5.739010e-01
    1.138000e+01    5.740082e-01
    1.140000e+01    5.741151e-01
    1.142000e+01    5.742217e-01
    1.144000e+01    5.743280e-01
    1.146000e+01    5.744340e-01
    1.148000e+01    5.745397e-01
    1.150000e+01    5.746451e-01
    1.152000e+01    5.747502e-01
    1.154000e+01    5.748550e-01
    1.156000e+01    5.749596e-01
    1.158000e+01    5.750638e-01
    1.160000e+01    5.751678e-01
    1.162000e+01    5.752714e-01
    1.164000e+01    5.753748e-01
    1.166000e+01    5.754778e-01
    1.168000e+01    5.755806e-01
    1.170000e+01    5.756831e-01
    1.172000e+01    5.757854e-01
    1.174000e+01    5.758873e-01
    1.176000e+01    5.759890e-01
    1.178000e+01    5.760903e-01
    1.180000e+01    5.761914e-01
    1.182000e+01    5.762922e-01
    1.184000e+01    5.763928e-01
    1.186000e+01    5.764930e-01
    1.188000e+01    5.765930e-01
    1.190000e+01    5.766927e-01
    1.192000e+01    5.767922e-01
    1.194000e+01    5.768913e-01
    1.196000e+01    5.769902e-01
    1.198000e+01    5.770888e-01
    1.200000e+01    5.771872e-01
    1.202000e+01    5.772853e-01
    1.204000e+01    5.773831e-01
    1.206000e+01    5.774806e-01
    1.208000e+01    5.775779e-01
    1.210000e+01    5.776749e-01
    1.212000e+01    5.777716e-01
    1.214000e+01    5.778681e-01
    1.216000e+01    5.779643e-01
    1.218000e+01    5.780603e-01
    1.220000e+01    5.781560e-01
    1.222000e+01    5.782514e-01
    1.224000e+01    5.783466e-01
    1.226000e+01    5.784415e-01
    1.228000e+01    5.785361e-01
    1.230000e+01    5.786305e-01
    1.232000e+01    5.787246e-01
    1.234000e+01    5.788185e-01
    1.236000e+01    5.789121e-01
    1.238000e+01    5.790055e-01
    1.240000e+01    5.790986e-01
    1.242000e+01    5.791915e-01
    1.244000e+01    5.792841e-01
    1.246000e+01    5.793764e-01
    1.248000e+01    5.794685e-01
    1.250000e+01    5.795604e-01
    1.252000e+01    5.796520e-01
    1.254000e+01    5.797434e-01
    1.256000e+01    5.798345e-01
    1.258000e+01    5.799254e-01
    1.260000e+01    5.800160e-01
    1.262000e+01    5.801064e-01
    1.264000e+01    5.801966e-01
    1.266000e+01    5.802865e-01
    1.268000e+01    5.803762e-01
    1.270000e+01    5.804656e-01
    1.272000e+01    5.805548e-01
    1.274000e+01    5.806438e-01
    1.276000e+01    5.807325e-01
    1.278000e+01    5.808210e-01
    1.280000e+01    5.809092e-01
    1.282000e+01    5.809972e-01
    1.284000e+01    5.810850e-01
    1.286000e+01    5.811726e-01
    1.288000e+01    5.812599e-01
    1.290000e+01    5.813470e-01
    1.292000e+01    5.814338e-01
    1.294000e+01    5.815205e-01
    1.296000e+01    5.816069e-01
    1.298000e+01    5.816931e-01
    1.300000e+01    5.817790e-01
    1.302000e+01    5.818647e-01
    1.304000e+01    5.819502e-01
    1.306000e+01    5.820355e-01
    1.308000e+01    5.821205e-01
    1.310000e+01    5.822054e-01
    1.312000e+01    5.822900e-01
    1.314000e+01    5.823744e-01
    1.316000e+01    5.824585e-01
    1.318000e+01    5.825425e-01
    1.320000e+01    5.826262e-01
    1.322000e+01    5.827097e-01
    1.324000e+01    5.827930e-01
    1.326000e+01    5.828761e-01
    1.328000e+01    5.829590e-01
    1.330000e+01    5.830417e-01
    1.332000e+01    5.831241e-01
    1.334000e+01    5.832063e-01
    1.336000e+01    5.832883e-01
    1.338000e+01    5.833701e-01
    1.340000e+01    5.834517e-01
    1.342000e+01    5.835331e-01
    1.344000e+01    5.836143e-01
    1.346000e+01    5.836952e-01
    1.348000e+01    5.837760e-01
    1.350000e+01    5.838565e-01
    1.352000e+01    5.839369e-01
    1.354000e+01    5.840170e-01
    1.356000e+01    5.840969e-01
    1.358000e+01    5.841767e-01
    1.360000e+01    5.842562e-01
    1.362000e+01    5.843355e-01
    1.364000e+01    5.844146e-01
    1.366000e+01    5.844935e-01
    1.368000e+01    5.845722e-01
    1.370000e+01    5.846507e-01
    1.372000e+01    5.847290e-01
    1.374000e+01    5.848071e-01
    1.376000e+01    5.848850e-01
    1.378000e+01    5.849627e-01
    1.380000e+01    5.850402e-01
    1.382000e+01    5.851174e-01
    1.384000e+01    5.851945e-01
    1.386000e+01    5.852714e-01
    1.388000e+01    5.853481e-01
    1.390000e+01    5.854246e-01
    1.392000e+01    5.855009e-01
    1.394000e+01    5.855770e-01
    1.396000e+01    5.856529e-01
    1.398000e+01    5.857287e-01
    1.400000e+01    5.858042e-01
    1.402000e+01    5.858795e-01
    1.404000e+01    5.859546e-01
    1.406000e+01    5.860296e-01
    1.408000e+01    5.861043e-01
    1.410000e+01    5.861789e-01
    1.412000e+01    5.862533e-01
    1.414000e+01    5.863274e-01
    1.416000e+01    5.864014e-01
    1.418000e+01    5.864752e-01
    1.420000e+01    5.865489e-01
    1.422000e+01    5.866223e-01
    1.424000e+01    5.866955e-01
    1.426000e+01    5.867686e-01
    1.428000e+01    5.868415e-01
    1.430000e+01    5.869141e-01
    1.432000e+01    5.869866e-01
    1.434000e+01    5.870589e-01
    1.436000e+01    5.871311e-01
    1.438000e+01    5.872030e-01
    1.440000e+01    5.872748e-01
    1.442000e+01    5.873464e-01
    1.444000e+01    5.874178e-01
    1.446000e+01    5.874890e-01
    1.448000e+01    5.875600e-01
    1.450000e+01    5.876309e-01
    1.452000e+01    5.877015e-01
    1.454000e+01    5.877720e-01
    1.456000e+01    5.878423e-01
    1.458000e+01    5.879125e-01
    1.460000e+01    5.879824e-01
    1.462000e+01    5.880522e-01
    1.464000e+01    5.881218e-01
    1.466000e+01    5.881913e-01
    1.468000e+01    5.882605e-01
    1.470000e+01    5.883296e-01
    1.472000e+01    5.883985e-01
    1.474000e+01    5.884672e-01
    1.476000e+01    5.885358e-01
    1.478000e+01    5.886042e-01
    1.480000e+01    5.886724e-01
    1.482000e+01    5.887405e-01
    1.484000e+01    5.888083e-01
    1.486000e+01    5.888761e-01
    1.488000e+01    5.889436e-01
    1.490000e+01    5.890110e-01
    1.492000e+01    5.890782e-01
    1.494000e+01    5.891453e-01
    1.496000e+01    5.892122e-01
    1.498000e+01    5.892789e-01
    1.500000e+01    5.893454e-01
    1.502000e+01    5.894118e-01
    1.504000e+01    5.894781e-01
    1.506000e+01    5.895441e-01
    1.508000e+01    5.896101e-01
    1.510000e+01    5.896758e-01
    1.512000e+01    5.897414e-01
    1.514000e+01    5.898069e-01
    1.516000e+01    5.898721e-01
    1.518000e+01    5.899373e-01
    1.520000e+01    5.900022e-01
    1.522000e+01    5.900670e-01
    1.524000e+01    5.901317e-01
    1.526000e+01    5.901962e-01
    1.528000e+01    5.902605e-01
    1.530000e+01    5.903247e-01
    1.532000e+01    5.903887e-01
    1.534000e+01    5.904526e-01
    1.536000e+01    5.905163e-01
    1.538000e+01    5.905798e-01
    1.540000e+01    5.906432e-01
    1.542000e+01    5.907065e-01
    1.544000e+01    5.907696e-01
    1.546000e+01    5.908325e-01
    1.548000e+01    5.908953e-01
    1.550000e+01    5.909579e-01
    1.552000e+01    5.910203e-01
    1.554000e+01    5.910826e-01
    1.556000e+01    5.911448e-01
    1.558000e+01    5.912068e-01
    1.560000e+01    5.912686e-01
    1.562000e+01    5.913303e-01
    1.564000e+01    5.913919e-01
    1.566000e+01    5.914533e-01
    1.568000e+01    5.915145e-01
    1.570000e+01    5.915756e-01
    1.572000e+01    5.916366e-01
    1.574000e+01    5.916974e-01
    1.576000e+01    5.917581e-01
    1.578000e+01    5.918186e-01
    1.580000e+01    5.918790e-01
    1.582000e+01    5.919392e-01
    1.584000e+01    5.919993e-01
    1.586000e+01    5.920593e-01
    1.588000e+01    5.921191e-01
    1.590000e+01    5.921788e-01
    1.592000e+01    5.922383e-01
    1.594000e+01    5.922977e-01
    1.596000e+01    5.923570e-01
    1.598000e+01    5.924161e-01
    1.600000e+01    5.924751e-01
    1.602000e+01    5.925339e-01
    1.604000e+01    5.925926e-01
    1.606000e+01    5.926512e-01
    1.608000e+01    5.927096e-01
    1.610000e+01    5.927679e-01
    1.612000e+01    5.928261e-01
    1.614000e+01    5.928841e-01
    1.616000e+01    5.929420e-01
    1.618000e+01    5.929998e-01
    1.620000e+01    5.930574e-01
    1.622000e+01    5.931149e-01
    1.624000e+01    5.931723e-01
    1.626000e+01    5.932295e-01
    1.628000e+01    5.932866e-01
    1.630000e+01    5.933436e-01
    1.632000e+01    5.934004e-01
    1.634000e+01    5.934572e-01
    1.636000e+01    5.935137e-01
    1.638000e+01    5.935702e-01
    1.640000e+01    5.936265e-01
    1.642000e+01    5.936826e-01
    1.644000e+01    5.937387e-01
    1.646000e+01    5.937946e-01
    1.648000e+01    5.938504e-01
    1.650000e+01    5.939060e-01
    1.652000e+01    5.939616e-01
    1.654000e+01    5.940170e-01
    1.656000e+01    5.940722e-01
    1.658000e+01    5.941274e-01
    1.660000e+01    5.941824e-01
    1.662000e+01    5.942373e-01
    1.664000e+01    5.942920e-01
    1.666000e+01    5.943467e-01
    1.668000e+01    5.944012e-01
    1.670000e+01    5.944555e-01
    1.672000e+01    5.945098e-01
    1.674000e+01    5.945639e-01
    1.676000e+01    5.946179e-01
    1.678000e+01    5.946718e-01
    1.680000e+01    5.947256e-01
    1.682000e+01    5.947792e-01
    1.684000e+01    5.948328e-01
    1.686000e+01    5.948861e-01
    1.688000e+01    5.949394e-01
    1.690000e+01    5.949926e-01
    1.692000e+01    5.950456e-01
    1.694000e+01    5.950985e-01
    1.696000e+01    5.951513e-01
    1.698000e+01    5.952039e-01
    1.700000e+01    5.952565e-01
    1.702000e+01    5.953089e-01
    1.704000e+01    5.953612e-01
    1.706000e+01    5.954134e-01
    1.708000e+01    5.954654e-01
    1.710000e+01    5.955174e-01
    1.712000e+01    5.955692e-01
    1.714000e+01    5.956209e-01
    1.716000e+01    5.956725e-01
    1.718000e+01    5.957240e-01
    1.720000e+01    5.957753e-01
    1.722000e+01    5.958265e-01
    1.724000e+01    5.958776e-01
    1.726000e+01    5.959286e-01
    1.728000e+01    5.959795e-01
    1.730000e+01    5.960303e-01
    1.732000e+01    5.960809e-01
    1.734000e+01    5.961315e-01
    1.736000e+01    5.961819e-01
    1.738000e+01    5.962322e-01
    1.740000e+01    5.962824e-01
    1.742000e+01    5.963324e-01
    1.744000e+01    5.963824e-01
    1.746000e+01    5.964322e-01
    1.748000e+01    5.964820e-01
    1.750000e+01    5.965316e-01
    1.752000e+01    5.965811e-01
    1.754000e+01    5.966304e-01
    1.756000e+01    5.966797e-01
    1.758000e+01    5.967289e-01
    1.760000e+01    5.967779e-01
    1.762000e+01    5.968268e-01
    1.764000e+01    5.968756e-01
    1.766000e+01    5.969243e-01
    1.768000e+01    5.969729e-01
    1.770000e+01    5.970214e-01
    1.772000e+01    5.970698e-01
    1.774000e+01    5.971180e-01
    1.776000e+01    5.971661e-01
    1.778000e+01    5.972142e-01
    1.780000e+01    5.972621e-01
    1.782000e+01    5.973099e-01
    1.784000e+01    5.973576e-01
    1.786000e+01    5.974052e-01
    1.788000e+01    5.974526e-01
    1.790000e+01    5.975000e-01
    1.792000e+01    5.975473e-01
    1.794000e+01    5.975944e-01
    1.796000e+01    5.976414e-01
    1.798000e+01    5.976884e-01
    1.800000e+01    5.977352e-01
    1.802000e+01    5.977819e-01
    1.804000e+01    5.978285e-01
    1.806000e+01    5.978750e-01
    1.808000e+01    5.979214e-01
    1.810000e+01    5.979677e-01
    1.812000e+01    5.980139e-01
    1.814000e+01    5.980600e-01
    1.816000e+01    5.981059e-01
    1.818000e+01    5.981518e-01
    1.820000e+01    5.981976e-01
    1.822000e+01    5.982432e-01
    1.824000e+01    5.982888e-01
    1.826000e+01    5.983342e-01
    1.828000e+01    5.983796e-01
    1.830000e+01    5.984248e-01
    1.832000e+01    5.984700e-01
    1.834000e+01    5.985150e-01
    1.836000e+01    5.985600e-01
    1.838000e+01    5.986048e-01
    1.840000e+01    5.986495e-01
    1.842000e+01    5.986941e-01
    1.844000e+01    5.987386e-01
    1.846000e+01    5.987831e-01
    1.848000e+01    5.988274e-01
    1.850000e+01    5.988716e-01
    1.852000e+01    5.989156e-01
    1.854000e+01    5.989596e-01
    1.856000e+01    5.990035e-01
    1.858000e+01    5.990473e-01
    1.860000e+01    5.990910e-01
    1.862000e+01    5.991346e-01
    1.864000e+01    5.991782e-01
    1.866000e+01    5.992216e-01
    1.868000e+01    5.992649e-01
    1.870000e+01    5.993081e-01
    1.872000e+01    5.993512e-01
    1.874000e+01    5.993942e-01
    1.876000e+01    5.994372e-01
    1.878000e+01    5.994800e-01
    1.880000e+01    5.995228e-01
    1.882000e+01    5.995654e-01
    1.884000e+01    5.996080e-01
    1.886000e+01    5.996505e-01
    1.888000e+01    5.996928e-01
    1.890000e+01    5.997351e-01
    1.892000e+01    5.997773e-01
    1.894000e+01    5.998194e-01
    1.896000e+01    5.998614e-01
    1.898000e+01    5.999034e-01
    1.900000e+01    5.999452e-01
    1.902000e+01    5.999869e-01
    1.904000e+01    6.000286e-01
    1.906000e+01    6.000701e-01
    1.908000e+01    6.001116e-01
    1.910000e+01    6.001529e-01
    1.912000e+01    6.001942e-01
    1.914000e+01    6.002354e-01
    1.916000e+01    6.002765e-01
    1.918000e+01    6.003175e-01
    1.920000e+01    6.003584e-01
    1.922000e+01    6.003992e-01
    1.924000e+01    6.004399e-01
    1.926000e+01    6.004806e-01
    1.928000e+01    6.005211e-01
    1.930000e+01    6.005616e-01
    1.932000e+01    6.006019e-01
    1.934000e+01    6.006422e-01
    1.936000e+01    6.006824e-01
    1.938000e+01    6.007225e-01
    1.940000e+01    6.007625e-01
    1.942000e+01    6.008025e-01
    1.944000e+01    6.008423e-01
    1.946000e+01    6.008821e-01
    1.948000e+01    6.009217e-01
    1.950000e+01    6.009613e-01
    1.952000e+01    6.010008e-01
    1.954000e+01    6.010402e-01
    1.956000e+01    6.010796e-01
    1.958000e+01    6.011188e-01
    1.960000e+01    6.011580e-01
    1.962000e+01    6.011970e-01
    1.964000e+01    6.012360e-01
    1.966000e+01    6.012749e-01
    1.968000e+01    6.013137e-01
    1.970000e+01    6.013524e-01
    1.972000e+01    6.013911e-01
    1.974000e+01    6.014296e-01
    1.976000e+01    6.014681e-01
    1.978000e+01    6.015065e-01
    1.980000e+01    6.015448e-01
    1.982000e+01    6.015830e-01
    1.984000e+01    6.016212e-01
    1.986000e+01    6.016592e-01
    1.988000e+01    6.016972e-01
    1.990000e+01    6.017351e-01
    1.992000e+01    6.017729e-01
    1.994000e+01    6.018106e-01
    1.996000e+01    6.018483e-01
    1.998000e+01    6.018859e-01
    2.000000e+01    6.019233e-01
    2.002000e+01    6.019608e-01
    2.004000e+01    6.019981e-01
    2.006000e+01    6.020353e-01
    2.008000e+01    6.020725e-01
    2.010000e+01    6.021096e-01
    2.012000e+01    6.021466e-01
    2.014000e+01    6.021835e-01
    2.016000e+01    6.022204e-01
    2.018000e+01    6.022571e-01
    2.020000e+01    6.022938e-01
    2.022000e+01    6.023304e-01
    2.024000e+01    6.023670e-01
    2.026000e+01    6.024034e-01
    2.028000e+01    6.024398e-01
    2.030000e+01    6.024761e-01
    2.032000e+01    6.025123e-01
    2.034000e+01    6.025484e-01
    2.036000e+01    6.025845e-01
    2.038000e+01    6.026205e-01
    2.040000e+01    6.026564e-01
    2.042000e+01    6.026922e-01
    2.044000e+01    6.027280e-01
    2.046000e+01    6.027637e-01
    2.048000e+01    6.027993e-01
    2.050000e+01    6.028349e-01
    2.052000e+01    6.028703e-01
    2.054000e+01    6.029057e-01
    2.056000e+01    6.029410e-01
    2.058000e+01    6.029763e-01
    2.060000e+01    6.030114e-01
    2.062000e+01    6.030465e-01
    2.064000e+01    6.030816e-01
    2.066000e+01    6.031165e-01
    2.068000e+01    6.031514e-01
    2.070000e+01    6.031862e-01
    2.072000e+01    6.032209e-01
    2.074000e+01    6.032556e-01
    2.076000e+01    6.032902e-01
    2.078000e+01    6.033247e-01
    2.080000e+01    6.033592e-01
    2.082000e+01    6.033936e-01
    2.084000e+01    6.034279e-01
    2.086000e+01    6.034621e-01
    2.088000e+01    6.034963e-01
    2.090000e+01    6.035304e-01
    2.092000e+01    6.035644e-01
    2.094000e+01    6.035983e-01
    2.096000e+01    6.036322e-01
    2.098000e+01    6.036660e-01
    2.100000e+01    6.036998e-01
    2.102000e+01    6.037334e-01
    2.104000e+01    6.037670e-01
    2.106000e+01    6.038006e-01
    2.108000e+01    6.038340e-01
    2.110000e+01    6.038674e-01
    2.112000e+01    6.039007e-01
    2.114000e+01    6.039339e-01
    2.116000e+01    6.039671e-01
    2.118000e+01    6.040002e-01
    2.120000e+01    6.040332e-01
    2.122000e+01    6.040661e-01
    2.124000e+01    6.040990e-01
    2.126000e+01    6.041318e-01
    2.128000e+01    6.041645e-01
    2.130000e+01    6.041972e-01
    2.132000e+01    6.042298e-01
    2.134000e+01    6.042623e-01
    2.136000e+01    6.042947e-01
    2.138000e+01    6.043271e-01
    2.140000e+01    6.043594e-01
    2.142000e+01    6.043917e-01
    2.144000e+01    6.044238e-01
    2.146000e+01    6.044559e-01
    2.148000e+01    6.044880e-01
    2.150000e+01    6.045199e-01
    2.152000e+01    6.045518e-01
    2.154000e+01    6.045837e-01
    2.156000e+01    6.046154e-01
    2.158000e+01    6.046471e-01
    2.160000e+01    6.046788e-01
    2.162000e+01    6.047103e-01
    2.164000e+01    6.047418e-01
    2.166000e+01    6.047732e-01
    2.168000e+01    6.048046e-01
    2.170000e+01    6.048359e-01
    2.172000e+01    6.048671e-01
    2.174000e+01    6.048983e-01
    2.176000e+01    6.049294e-01
    2.178000e+01    6.049605e-01
    2.180000e+01    6.049914e-01
    2.182000e+01    6.050224e-01
    2.184000e+01    6.050532e-01
    2.186000e+01    6.050840e-01
    2.188000e+01    6.051147e-01
    2.190000e+01    6.051454e-01
    2.192000e+01    6.051760e-01
    2.194000e+01    6.052065e-01
    2.196000e+01    6.052370e-01
    2.198000e+01    6.052674e-01
    2.200000e+01    6.052977e-01
    2.202000e+01    6.053280e-01
    2.204000e+01    6.053582e-01
    2.206000e+01    6.053884e-01
    2.208000e+01    6.054185e-01
    2.210000e+01    6.054485e-01
    2.212000e+01    6.054785e-01
    2.214000e+01    6.055084e-01
    2.216000e+01    6.055383e-01
    2.218000e+01    6.055680e-01
    2.220000e+01    6.055978e-01
    2.222000e+01    6.056274e-01
    2.224000e+01    6.056570e-01
    2.226000e+01    6.056866e-01
    2.228000e+01    6.057161e-01
    2.230000e+01    6.057455e-01
    2.232000e+01    6.057748e-01
    2.234000e+01    6.058041e-01
    2.236000e+01    6.058333e-01
    2.238000e+01    6.058625e-01
    2.240000e+01    6.058916e-01
    2.242000e+01    6.059207e-01
    2.244000e+01    6.059496e-01
    2.246000e+01    6.059786e-01
    2.248000e+01    6.060074e-01
    2.250000e+01    6.060362e-01
    2.252000e+01    6.060650e-01
    2.254000e+01    6.060936e-01
    2.256000e+01    6.061223e-01
    2.258000e+01    6.061508e-01
    2.260000e+01    6.061793e-01
    2.262000e+01    6.062078e-01
    2.264000e+01    6.062362e-01
    2.266000e+01    6.062645e-01
    2.268000e+01    6.062927e-01
    2.270000e+01    6.063210e-01
    2.272000e+01    6.063491e-01
    2.274000e+01    6.063772e-01
    2.276000e+01    6.064052e-01
    2.278000e+01    6.064332e-01
    2.280000e+01    6.064611e-01
    2.282000e+01    6.064890e-01
    2.284000e+01    6.065168e-01
    2.286000e+01    6.065446e-01
    2.288000e+01    6.065722e-01
    2.290000e+01    6.065999e-01
    2.292000e+01    6.066275e-01
    2.294000e+01    6.066550e-01
    2.296000e+01    6.066825e-01
    2.298000e+01    6.067099e-01
    2.300000e+01    6.067372e-01
    2.302000e+01    6.067645e-01
    2.304000e+01    6.067918e-01
    2.306000e+01    6.068190e-01
    2.308000e+01    6.068461e-01
    2.310000e+01    6.068732e-01
    2.312000e+01    6.069002e-01
    2.314000e+01    6.069271e-01
    2.316000e+01    6.069541e-01
    2.318000e+01    6.069809e-01
    2.320000e+01    6.070077e-01
    2.322000e+01    6.070345e-01
    2.324000e+01    6.070612e-01
    2.326000e+01    6.070878e-01
    2.328000e+01    6.071144e-01
    2.330000e+01    6.071409e-01
    2.332000e+01    6.071674e-01
    2.334000e+01    6.071938e-01
    2.336000e+01    6.072202e-01
    2.338000e+01    6.072465e-01
    2.340000e+01    6.072727e-01
    2.342000e+01    6.072990e-01
    2.344000e+01    6.073251e-01
    2.346000e+01    6.073513e-01
    2.348000e+01    6.073773e-01
    2.350000e+01    6.074034e-01
    2.352000e+01    6.074294e-01
    2.354000e+01    6.074553e-01
    2.356000e+01    6.074812e-01
    2.358000e+01    6.075071e-01
    2.360000e+01    6.075329e-01
    2.362000e+01    6.075587e-01
    2.364000e+01    6.075844e-01
    2.366000e+01    6.076101e-01
    2.368000e+01    6.076357e-01
    2.370000e+01    6.076613e-01
    2.372000e+01    6.076868e-01
    2.374000e+01    6.077123e-01
    2.376000e+01    6.077377e-01
    2.378000e+01    6.077631e-01
    2.380000e+01    6.077884e-01
    2.382000e+01    6.078137e-01
    2.384000e+01    6.078389e-01
    2.386000e+01    6.078641e-01
    2.388000e+01    6.078892e-01
    2.390000e+01    6.079143e-01
    2.392000e+01    6.079393e-01
    2.394000e+01    6.079642e-01
    2.396000e+01    6.079891e-01
    2.398000e+01    6.080140e-01
    2.400000e+01    6.080388e-01
    2.402000e+01    6.080636e-01
    2.404000e+01    6.080883e-01
    2.406000e+01    6.081129e-01
    2.408000e+01    6.081375e-01
    2.410000e+01    6.081621e-01
    2.412000e+01    6.081866e-01
    2.414000e+01    6.082110e-01
    2.416000e+01    6.082354e-01
    2.418000e+01    6.082598e-01
    2.420000e+01    6.082841e-01
    2.422000e+01    6.083084e-01
    2.424000e+01    6.083326e-01
    2.426000e+01    6.083567e-01
    2.428000e+01    6.083808e-01
    2.430000e+01    6.084049e-01
    2.432000e+01    6.084289e-01
    2.434000e+01    6.084529e-01
    2.436000e+01    6.084768e-01
    2.438000e+01    6.085007e-01
    2.440000e+01    6.085245e-01
    2.442000e+01    6.085482e-01
    2.444000e+01    6.085720e-01
    2.446000e+01    6.085957e-01
    2.448000e+01    6.086193e-01
    2.450000e+01    6.086429e-01
    2.452000e+01    6.086664e-01
    2.454000e+01    6.086899e-01
    2.456000e+01    6.087134e-01
    2.458000e+01    6.087368e-01
    2.460000e+01    6.087602e-01
    2.462000e+01    6.087835e-01
    2.464000e+01    6.088068e-01
    2.466000e+01    6.088300e-01
    2.468000e+01    6.088532e-01
    2.470000e+01    6.088764e-01
    2.472000e+01    6.088995e-01
    2.474000e+01    6.089225e-01
    2.476000e+01    6.089455e-01
    2.478000e+01    6.089685e-01
    2.480000e+01    6.089914e-01
    2.482000e+01    6.090143e-01
    2.484000e+01    6.090372e-01
    2.486000e+01    6.090600e-01
    2.488000e+01    6.090827e-01
    2.490000e+01    6.091054e-01
    2.492000e+01    6.091281e-01
    2.494000e+01    6.091507e-01
    2.496000e+01    6.091733e-01
    2.498000e+01    6.091958e-01
    2.500000e+01    6.092183e-01
    2.502000e+01    6.092407e-01
    2.504000e+01    6.092631e-01
    2.506000e+01    6.092855e-01
    2.508000e+01    6.093078e-01
    2.510000e+01    6.093300e-01
    2.512000e+01    6.093522e-01
    2.514000e+01    6.093744e-01
    2.516000e+01    6.093965e-01
    2.518000e+01    6.094186e-01
    2.520000e+01    6.094406e-01
    2.522000e+01    6.094626e-01
    2.524000e+01    6.094846e-01
    2.526000e+01    6.095065e-01
    2.528000e+01    6.095283e-01
    2.530000e+01    6.095502e-01
    2.532000e+01    6.095719e-01
    2.534000e+01    6.095937e-01
    2.536000e+01    6.096154e-01
    2.538000e+01    6.096370e-01
    2.540000e+01    6.096586e-01
    2.542000e+01    6.096802e-01
    2.544000e+01    6.097017e-01
    2.546000e+01    6.097231e-01
    2.548000e+01    6.097446e-01
    2.550000e+01    6.097660e-01
    2.552000e+01    6.097873e-01
    2.554000e+01    6.098086e-01
    2.556000e+01    6.098299e-01
    2.558000e+01    6.098511e-01
    2.560000e+01    6.098723e-01
    2.562000e+01    6.098934e-01
    2.564000e+01    6.099145e-01
    2.566000e+01    6.099356e-01
    2.568000e+01    6.099566e-01
    2.570000e+01    6.099776e-01
    2.572000e+01    6.099985e-01
    2.574000e+01    6.100194e-01
    2.576000e+01    6.100403e-01
    2.578000e+01    6.100611e-01
    2.580000e+01    6.100819e-01
    2.582000e+01    6.101026e-01
    2.584000e+01    6.101233e-01
    2.586000e+01    6.101439e-01
    2.588000e+01    6.101645e-01
    2.590000e+01    6.101851e-01
    2.592000e+01    6.102056e-01
    2.594000e+01    6.102261e-01
    2.596000e+01    6.102466e-01
    2.598000e+01    6.102670e-01
    2.600000e+01    6.102874e-01
    2.602000e+01    6.103077e-01
    2.604000e+01    6.103280e-01
    2.606000e+01    6.103482e-01
    2.608000e+01    6.103685e-01
    2.610000e+01    6.103886e-01
    2.612000e+01    6.104088e-01
    2.614000e+01    6.104289e-01
    2.616000e+01    6.104489e-01
    2.618000e+01    6.104690e-01
    2.620000e+01    6.104889e-01
    2.622000e+01    6.105089e-01
    2.624000e+01    6.105288e-01
    2.626000e+01    6.105487e-01
    2.628000e+01    6.105685e-01
    2.630000e+01    6.105883e-01
    2.632000e+01    6.106080e-01
    2.634000e+01    6.106277e-01
    2.636000e+01    6.106474e-01
    2.638000e+01    6.106671e-01
    2.640000e+01    6.106867e-01
    2.642000e+01    6.107062e-01
    2.644000e+01    6.107257e-01
    2.646000e+01    6.107452e-01
    2.648000e+01    6.107647e-01
    2.650000e+01    6.107841e-01
    2.652000e+01    6.108035e-01
    2.654000e+01    6.108228e-01
    2.656000e+01    6.108421e-01
    2.658000e+01    6.108614e-01
    2.660000e+01    6.108806e-01
    2.662000e+01    6.108998e-01
    2.664000e+01    6.109190e-01
    2.666000e+01    6.109381e-01
    2.668000e+01    6.109572e-01
    2.670000e+01    6.109763e-01
    2.672000e+01    6.109953e-01
    2.674000e+01    6.110142e-01
    2.676000e+01    6.110332e-01
    2.678000e+01    6.110521e-01
    2.680000e+01    6.110709e-01
    2.682000e+01    6.110897e-01
    2.684000e+01    6.111085e-01
    2.686000e+01    6.111273e-01
    2.688000e+01    6.111460e-01
    2.690000e+01    6.111647e-01
    2.692000e+01    6.111833e-01
    2.694000e+01    6.112019e-01
    2.696000e+01    6.112205e-01
    2.698000e+01    6.112390e-01
    2.700000e+01    6.112575e-01
    2.702000e+01    6.112760e-01
    2.704000e+01    6.112944e-01
    2.706000e+01    6.113128e-01
    2.708000e+01    6.113311e-01
    2.710000e+01    6.113494e-01
    2.712000e+01    6.113677e-01
    2.714000e+01    6.113859e-01
    2.716000e+01    6.114041e-01
    2.718000e+01    6.114223e-01
    2.720000e+01    6.114404e-01
    2.722000e+01    6.114585e-01
    2.724000e+01    6.114766e-01
    2.726000e+01    6.114946e-01
    2.728000e+01    6.115126e-01
    2.730000e+01    6.115305e-01
    2.732000e+01    6.115484e-01
    2.734000e+01    6.115663e-01
    2.736000e+01    6.115842e-01
    2.738000e+01    6.116020e-01
    2.740000e+01    6.116197e-01
    2.742000e+01    6.116375e-01
    2.744000e+01    6.116552e-01
    2.746000e+01    6.116728e-01
    2.748000e+01    6.116905e-01
    2.750000e+01    6.117080e-01
    2.752000e+01    6.117256e-01
    2.754000e+01    6.117431e-01
    2.756000e+01    6.117606e-01
    2.758000e+01    6.117781e-01
    2.760000e+01    6.117955e-01
    2.762000e+01    6.118129e-01
    2.764000e+01    6.118302e-01
    2.766000e+01    6.118475e-01
    2.768000e+01    6.118648e-01
    2.770000e+01    6.118821e-01
    2.772000e+01    6.118993e-01
    2.774000e+01    6.119164e-01
    2.776000e+01    6.119336e-01
    2.778000e+01    6.119507e-01
    2.780000e+01    6.119678e-01
    2.782000e+01    6.119848e-01
    2.784000e+01    6.120018e-01
    2.786000e+01    6.120188e-01
    2.788000e+01    6.120357e-01
    2.790000e+01    6.120526e-01
    2.792000e+01    6.120695e-01
    2.794000e+01    6.120863e-01
    2.796000e+01    6.121031e-01
    2.798000e+01    6.121199e-01
    2.800000e+01    6.121366e-01
    2.802000e+01    6.121533e-01
    2.804000e+01    6.121700e-01
    2.806000e+01    6.121867e-01
    2.808000e+01    6.122033e-01
    2.810000e+01    6.122199e-01
    2.812000e+01    6.122364e-01
    2.814000e+01    6.122530e-01
    2.816000e+01    6.122694e-01
    2.818000e+01    6.122859e-01
    2.820000e+01    6.123023e-01
    2.822000e+01    6.123187e-01
    2.824000e+01    6.123351e-01
    2.826000e+01    6.123514e-01
    2.828000e+01    6.123678e-01
    2.830000e+01    6.123840e-01
    2.832000e+01    6.124003e-01
    2.834000e+01    6.124165e-01
    2.836000e+01    6.124327e-01
    2.838000e+01    6.124488e-01
    2.840000e+01    6.124650e-01
    2.842000e+01    6.124811e-01
    2.844000e+01    6.124971e-01
    2.846000e+01    6.125132e-01
    2.848000e+01    6.125292e-01
    2.850000e+01    6.125452e-01
    2.852000e+01    6.125611e-01
    2.854000e+01    6.125770e-01
    2.856000e+01    6.125929e-01
    2.858000e+01    6.126088e-01
    2.860000e+01    6.126246e-01
    2.862000e+01    6.126404e-01
    2.864000e+01    6.126562e-01
    2.866000e+01    6.126720e-01
    2.868000e+01    6.126877e-01
    2.870000e+01    6.127034e-01
    2.872000e+01    6.127190e-01
    2.874000e+01    6.127346e-01
    2.876000e+01    6.127502e-01
    2.878000e+01    6.127658e-01
    2.880000e+01    6.127813e-01
    2.882000e+01    6.127969e-01
    2.884000e+01    6.128123e-01
    2.886000e+01    6.128278e-01
    2.888000e+01    6.128432e-01
    2.890000e+01    6.128586e-01
    2.892000e+01    6.128740e-01
    2.894000e+01    6.128893e-01
    2.896000e+01    6.129046e-01
    2.898000e+01    6.129199e-01
    2.900000e+01    6.129352e-01
    2.902000e+01    6.129504e-01
    2.904000e+01    6.129656e-01
    2.906000e+01    6.129808e-01
    2.908000e+01    6.129959e-01
    2.910000e+01    6.130110e-01
    2.912000e+01    6.130261e-01
    2.914000e+01    6.130412e-01
    2.916000e+01    6.130562e-01
    2.918000e+01    6.130712e-01
    2.920000e+01    6.130862e-01
    2.922000e+01    6.131011e-01
    2.924000e+01    6.131160e-01
    2.926000e+01    6.131309e-01
    2.928000e+01    6.131458e-01
    2.930000e+01    6.131606e-01
    2.932000e+01    6.131755e-01
    2.934000e+01    6.131902e-01
    2.936000e+01    6.132050e-01
    2.938000e+01    6.132198e-01
    2.940000e+01    6.132345e-01
    2.942000e+01    6.132492e-01
    2.944000e+01    6.132638e-01
    2.946000e+01    6.132785e-01
    2.948000e+01    6.132931e-01
    2.950000e+01    6.133077e-01
    2.952000e+01    6.133222e-01
    2.954000e+01    6.133368e-01
    2.956000e+01    6.133513e-01
    2.958000e+01    6.133657e-01
    2.960000e+01    6.133802e-01
    2.962000e+01    6.133946e-01
    2.964000e+01    6.134090e-01
    2.966000e+01    6.134234e-01
    2.968000e+01    6.134377e-01
    2.970000e+01    6.134521e-01
    2.972000e+01    6.134663e-01
    2.974000e+01    6.134806e-01
    2.976000e+01    6.134948e-01
    2.978000e+01    6.135091e-01
    2.980000e+01    6.135232e-01
    2.982000e+01    6.135374e-01
    2.984000e+01    6.135515e-01
    2.986000e+01    6.135656e-01
    2.988000e+01    6.135797e-01
    2.990000e+01    6.135938e-01
    2.992000e+01    6.136078e-01
    2.994000e+01    6.136218e-01
    2.996000e+01    6.136357e-01
    2.998000e+01    6.136497e-01
    3.000000e+01    6.136636e-01
    3.002000e+01    6.136775e-01
    3.004000e+01    6.136913e-01
    3.006000e+01    6.137052e-01
    3.008000e+01    6.137190e-01
    3.010000e+01    6.137328e-01
    3.012000e+01    6.137465e-01
    3.014000e+01    6.137603e-01
    3.016000e+01    6.137740e-01
    3.018000e+01    6.137876e-01
    3.020000e+01    6.138013e-01
    3.022000e+01    6.138149e-01
    3.024000e+01    6.138285e-01
    3.026000e+01    6.138421e-01
    3.028000e+01    6.138557e-01
    3.030000e+01    6.138692e-01
    3.032000e+01    6.138827e-01
    3.034000e+01    6.138962e-01
    3.036000e+01    6.139096e-01
    3.038000e+01    6.139230e-01
    3.040000e+01    6.139364e-01
    3.042000e+01    6.139498e-01
    3.044000e+01    6.139632e-01
    3.046000e+01    6.139765e-01
    3.048000e+01    6.139898e-01
    3.050000e+01    6.140031e-01
    3.052000e+01    6.140163e-01
    3.054000e+01    6.140295e-01
    3.056000e+01    6.140427e-01
    3.058000e+01    6.140559e-01
    3.060000e+01    6.140691e-01
    3.062000e+01    6.140822e-01
    3.064000e+01    6.140953e-01
    3.066000e+01    6.141084e-01
    3.068000e+01    6.141214e-01
    3.070000e+01    6.141345e-01
    3.072000e+01    6.141475e-01
    3.074000e+01    6.141605e-01
    3.076000e+01    6.141734e-01
    3.078000e+01    6.141864e-01
    3.080000e+01    6.141993e-01
    3.082000e+01    6.142121e-01
    3.084000e+01    6.142250e-01
    3.086000e+01    6.142378e-01
    3.088000e+01    6.142507e-01
    3.090000e+01    6.142635e-01
    3.092000e+01    6.142762e-01
    3.094000e+01    6.142890e-01
    3.096000e+01    6.143017e-01
    3.098000e+01    6.143144e-01
    3.100000e+01    6.143271e-01
    3.102000e+01    6.143397e-01
    3.104000e+01    6.143523e-01
    3.106000e+01    6.143649e-01
    3.108000e+01    6.143775e-01
    3.110000e+01    6.143901e-01
    3.112000e+01    6.144026e-01
    3.114000e+01    6.144151e-01
    3.116000e+01    6.144276e-01
    3.118000e+01    6.144401e-01
    3.120000e+01    6.144525e-01
    3.122000e+01    6.144650e-01
    3.124000e+01    6.144774e-01
    3.126000e+01    6.144897e-01
    3.128000e+01    6.145021e-01
    3.130000e+01    6.145144e-01
    3.132000e+01    6.145268e-01
    3.134000e+01    6.145390e-01
    3.136000e+01    6.145513e-01
    3.138000e+01    6.145636e-01
    3.140000e+01    6.145758e-01
    3.142000e+01    6.145880e-01
    3.144000e+01    6.146002e-01
    3.146000e+01    6.146123e-01
    3.148000e+01    6.146245e-01
    3.150000e+01    6.146366e-01
    3.152000e+01    6.146487e-01
    3.154000e+01    6.146608e-01
    3.156000e+01    6.146728e-01
    3.158000e+01    6.146848e-01
    3.160000e+01    6.146968e-01
    3.162000e+01    6.147088e-01
    3.164000e+01    6.147208e-01
    3.166000e+01    6.147327e-01
    3.168000e+01    6.147446e-01
    3.170000e+01    6.147565e-01
    3.172000e+01    6.147684e-01
    3.174000e+01    6.147803e-01
    3.176000e+01    6.147921e-01
    3.178000e+01    6.148039e-01
    3.180000e+01    6.148157e-01
    3.182000e+01    6.148275e-01
    3.184000e+01    6.148392e-01
    3.186000e+01    6.148509e-01
    3.188000e+01    6.148626e-01
    3.190000e+01    6.148743e-01
    3.192000e+01    6.148860e-01
    3.194000e+01    6.148976e-01
    3.196000e+01    6.149092e-01
    3.198000e+01    6.149208e-01
    3.200000e+01    6.149324e-01
    3.202000e+01    6.149440e-01
    3.204000e+01    6.149555e-01
    3.206000e+01    6.149670e-01
    3.208000e+01    6.149785e-01
    3.210000e+01    6.149900e-01
    3.212000e+01    6.150014e-01
    3.214000e+01    6.150128e-01
    3.216000e+01    6.150242e-01
    3.218000e+01    6.150356e-01
    3.220000e+01    6.150470e-01
    3.222000e+01    6.150583e-01
    3.224000e+01    6.150696e-01
    3.226000e+01    6.150809e-01
    3.228000e+01    6.150922e-01
    3.230000e+01    6.151034e-01
    3.232000e+01    6.151147e-01
    3.234000e+01    6.151259e-01
    3.236000e+01    6.151371e-01
    3.238000e+01    6.151482e-01
    3.240000e+01    6.151594e-01
    3.242000e+01    6.151705e-01
    3.244000e+01    6.151816e-01
    3.246000e+01    6.151927e-01
    3.248000e+01    6.152038e-01
    3.250000e+01    6.152148e-01
    3.252000e+01    6.152259e-01
    3.254000e+01    6.152369e-01
    3.256000e+01    6.152478e-01
    3.258000e+01    6.152588e-01
    3.260000e+01    6.152697e-01
    3.262000e+01    6.152807e-01
    3.264000e+01    6.152916e-01
    3.266000e+01    6.153025e-01
    3.268000e+01    6.153133e-01
    3.270000e+01    6.153242e-01
    3.272000e+01    6.153350e-01
    3.274000e+01    6.153458e-01
    3.276000e+01    6.153566e-01
    3.278000e+01    6.153673e-01
    3.280000e+01    6.153781e-01
    3.282000e+01    6.153888e-01
    3.284000e+01    6.153995e-01
    3.286000e+01    6.154102e-01
    3.288000e+01    6.154209e-01
    3.290000e+01    6.154315e-01
    3.292000e+01    6.154421e-01
    3.294000e+01    6.154528e-01
    3.296000e+01    6.154634e-01
    3.298000e+01    6.154739e-01
    3.300000e+01    6.154845e-01
    3.302000e+01    6.154950e-01
    3.304000e+01    6.155055e-01
    3.306000e+01    6.155160e-01
    3.308000e+01    6.155265e-01
    3.310000e+01    6.155370e-01
    3.312000e+01    6.155474e-01
    3.314000e+01    6.155579e-01
    3.316000e+01    6.155683e-01
    3.318000e+01    6.155786e-01
    3.320000e+01    6.155890e-01
    3.322000e+01    6.155994e-01
    3.324000e+01    6.156097e-01
    3.326000e+01    6.156200e-01
    3.328000e+01    6.156303e-01
    3.330000e+01    6.156406e-01
    3.332000e+01    6.156509e-01
    3.334000e+01    6.156611e-01
    3.336000e+01    6.156713e-01
    3.338000e+01    6.156815e-01
    3.340000e+01    6.156917e-01
    3.342000e+01    6.157019e-01
    3.344000e+01    6.157121e-01
    3.346000e+01    6.157222e-01
    3.348000e+01    6.157323e-01
    3.350000e+01    6.157424e-01
    3.352000e+01    6.157525e-01
    3.354000e+01    6.157626e-01
    3.356000e+01    6.157726e-01
    3.358000e+01    6.157826e-01
    3.360000e+01    6.157926e-01
    3.362000e+01    6.158026e-01
    3.364000e+01    6.158126e-01
    3.366000e+01    6.158226e-01
    3.368000e+01    6.158325e-01
    3.370000e+01    6.158424e-01
    3.372000e+01    6.158523e-01
    3.374000e+01    6.158622e-01
    3.376000e+01    6.158721e-01
    3.378000e+01    6.158819e-01
    3.380000e+01    6.158918e-01
    3.382000e+01    6.159016e-01
    3.384000e+01    6.159114e-01
    3.386000e+01    6.159212e-01
    3.388000e+01    6.159309e-01
    3.390000e+01    6.159407e-01
    3.392000e+01    6.159504e-01
    3.394000e+01    6.159601e-01
    3.396000e+01    6.159698e-01
    3.398000e+01    6.159795e-01
    3.400000e+01    6.159892e-01
    3.402000e+01    6.159988e-01
    3.404000e+01    6.160084e-01
    3.406000e+01    6.160180e-01
    3.408000e+01    6.160276e-01
    3.410000e+01    6.160372e-01
    3.412000e+01    6.160468e-01
    3.414000e+01    6.160563e-01
    3.416000e+01    6.160658e-01
    3.418000e+01    6.160753e-01
    3.420000e+01    6.160848e-01
    3.422000e+01    6.160943e-01
    3.424000e+01    6.161037e-01
    3.426000e+01    6.161132e-01
    3.428000e+01    6.161226e-01
    3.430000e+01    6.161320e-01
    3.432000e+01    6.161414e-01
    3.434000e+01    6.161507e-01
    3.436000e+01    6.161601e-01
    3.438000e+01    6.161694e-01
    3.440000e+01    6.161787e-01
    3.442000e+01    6.161880e-01
    3.444000e+01    6.161973e-01
    3.446000e+01    6.162066e-01
    3.448000e+01    6.162158e-01
    3.450000e+01    6.162251e-01
    3.452000e+01    6.162343e-01
    3.454000e+01    6.162435e-01
    3.456000e+01    6.162527e-01
    3.458000e+01    6.162619e-01
    3.460000e+01    6.162710e-01
    3.462000e+01    6.162801e-01
    3.464000e+01    6.162893e-01
    3.466000e+01    6.162984e-01
    3.468000e+01    6.163075e-01
    3.470000e+01    6.163165e-01
    3.472000e+01    6.163256e-01
    3.474000e+01    6.163346e-01
    3.476000e+01    6.163436e-01
    3.478000e+01    6.163526e-01
    3.480000e+01    6.163616e-01
    3.482000e+01    6.163706e-01
    3.484000e+01    6.163796e-01
    3.486000e+01    6.163885e-01
    3.488000e+01    6.163974e-01
    3.490000e+01    6.164064e-01
    3.492000e+01    6.164153e-01
    3.494000e+01    6.164241e-01
    3.496000e+01    6.164330e-01
    3.498000e+01    6.164418e-01
    3.500000e+01    6.164507e-01
    3.502000e+01    6.164595e-01
    3.504000e+01    6.164683e-01
    3.506000e+01    6.164771e-01
    3.508000e+01    6.164859e-01
    3.510000e+01    6.164946e-01
    3.512000e+01    6.165033e-01
    3.514000e+01    6.165121e-01
    3.516000e+01    6.165208e-01
    3.518000e+01    6.165295e-01
    3.520000e+01    6.165382e-01
    3.522000e+01    6.165468e-01
    3.524000e+01    6.165555e-01
    3.526000e+01    6.165641e-01
    3.528000e+01    6.165727e-01
    3.530000e+01    6.165813e-01
    3.532000e+01    6.165899e-01
    3.534000e+01    6.165985e-01
    3.536000e+01    6.166070e-01
    3.538000e+01    6.166155e-01
    3.540000e+01    6.166241e-01
    3.542000e+01    6.166326e-01
    3.544000e+01    6.166411e-01
    3.546000e+01    6.166495e-01
    3.548000e+01    6.166580e-01
    3.550000e+01    6.166665e-01
    3.552000e+01    6.166749e-01
    3.554000e+01    6.166833e-01
    3.556000e+01    6.166917e-01
    3.558000e+01    6.167001e-01
    3.560000e+01    6.167085e-01
    3.562000e+01    6.167168e-01
    3.564000e+01    6.167252e-01
    3.566000e+01    6.167335e-01
    3.568000e+01    6.167418e-01
    3.570000e+01    6.167501e-01
    3.572000e+01    6.167584e-01
    3.574000e+01    6.167666e-01
    3.576000e+01    6.167749e-01
    3.578000e+01    6.167831e-01
    3.580000e+01    6.167913e-01
    3.582000e+01    6.167995e-01
    3.584000e+01    6.168077e-01
    3.586000e+01    6.168159e-01
    3.588000e+01    6.168240e-01
    3.590000e+01    6.168322e-01
    3.592000e+01    6.168403e-01
    3.594000e+01    6.168484e-01
    3.596000e+01    6.168565e-01
    3.598000e+01    6.168645e-01
    3.600000e+01    6.168726e-01
    3.602000e+01    6.168806e-01
    3.604000e+01    6.168887e-01
    3.606000e+01    6.168967e-01
    3.608000e+01    6.169047e-01
    3.610000e+01    6.169127e-01
    3.612000e+01    6.169206e-01
    3.614000e+01    6.169286e-01
    3.616000e+01    6.169365e-01
    3.618000e+01    6.169444e-01
    3.620000e+01    6.169523e-01
    3.622000e+01    6.169602e-01
    3.624000e+01    6.169681e-01
    3.626000e+01    6.169760e-01
    3.628000e+01    6.169838e-01
    3.630000e+01    6.169916e-01
    3.632000e+01    6.169995e-01
    3.634000e+01    6.170073e-01
    3.636000e+01    6.170151e-01
    3.638000e+01    6.170228e-01
    3.640000e+01    6.170306e-01
    3.642000e+01    6.170383e-01
    3.644000e+01    6.170461e-01
    3.646000e+01    6.170538e-01
    3.648000e+01    6.170615e-01
    3.650000e+01    6.170692e-01
    3.652000e+01    6.170769e-01
    3.654000e+01    6.170845e-01
    3.656000e+01    6.170922e-01
    3.658000e+01    6.170998e-01
    3.660000e+01    6.171074e-01
    3.662000e+01    6.171151e-01
    3.664000e+01    6.171226e-01
    3.666000e+01    6.171302e-01
    3.668000e+01    6.171378e-01
    3.670000e+01    6.171453e-01
    3.672000e+01    6.171529e-01
    3.674000e+01    6.171604e-01
    3.676000e+01    6.171679e-01
    3.678000e+01    6.171754e-01
    3.680000e+01    6.171829e-01
    3.682000e+01    6.171904e-01
    3.684000e+01    6.171978e-01
    3.686000e+01    6.172053e-01
    3.688000e+01    6.172127e-01
    3.690000e+01    6.172201e-01
    3.692000e+01    6.172276e-01
    3.694000e+01    6.172350e-01
    3.696000e+01    6.172423e-01
    3.698000e+01    6.172497e-01
    3.700000e+01    6.172571e-01
    3.702000e+01    6.172644e-01
    3.704000e+01    6.172717e-01
    3.706000e+01    6.172790e-01
    3.708000e+01    6.172863e-01
    3.710000e+01    6.172936e-01
    3.712000e+01    6.173009e-01
    3.714000e+01    6.173082e-01
    3.716000e+01    6.173154e-01
    3.718000e+01    6.173227e-01
    3.720000e+01    6.173299e-01
    3.722000e+01    6.173371e-01
    3.724000e+01    6.173443e-01
    3.726000e+01    6.173515e-01
    3.728000e+01    6.173587e-01
    3.730000e+01    6.173658e-01
    3.732000e+01    6.173730e-01
    3.734000e+01    6.173801e-01
    3.736000e+01    6.173872e-01
    3.738000e+01    6.173943e-01
    3.740000e+01    6.174014e-01
    3.742000e+01    6.174085e-01
    3.744000e+01    6.174156e-01
    3.746000e+01    6.174227e-01
    3.748000e+01    6.174297e-01
    3.750000e+01    6.174368e-01
    3.752000e+01    6.174438e-01
    3.754000e+01    6.174508e-01
    3.756000e+01    6.174578e-01
    3.758000e+01    6.174648e-01
    3.760000e+01    6.174718e-01
    3.762000e+01    6.174787e-01
    3.764000e+01    6.174857e-01
    3.766000e+01    6.174926e-01
    3.768000e+01    6.174995e-01
    3.770000e+01    6.175065e-01
    3.772000e+01    6.175134e-01
    3.774000e+01    6.175202e-01
    3.776000e+01    6.175271e-01
    3.778000e+01    6.175340e-01
    3.780000e+01    6.175408e-01
    3.782000e+01    6.175477e-01
    3.784000e+01    6.175545e-01
    3.786000e+01    6.175613e-01
    3.788000e+01    6.175681e-01
    3.790000e+01    6.175749e-01
    3.792000e+01    6.175817e-01
    3.794000e+01    6.175885e-01
    3.796000e+01    6.175952e-01
    3.798000e+01    6.176020e-01
    3.800000e+01    6.176087e-01
    3.802000e+01    6.176154e-01
    3.804000e+01    6.176222e-01
    3.806000e+01    6.176289e-01
    3.808000e+01    6.176355e-01
    3.810000e+01    6.176422e-01
    3.812000e+01    6.176489e-01
    3.814000e+01    6.176555e-01
    3.816000e+01    6.176622e-01
    3.818000e+01    6.176688e-01
    3.820000e+01    6.176754e-01
    3.822000e+01    6.176820e-01
    3.824000e+01    6.176886e-01
    3.826000e+01    6.176952e-01
    3.828000e+01    6.177018e-01
    3.830000e+01    6.177083e-01
    3.832000e+01    6.177149e-01
    3.834000e+01    6.177214e-01
    3.836000e+01    6.177279e-01
    3.838000e+01    6.177345e-01
    3.840000e+01    6.177410e-01
    3.842000e+01    6.177475e-01
    3.844000e+01    6.177539e-01
    3.846000e+01    6.177604e-01
    3.848000e+01    6.177669e-01
    3.850000e+01    6.177733e-01
    3.852000e+01    6.177797e-01
    3.854000e+01    6.177862e-01
    3.856000e+01    6.177926e-01
    3.858000e+01    6.177990e-01
    3.860000e+01    6.178054e-01
    3.862000e+01    6.178117e-01
    3.864000e+01    6.178181e-01
    3.866000e+01    6.178244e-01
    3.868000e+01    6.178308e-01
    3.870000e+01    6.178371e-01
    3.872000e+01    6.178434e-01
    3.874000e+01    6.178498e-01
    3.876000e+01    6.178561e-01
    3.878000e+01    6.178623e-01
    3.880000e+01    6.178686e-01
    3.882000e+01    6.178749e-01
    3.884000e+01    6.178811e-01
    3.886000e+01    6.178874e-01
    3.888000e+01    6.178936e-01
    3.890000e+01    6.178998e-01
    3.892000e+01    6.179060e-01
    3.894000e+01    6.179122e-01
    3.896000e+01    6.179184e-01
    3.898000e+01    6.179246e-01
    3.900000e+01    6.179308e-01
    3.902000e+01    6.179369e-01
    3.904000e+01    6.179431e-01
    3.906000e+01    6.179492e-01
    3.908000e+01    6.179553e-01
    3.910000e+01    6.179614e-01
    3.912000e+01    6.179675e-01
    3.914000e+01    6.179736e-01
    3.916000e+01    6.179797e-01
    3.918000e+01    6.179858e-01
    3.920000e+01    6.179919e-01
    3.922000e+01    6.179979e-01
    3.924000e+01    6.180039e-01
    3.926000e+01    6.180100e-01
    3.928000e+01    6.180160e-01
    3.930000e+01    6.180220e-01
    3.932000e+01    6.180280e-01
    3.934000e+01    6.180340e-01
    3.936000e+01    6.180400e-01
    3.938000e+01    6.180459e-01
    3.940000e+01    6.180519e-01
    3.942000e+01    6.180578e-01
    3.944000e+01    6.180638e-01
    3.946000e+01    6.180697e-01
    3.948000e+01    6.180756e-01
    3.950000e+01    6.180815e-01
    3.952000e+01    6.180874e-01
    3.954000e+01    6.180933e-01
    3.956000e+01    6.180992e-01
    3.958000e+01    6.181050e-01
    3.960000e+01    6.181109e-01
    3.962000e+01    6.181167e-01
    3.964000e+01    6.181226e-01
    3.966000e+01    6.181284e-01
    3.968000e+01    6.181342e-01
    3.970000e+01    6.181400e-01
    3.972000e+01    6.181458e-01
    3.974000e+01    6.181516e-01
    3.976000e+01    6.181574e-01
    3.978000e+01    6.181631e-01
    3.980000e+01    6.181689e-01
    3.982000e+01    6.181746e-01
    3.984000e+01    6.181803e-01
    3.986000e+01    6.181861e-01
    3.988000e+01    6.181918e-01
    3.990000e+01    6.181975e-01
    3.992000e+01    6.182032e-01
    3.994000e+01    6.182089e-01
    3.996000e+01    6.182145e-01
    3.998000e+01    6.182202e-01
