0.0017121044727721468 0.999043820919937
0.2967127329500734 0.8573848788359264
0.3996030669692181 0.7438181536553325
0.5991267473322792 0.5180853916118884
0.7999999999999994 0.29220195990258846
0.9999999999999996 0.039875166151849495
1.2281822451855318 -0.18251455037422515
1.4563644903710644 -0.332199936497545
1.9669248936550199 -0.4427021189786706
2.228063165276298 -0.39558280564984694
2.4557492441733517 -0.32502433766587346
2.6418168947928997 -0.2554823840751361
2.8281822451855323 -0.17182273707970253
2.985670717588765 -0.08902893481165886
3.2 -0.002892087026241885
3.529524540384627 0.08597796508743727
4.070554846221533 0.14294574626302436
4.583700606645991 0.1049747252391735
4.926879643289522 0.05766724344512042
5.400000000000003 -0.007168812344050757
6.0588704609054025 -0.04959722739106365
6.670217453145368 -0.039846593656853946
6.99982138013615 -0.022054516363582577
7.599980153348466 0.006858546707967816
8.29869739810399 0.014899990267029484
8.799900766742308 0.01378564176123831
9.599940460045381 -0.0014389003893719998
10.197156636389483 -0.006400801729216088
10.79988092009076 -0.004262439070311208
11.399999999999991 0.0013846382915674305
11.99999999999999 0.0013846382915674305
12.65640418367413 0.0011286347532890595
13.422495517964485 0.0029206595212376563
13.999999999999979 0.0013846382915674305
14.870475459615346 -0.0019509074659285197
15.642372601035966 -0.0003245518835810479
16.22788454541242 0.00009712084029822599
16.85626525711334 0.000955465807811029
17.343635509628907 0.0013846382915674305
17.9831250537513 -0.0014389003893719998
18.46725500962558 0.00017995543309878848
18.99984122678765 0.00027028978577647855
19.701620148320607 -0.0013485660366945318
20.242352754384413 -0.0012657314438939693
21.000178619863807 -0.0008365589601375678
21.64227336777825 -0.002892087026241885
22.40003969330303 -0.0010097279056155983
23.24272984076365 -0.0004902210691819509
24.19910690068069 -0.0003395514033353031
25.40021831316687 -0.0010925624984157167
26.599146593983757 -0.000595554941613452
27.679263556916748 -0.0027114183208876153
28.622957283390296 -0.0017324027270362308
29.482552808631848 -0.003004583424399465
