    0.000000e+00    1.0000000000e+00    0.0000000000e+00
    5.000000e-02    9.9750744789e-01    2.4925521073e-03
    1.000000e-01    9.9011836448e-01    9.8816355214e-03
    1.500000e-01    9.7809232557e-01    2.1907674429e-02
    2.000000e-01    9.6184186638e-01    3.8158133616e-02
    2.500000e-01    9.4190450816e-01    5.8095491843e-02
    3.000000e-01    9.1890812494e-01    8.1091875060e-02
    3.500000e-01    8.9353341534e-01    1.0646658466e-01
    4.000000e-01    8.6647713215e-01    1.3352286785e-01
    4.500000e-01    8.3841912374e-01    1.6158087626e-01
    5.000000e-01    8.0999533379e-01    1.9000466621e-01
    5.500000e-01    7.8177788848e-01    2.1822211152e-01
    6.000000e-01    7.5426244749e-01    2.4573755251e-01
    6.500000e-01    7.2786222987e-01    2.7213777013e-01
    7.000000e-01    7.0290761311e-01    2.9709238689e-01
    7.500000e-01    6.7964994779e-01    3.2035005221e-01
    8.000000e-01    6.5826819860e-01    3.4173180140e-01
    8.500000e-01    6.3887715599e-01    3.6112284401e-01
    9.000000e-01    6.2153619695e-01    3.7846380305e-01
    9.500000e-01    6.0625784858e-01    3.9374215142e-01
    1.000000e+00    5.9301567730e-01    4.0698432270e-01
    1.050000e+00    5.8175125932e-01    4.1824874068e-01
    1.100000e+00    5.7238016792e-01    4.2761983208e-01
    1.150000e+00    5.6479703661e-01    4.3520296339e-01
    1.200000e+00    5.5887982921e-01    4.4112017079e-01
    1.250000e+00    5.5449347758e-01    4.4550652242e-01
    1.300000e+00    5.5149304630e-01    4.4850695370e-01
    1.350000e+00    5.4972656232e-01    4.5027343768e-01
    1.400000e+00    5.4903761583e-01    4.5096238417e-01
    1.450000e+00    5.4926780396e-01    4.5073219604e-01
    1.500000e+00    5.5025905585e-01    4.4974094415e-01
    1.550000e+00    5.5185585051e-01    4.4814414949e-01
    1.600000e+00    5.5390731774e-01    4.4609268226e-01
    1.650000e+00    5.5626919882e-01    4.4373080118e-01
    1.700000e+00    5.5880563603e-01    4.4119436397e-01
    1.750000e+00    5.6139075826e-01    4.3860924174e-01
    1.800000e+00    5.6391003246e-01    4.3608996754e-01
    1.850000e+00    5.6626135585e-01    4.3373864415e-01
    1.900000e+00    5.6835587157e-01    4.3164412843e-01
    1.950000e+00    5.7011849864e-01    4.2988150136e-01
    2.000000e+00    5.7148817619e-01    4.2851182381e-01
    2.050000e+00    5.7241782963e-01    4.2758217037e-01
    2.100000e+00    5.7287407469e-01    4.2712592531e-01
    2.150000e+00    5.7283668076e-01    4.2716331924e-01
    2.200000e+00    5.7229782067e-01    4.2770217933e-01
    2.250000e+00    5.7126113730e-01    4.2873886270e-01
    2.300000e+00    5.6974066009e-01    4.3025933991e-01
    2.350000e+00    5.6775960555e-01    4.3224039445e-01
    2.400000e+00    5.6534909602e-01    4.3465090398e-01
    2.450000e+00    5.6254683007e-01    4.3745316993e-01
    2.500000e+00    5.5939573618e-01    4.4060426382e-01
    2.550000e+00    5.5594263923e-01    4.4405736077e-01
    2.600000e+00    5.5223696610e-01    4.4776303390e-01
    2.650000e+00    5.4832951398e-01    4.5167048602e-01
    2.700000e+00    5.4427130094e-01    4.5572869906e-01
    2.750000e+00    5.4011251542e-01    4.5988748458e-01
    2.800000e+00    5.3590157685e-01    4.6409842315e-01
    2.850000e+00    5.3168431703e-01    4.6831568297e-01
    2.900000e+00    5.2750328759e-01    4.7249671241e-01
    2.950000e+00    5.2339719632e-01    4.7660280368e-01
    3.000000e+00    5.1940047196e-01    4.8059952804e-01
    3.050000e+00    5.1554295435e-01    4.8445704565e-01
    3.100000e+00    5.1184970471e-01    4.8815029529e-01
    3.150000e+00    5.0834092874e-01    4.9165907126e-01
    3.200000e+00    5.0503200367e-01    4.9496799633e-01
    3.250000e+00    5.0193359899e-01    4.9806640101e-01
    3.300000e+00    4.9905188003e-01    5.0094811997e-01
    3.350000e+00    4.9638878232e-01    5.0361121768e-01
    3.400000e+00    4.9394234506e-01    5.0605765494e-01
    3.450000e+00    4.9170709141e-01    5.0829290859e-01
    3.500000e+00    4.8967444385e-01    5.1032555615e-01
    3.550000e+00    4.8783316307e-01    5.1216683693e-01
    3.600000e+00    4.8616979963e-01    5.1383020037e-01
    3.650000e+00    4.8466914819e-01    5.1533085181e-01
    3.700000e+00    4.8331469516e-01    5.1668530484e-01
    3.750000e+00    4.8208905155e-01    5.1791094845e-01
    3.800000e+00    4.8097436381e-01    5.1902563619e-01
    3.850000e+00    4.7995269658e-01    5.2004730342e-01
    3.900000e+00    4.7900638247e-01    5.2099361753e-01
    3.950000e+00    4.7811833500e-01    5.2188166500e-01
    4.000000e+00    4.7727232183e-01    5.2272767817e-01
    4.050000e+00    4.7645319679e-01    5.2354680321e-01
    4.100000e+00    4.7564708964e-01    5.2435291036e-01
    4.150000e+00    4.7484155394e-01    5.2515844606e-01
    4.200000e+00    4.7402567382e-01    5.2597432618e-01
    4.250000e+00    4.7319013134e-01    5.2680986866e-01
    4.300000e+00    4.7232723670e-01    5.2767276330e-01
    4.350000e+00    4.7143092408e-01    5.2856907592e-01
    4.400000e+00    4.7049671627e-01    5.2950328373e-01
    4.450000e+00    4.6952166168e-01    5.3047833832e-01
    4.500000e+00    4.6850424738e-01    5.3149575262e-01
    4.550000e+00    4.6744429211e-01    5.3255570789e-01
    4.600000e+00    4.6634282302e-01    5.3365717698e-01
    4.650000e+00    4.6520194020e-01    5.3479805980e-01
    4.700000e+00    4.6402467262e-01    5.3597532738e-01
    4.750000e+00    4.6281482904e-01    5.3718517096e-01
    4.800000e+00    4.6157684739e-01    5.3842315261e-01
    4.850000e+00    4.6031564554e-01    5.3968435446e-01
    4.900000e+00    4.5903647634e-01    5.4096352366e-01
    4.950000e+00    4.5774478942e-01    5.4225521058e-01
    5.000000e+00    4.5644610163e-01    5.4355389837e-01
    5.050000e+00    4.5514587813e-01    5.4485412187e-01
    5.100000e+00    4.5384942529e-01    5.4615057471e-01
    5.150000e+00    4.5256179648e-01    5.4743820352e-01
    5.200000e+00    4.5128771138e-01    5.4871228862e-01
    5.250000e+00    4.5003148932e-01    5.4996851068e-01
    5.300000e+00    4.4879699645e-01    5.5120300355e-01
    5.350000e+00    4.4758760664e-01    5.5241239336e-01
    5.400000e+00    4.4640617571e-01    5.5359382429e-01
    5.450000e+00    4.4525502808e-01    5.5474497192e-01
    5.500000e+00    4.4413595515e-01    5.5586404485e-01
    5.550000e+00    4.4305022434e-01    5.5694977566e-01
    5.600000e+00    4.4199859753e-01    5.5800140247e-01
    5.650000e+00    4.4098135789e-01    5.5901864211e-01
    5.700000e+00    4.3999834369e-01    5.6000165631e-01
    5.750000e+00    4.3904898783e-01    5.6095101217e-01
    5.800000e+00    4.3813236177e-01    5.6186763823e-01
    5.850000e+00    4.3724722268e-01    5.6275277732e-01
    5.900000e+00    4.3639206254e-01    5.6360793746e-01
    5.950000e+00    4.3556515799e-01    5.6443484201e-01
    6.000000e+00    4.3476462001e-01    5.6523537999e-01
    6.050000e+00    4.3398844238e-01    5.6601155762e-01
    6.100000e+00    4.3323454808e-01    5.6676545192e-01
    6.150000e+00    4.3250083299e-01    5.6749916701e-01
    6.200000e+00    4.3178520623e-01    5.6821479377e-01
    6.250000e+00    4.3108562663e-01    5.6891437337e-01
    6.300000e+00    4.3040013502e-01    5.6959986498e-01
    6.350000e+00    4.2972688202e-01    5.7027311798e-01
    6.400000e+00    4.2906415119e-01    5.7093584881e-01
    6.450000e+00    4.2841037754e-01    5.7158962246e-01
    6.500000e+00    4.2776416142e-01    5.7223583858e-01
    6.550000e+00    4.2712427798e-01    5.7287572202e-01
    6.600000e+00    4.2648968236e-01    5.7351031764e-01
    6.650000e+00    4.2585951100e-01    5.7414048900e-01
    6.700000e+00    4.2523307928e-01    5.7476692072e-01
    6.750000e+00    4.2460987595e-01    5.7539012405e-01
    6.800000e+00    4.2398955472e-01    5.7601044528e-01
    6.850000e+00    4.2337192347e-01    5.7662807653e-01
    6.900000e+00    4.2275693139e-01    5.7724306861e-01
    6.950000e+00    4.2214465462e-01    5.7785534538e-01
    7.000000e+00    4.2153528071e-01    5.7846471929e-01
    7.050000e+00    4.2092909236e-01    5.7907090764e-01
    7.100000e+00    4.2032645079e-01    5.7967354921e-01
    7.150000e+00    4.1972777911e-01    5.8027222089e-01
    7.200000e+00    4.1913354602e-01    5.8086645398e-01
    7.250000e+00    4.1854425014e-01    5.8145574986e-01
    7.300000e+00    4.1796040520e-01    5.8203959480e-01
    7.350000e+00    4.1738252633e-01    5.8261747367e-01
    7.400000e+00    4.1681111759e-01    5.8318888241e-01
    7.450000e+00    4.1624666090e-01    5.8375333910e-01
    7.500000e+00    4.1568960638e-01    5.8431039362e-01
    7.550000e+00    4.1514036435e-01    5.8485963565e-01
    7.600000e+00    4.1459929867e-01    5.8540070133e-01
    7.650000e+00    4.1406672179e-01    5.8593327821e-01
    7.700000e+00    4.1354289116e-01    5.8645710884e-01
    7.750000e+00    4.1302800709e-01    5.8697199291e-01
    7.800000e+00    4.1252221202e-01    5.8747778798e-01
    7.850000e+00    4.1202559089e-01    5.8797440911e-01
    7.900000e+00    4.1153817278e-01    5.8846182722e-01
    7.950000e+00    4.1105993341e-01    5.8894006659e-01
    8.000000e+00    4.1059079859e-01    5.8940920141e-01
    8.050000e+00    4.1013064833e-01    5.8986935167e-01
    8.100000e+00    4.0967932148e-01    5.9032067852e-01
    8.150000e+00    4.0923662086e-01    5.9076337914e-01
    8.200000e+00    4.0880231860e-01    5.9119768140e-01
    8.250000e+00    4.0837616161e-01    5.9162383839e-01
    8.300000e+00    4.0795787714e-01    5.9204212286e-01
    8.350000e+00    4.0754717817e-01    5.9245282183e-01
    8.400000e+00    4.0714376863e-01    5.9285623137e-01
    8.450000e+00    4.0674734841e-01    5.9325265159e-01
    8.500000e+00    4.0635761789e-01    5.9364238211e-01
    8.550000e+00    4.0597428223e-01    5.9402571777e-01
    8.600000e+00    4.0559705508e-01    5.9440294492e-01
    8.650000e+00    4.0522566185e-01    5.9477433815e-01
    8.700000e+00    4.0485984252e-01    5.9514015748e-01
    8.750000e+00    4.0449935388e-01    5.9550064612e-01
    8.800000e+00    4.0414397130e-01    5.9585602870e-01
    8.850000e+00    4.0379349000e-01    5.9620651000e-01
    8.900000e+00    4.0344772580e-01    5.9655227420e-01
    8.950000e+00    4.0310651552e-01    5.9689348448e-01
    9.000000e+00    4.0276971681e-01    5.9723028319e-01
    9.050000e+00    4.0243720771e-01    5.9756279229e-01
    9.100000e+00    4.0210888578e-01    5.9789111422e-01
    9.150000e+00    4.0178466700e-01    5.9821533300e-01
    9.200000e+00    4.0146448438e-01    5.9853551562e-01
    9.250000e+00    4.0114828637e-01    5.9885171363e-01
    9.300000e+00    4.0083603521e-01    5.9916396479e-01
    9.350000e+00    4.0052770507e-01    5.9947229493e-01
    9.400000e+00    4.0022328026e-01    5.9977671974e-01
    9.450000e+00    3.9992275337e-01    6.0007724663e-01
    9.500000e+00    3.9962612348e-01    6.0037387652e-01
    9.550000e+00    3.9933339440e-01    6.0066660560e-01
    9.600000e+00    3.9904457300e-01    6.0095542700e-01
    9.650000e+00    3.9875966764e-01    6.0124033236e-01
    9.700000e+00    3.9847868676e-01    6.0152131324e-01
    9.750000e+00    3.9820163756e-01    6.0179836244e-01
    9.800000e+00    3.9792852487e-01    6.0207147513e-01
    9.850000e+00    3.9765935017e-01    6.0234064983e-01
    9.900000e+00    3.9739411076e-01    6.0260588924e-01
    9.950000e+00    3.9713279917e-01    6.0286720083e-01
    1.000000e+01    3.9687540262e-01    6.0312459738e-01
    1.005000e+01    3.9662190276e-01    6.0337809724e-01
    1.010000e+01    3.9637227550e-01    6.0362772450e-01
    1.015000e+01    3.9612649099e-01    6.0387350901e-01
    1.020000e+01    3.9588451372e-01    6.0411548628e-01
    1.025000e+01    3.9564630281e-01    6.0435369719e-01
    1.030000e+01    3.9541181227e-01    6.0458818773e-01
    1.035000e+01    3.9518099147e-01    6.0481900853e-01
    1.040000e+01    3.9495378560e-01    6.0504621440e-01
    1.045000e+01    3.9473013621e-01    6.0526986379e-01
    1.050000e+01    3.9450998177e-01    6.0549001823e-01
    1.055000e+01    3.9429325825e-01    6.0570674175e-01
    1.060000e+01    3.9407989973e-01    6.0592010027e-01
    1.065000e+01    3.9386983895e-01    6.0613016105e-01
    1.070000e+01    3.9366300790e-01    6.0633699210e-01
    1.075000e+01    3.9345933840e-01    6.0654066160e-01
    1.080000e+01    3.9325876258e-01    6.0674123742e-01
    1.085000e+01    3.9306121344e-01    6.0693878656e-01
    1.090000e+01    3.9286662524e-01    6.0713337476e-01
    1.095000e+01    3.9267493391e-01    6.0732506609e-01
    1.100000e+01    3.9248607738e-01    6.0751392262e-01
    1.105000e+01    3.9229999582e-01    6.0770000418e-01
    1.110000e+01    3.9211663190e-01    6.0788336810e-01
    1.115000e+01    3.9193593085e-01    6.0806406915e-01
    1.120000e+01    3.9175784062e-01    6.0824215938e-01
    1.125000e+01    3.9158231189e-01    6.0841768811e-01
    1.130000e+01    3.9140929811e-01    6.0859070189e-01
    1.135000e+01    3.9123875540e-01    6.0876124460e-01
    1.140000e+01    3.9107064250e-01    6.0892935750e-01
    1.145000e+01    3.9090492064e-01    6.0909507936e-01
    1.150000e+01    3.9074155344e-01    6.0925844656e-01
    1.155000e+01    3.9058050667e-01    6.0941949333e-01
    1.160000e+01    3.9042174812e-01    6.0957825188e-01
    1.165000e+01    3.9026524740e-01    6.0973475260e-01
    1.170000e+01    3.9011097571e-01    6.0988902429e-01
    1.175000e+01    3.8995890566e-01    6.1004109434e-01
    1.180000e+01    3.8980901103e-01    6.1019098897e-01
    1.185000e+01    3.8966126659e-01    6.1033873341e-01
    1.190000e+01    3.8951564789e-01    6.1048435211e-01
    1.195000e+01    3.8937213104e-01    6.1062786896e-01
    1.200000e+01    3.8923069259e-01    6.1076930741e-01
    1.205000e+01    3.8909130931e-01    6.1090869069e-01
    1.210000e+01    3.8895395808e-01    6.1104604192e-01
    1.215000e+01    3.8881861582e-01    6.1118138418e-01
    1.220000e+01    3.8868525931e-01    6.1131474069e-01
    1.225000e+01    3.8855386521e-01    6.1144613479e-01
    1.230000e+01    3.8842440996e-01    6.1157559004e-01
    1.235000e+01    3.8829686973e-01    6.1170313027e-01
    1.240000e+01    3.8817122041e-01    6.1182877959e-01
    1.245000e+01    3.8804743758e-01    6.1195256242e-01
    1.250000e+01    3.8792549651e-01    6.1207450349e-01
    1.255000e+01    3.8780537214e-01    6.1219462786e-01
    1.260000e+01    3.8768703915e-01    6.1231296085e-01
    1.265000e+01    3.8757047193e-01    6.1242952807e-01
    1.270000e+01    3.8745564471e-01    6.1254435529e-01
    1.275000e+01    3.8734253153e-01    6.1265746847e-01
    1.280000e+01    3.8723110638e-01    6.1276889362e-01
    1.285000e+01    3.8712134320e-01    6.1287865680e-01
    1.290000e+01    3.8701321600e-01    6.1298678400e-01
    1.295000e+01    3.8690669888e-01    6.1309330112e-01
    1.300000e+01    3.8680176615e-01    6.1319823385e-01
    1.305000e+01    3.8669839230e-01    6.1330160770e-01
    1.310000e+01    3.8659655214e-01    6.1340344786e-01
    1.315000e+01    3.8649622081e-01    6.1350377919e-01
    1.320000e+01    3.8639737383e-01    6.1360262617e-01
    1.325000e+01    3.8629998714e-01    6.1370001286e-01
    1.330000e+01    3.8620403715e-01    6.1379596285e-01
    1.335000e+01    3.8610950073e-01    6.1389049927e-01
    1.340000e+01    3.8601635528e-01    6.1398364472e-01
    1.345000e+01    3.8592457869e-01    6.1407542131e-01
    1.350000e+01    3.8583414939e-01    6.1416585061e-01
    1.355000e+01    3.8574504631e-01    6.1425495369e-01
    1.360000e+01    3.8565724892e-01    6.1434275108e-01
    1.365000e+01    3.8557073721e-01    6.1442926279e-01
    1.370000e+01    3.8548549170e-01    6.1451450830e-01
    1.375000e+01    3.8540149339e-01    6.1459850661e-01
    1.380000e+01    3.8531872381e-01    6.1468127619e-01
    1.385000e+01    3.8523716492e-01    6.1476283508e-01
    1.390000e+01    3.8515679910e-01    6.1484320090e-01
    1.395000e+01    3.8507760917e-01    6.1492239083e-01
    1.400000e+01    3.8499957827e-01    6.1500042173e-01
    1.405000e+01    3.8492268990e-01    6.1507731010e-01
    1.410000e+01    3.8484692788e-01    6.1515307212e-01
    1.415000e+01    3.8477227631e-01    6.1522772369e-01
    1.420000e+01    3.8469871957e-01    6.1530128043e-01
    1.425000e+01    3.8462624230e-01    6.1537375770e-01
    1.430000e+01    3.8455482936e-01    6.1544517064e-01
    1.435000e+01    3.8448446583e-01    6.1551553417e-01
    1.440000e+01    3.8441513698e-01    6.1558486302e-01
    1.445000e+01    3.8434682822e-01    6.1565317178e-01
    1.450000e+01    3.8427952514e-01    6.1572047486e-01
    1.455000e+01    3.8421321344e-01    6.1578678656e-01
    1.460000e+01    3.8414787897e-01    6.1585212103e-01
    1.465000e+01    3.8408350772e-01    6.1591649228e-01
    1.470000e+01    3.8402008581e-01    6.1597991419e-01
    1.475000e+01    3.8395759955e-01    6.1604240045e-01
    1.480000e+01    3.8389603541e-01    6.1610396459e-01
    1.485000e+01    3.8383538005e-01    6.1616461995e-01
    1.490000e+01    3.8377562029e-01    6.1622437971e-01
    1.495000e+01    3.8371674316e-01    6.1628325684e-01
