    0.000000e+00             nan
    2.000000e-02    5.272557e-05
    4.000000e-02    6.302549e-04
    6.000000e-02    2.465824e-03
    8.000000e-02    6.089128e-03
    1.000000e-01    1.170386e-02
    1.200000e-01    1.925116e-02
    1.400000e-01    2.851497e-02
    1.600000e-01    3.920924e-02
    1.800000e-01    5.103489e-02
    2.000000e-01    6.371146e-02
    2.200000e-01    7.699151e-02
    2.400000e-01    9.066488e-02
    2.600000e-01    1.045576e-01
    2.800000e-01    1.185283e-01
    3.000000e-01    1.324637e-01
    3.200000e-01    1.462743e-01
    3.400000e-01    1.598904e-01
    3.600000e-01    1.732583e-01
    3.800000e-01    1.863379e-01
    4.000000e-01    1.990994e-01
    4.200000e-01    2.115218e-01
    4.400000e-01    2.235913e-01
    4.600000e-01    2.352991e-01
    4.800000e-01    2.466411e-01
    5.000000e-01    2.576167e-01
    5.200000e-01    2.682278e-01
    5.400000e-01    2.784785e-01
    5.600000e-01    2.883744e-01
    5.800000e-01    2.979225e-01
    6.000000e-01    3.071306e-01
    6.200000e-01    3.160071e-01
    6.400000e-01    3.245609e-01
    6.600000e-01    3.328014e-01
    6.800000e-01    3.407378e-01
    7.000000e-01    3.483797e-01
    7.200000e-01    3.557365e-01
    7.400000e-01    3.628177e-01
    7.600000e-01    3.696326e-01
    7.800000e-01    3.761903e-01
    8.000000e-01    3.824998e-01
    8.200000e-01    3.885700e-01
    8.400000e-01    3.944093e-01
    8.600000e-01    4.000261e-01
    8.800000e-01    4.054286e-01
    9.000000e-01    4.106245e-01
    9.200000e-01    4.156215e-01
    9.400000e-01    4.204270e-01
    9.600000e-01    4.250482e-01
    9.800000e-01    4.294919e-01
    1.000000e+00    4.337647e-01
    1.020000e+00    4.378732e-01
    1.040000e+00    4.418235e-01
    1.060000e+00    4.456216e-01
    1.080000e+00    4.492733e-01
    1.100000e+00    4.527841e-01
    1.120000e+00    4.561593e-01
    1.140000e+00    4.594041e-01
    1.160000e+00    4.625234e-01
    1.180000e+00    4.655220e-01
    1.200000e+00    4.684044e-01
    1.220000e+00    4.711751e-01
    1.240000e+00    4.738382e-01
    1.260000e+00    4.763979e-01
    1.280000e+00    4.788581e-01
    1.300000e+00    4.812224e-01
    1.320000e+00    4.834946e-01
    1.340000e+00    4.856782e-01
    1.360000e+00    4.877763e-01
    1.380000e+00    4.897923e-01
    1.400000e+00    4.917292e-01
    1.420000e+00    4.935901e-01
    1.440000e+00    4.953776e-01
    1.460000e+00    4.970946e-01
    1.480000e+00    4.987437e-01
    1.500000e+00    5.003275e-01
    1.520000e+00    5.018482e-01
    1.540000e+00    5.033084e-01
    1.560000e+00    5.047102e-01
    1.580000e+00    5.060559e-01
    1.600000e+00    5.073474e-01
    1.620000e+00    5.085867e-01
    1.640000e+00    5.097759e-01
    1.660000e+00    5.109168e-01
    1.680000e+00    5.120110e-01
    1.700000e+00    5.130605e-01
    1.720000e+00    5.140667e-01
    1.740000e+00    5.150313e-01
    1.760000e+00    5.159557e-01
    1.780000e+00    5.168416e-01
    1.800000e+00    5.176902e-01
    1.820000e+00    5.185029e-01
    1.840000e+00    5.192811e-01
    1.860000e+00    5.200260e-01
    1.880000e+00    5.207387e-01
    1.900000e+00    5.214206e-01
    1.920000e+00    5.220726e-01
    1.940000e+00    5.226959e-01
    1.960000e+00    5.232915e-01
    1.980000e+00    5.238605e-01
    2.000000e+00    5.244037e-01
    2.020000e+00    5.249221e-01
    2.040000e+00    5.254167e-01
    2.060000e+00    5.258882e-01
    2.080000e+00    5.263375e-01
    2.100000e+00    5.267654e-01
    2.120000e+00    5.271727e-01
    2.140000e+00    5.275600e-01
    2.160000e+00    5.279283e-01
    2.180000e+00    5.282780e-01
    2.200000e+00    5.286100e-01
    2.220000e+00    5.289248e-01
    2.240000e+00    5.292231e-01
    2.260000e+00    5.295054e-01
    2.280000e+00    5.297724e-01
    2.300000e+00    5.300246e-01
    2.320000e+00    5.302626e-01
    2.340000e+00    5.304868e-01
    2.360000e+00    5.306978e-01
    2.380000e+00    5.308961e-01
    2.400000e+00    5.310822e-01
    2.420000e+00    5.312564e-01
    2.440000e+00    5.314192e-01
    2.460000e+00    5.315711e-01
    2.480000e+00    5.317124e-01
    2.500000e+00    5.318436e-01
    2.520000e+00    5.319650e-01
    2.540000e+00    5.320770e-01
    2.560000e+00    5.321799e-01
    2.580000e+00    5.322741e-01
    2.600000e+00    5.323599e-01
    2.620000e+00    5.324377e-01
    2.640000e+00    5.325076e-01
    2.660000e+00    5.325701e-01
    2.680000e+00    5.326254e-01
    2.700000e+00    5.326739e-01
    2.720000e+00    5.327156e-01
    2.740000e+00    5.327510e-01
    2.760000e+00    5.327802e-01
    2.780000e+00    5.328035e-01
    2.800000e+00    5.328211e-01
    2.820000e+00    5.328333e-01
    2.840000e+00    5.328402e-01
    2.860000e+00    5.328421e-01
    2.880000e+00    5.328391e-01
    2.900000e+00    5.328315e-01
    2.920000e+00    5.328195e-01
    2.940000e+00    5.328031e-01
    2.960000e+00    5.327827e-01
    2.980000e+00    5.327584e-01
    3.000000e+00    5.327302e-01
    3.020000e+00    5.326985e-01
    3.040000e+00    5.326633e-01
    3.060000e+00    5.326249e-01
    3.080000e+00    5.325832e-01
    3.100000e+00    5.325385e-01
    3.120000e+00    5.324910e-01
    3.140000e+00    5.324407e-01
    3.160000e+00    5.323877e-01
    3.180000e+00    5.323322e-01
    3.200000e+00    5.322744e-01
    3.220000e+00    5.322142e-01
    3.240000e+00    5.321518e-01
    3.260000e+00    5.320874e-01
    3.280000e+00    5.320209e-01
    3.300000e+00    5.319526e-01
    3.320000e+00    5.318825e-01
    3.340000e+00    5.318107e-01
    3.360000e+00    5.317372e-01
    3.380000e+00    5.316622e-01
    3.400000e+00    5.315858e-01
    3.420000e+00    5.315079e-01
    3.440000e+00    5.314288e-01
    3.460000e+00    5.313484e-01
    3.480000e+00    5.312669e-01
    3.500000e+00    5.311843e-01
    3.520000e+00    5.311006e-01
    3.540000e+00    5.310160e-01
    3.560000e+00    5.309304e-01
    3.580000e+00    5.308440e-01
    3.600000e+00    5.307568e-01
    3.620000e+00    5.306688e-01
    3.640000e+00    5.305802e-01
    3.660000e+00    5.304909e-01
    3.680000e+00    5.304011e-01
    3.700000e+00    5.303107e-01
    3.720000e+00    5.302198e-01
    3.740000e+00    5.301284e-01
    3.760000e+00    5.300366e-01
    3.780000e+00    5.299445e-01
    3.800000e+00    5.298520e-01
    3.820000e+00    5.297592e-01
    3.840000e+00    5.296662e-01
    3.860000e+00    5.295729e-01
    3.880000e+00    5.294795e-01
    3.900000e+00    5.293858e-01
    3.920000e+00    5.292921e-01
    3.940000e+00    5.291982e-01
    3.960000e+00    5.291043e-01
    3.980000e+00    5.290103e-01
    4.000000e+00    5.289164e-01
    4.020000e+00    5.288224e-01
    4.040000e+00    5.287284e-01
    4.060000e+00    5.286345e-01
    4.080000e+00    5.285407e-01
    4.100000e+00    5.284470e-01
    4.120000e+00    5.283534e-01
    4.140000e+00    5.282599e-01
    4.160000e+00    5.281666e-01
    4.180000e+00    5.280735e-01
    4.200000e+00    5.279806e-01
    4.220000e+00    5.278878e-01
    4.240000e+00    5.277953e-01
    4.260000e+00    5.277031e-01
    4.280000e+00    5.276111e-01
    4.300000e+00    5.275194e-01
    4.320000e+00    5.274279e-01
    4.340000e+00    5.273367e-01
    4.360000e+00    5.272459e-01
    4.380000e+00    5.271553e-01
    4.400000e+00    5.270651e-01
    4.420000e+00    5.269752e-01
    4.440000e+00    5.268857e-01
    4.460000e+00    5.267965e-01
    4.480000e+00    5.267077e-01
    4.500000e+00    5.266193e-01
    4.520000e+00    5.265312e-01
    4.540000e+00    5.264435e-01
    4.560000e+00    5.263563e-01
    4.580000e+00    5.262694e-01
    4.600000e+00    5.261829e-01
    4.620000e+00    5.260968e-01
    4.640000e+00    5.260112e-01
    4.660000e+00    5.259260e-01
    4.680000e+00    5.258412e-01
    4.700000e+00    5.257569e-01
    4.720000e+00    5.256730e-01
    4.740000e+00    5.255895e-01
    4.760000e+00    5.255065e-01
    4.780000e+00    5.254239e-01
    4.800000e+00    5.253418e-01
    4.820000e+00    5.252601e-01
    4.840000e+00    5.251789e-01
    4.860000e+00    5.250982e-01
    4.880000e+00    5.250179e-01
    4.900000e+00    5.249381e-01
    4.920000e+00    5.248588e-01
    4.940000e+00    5.247799e-01
    4.960000e+00    5.247015e-01
    4.980000e+00    5.246236e-01
    5.000000e+00    5.245462e-01
    5.020000e+00    5.244692e-01
    5.040000e+00    5.243927e-01
    5.060000e+00    5.243167e-01
    5.080000e+00    5.242412e-01
    5.100000e+00    5.241661e-01
    5.120000e+00    5.240916e-01
    5.140000e+00    5.240175e-01
    5.160000e+00    5.239438e-01
    5.180000e+00    5.238707e-01
    5.200000e+00    5.237980e-01
    5.220000e+00    5.237259e-01
    5.240000e+00    5.236541e-01
    5.260000e+00    5.235829e-01
    5.280000e+00    5.235122e-01
    5.300000e+00    5.234419e-01
    5.320000e+00    5.233721e-01
    5.340000e+00    5.233028e-01
    5.360000e+00    5.232339e-01
    5.380000e+00    5.231655e-01
    5.400000e+00    5.230976e-01
    5.420000e+00    5.230302e-01
    5.440000e+00    5.229632e-01
    5.460000e+00    5.228967e-01
    5.480000e+00    5.228307e-01
    5.500000e+00    5.227651e-01
    5.520000e+00    5.227001e-01
    5.540000e+00    5.226354e-01
    5.560000e+00    5.225713e-01
    5.580000e+00    5.225075e-01
    5.600000e+00    5.224443e-01
    5.620000e+00    5.223815e-01
    5.640000e+00    5.223191e-01
    5.660000e+00    5.222572e-01
    5.680000e+00    5.221958e-01
    5.700000e+00    5.221347e-01
    5.720000e+00    5.220742e-01
    5.740000e+00    5.220140e-01
    5.760000e+00    5.219543e-01
    5.780000e+00    5.218951e-01
    5.800000e+00    5.218362e-01
    5.820000e+00    5.217778e-01
    5.840000e+00    5.217198e-01
    5.860000e+00    5.216623e-01
    5.880000e+00    5.216051e-01
    5.900000e+00    5.215484e-01
    5.920000e+00    5.214921e-01
    5.940000e+00    5.214362e-01
    5.960000e+00    5.213808e-01
    5.980000e+00    5.213257e-01
    6.000000e+00    5.212710e-01
    6.020000e+00    5.212168e-01
    6.040000e+00    5.211629e-01
    6.060000e+00    5.211095e-01
    6.080000e+00    5.210565e-01
    6.100000e+00    5.210038e-01
    6.120000e+00    5.209515e-01
    6.140000e+00    5.208997e-01
    6.160000e+00    5.208482e-01
    6.180000e+00    5.207971e-01
    6.200000e+00    5.207464e-01
    6.220000e+00    5.206960e-01
    6.240000e+00    5.206461e-01
    6.260000e+00    5.205965e-01
    6.280000e+00    5.205473e-01
    6.300000e+00    5.204985e-01
    6.320000e+00    5.204500e-01
    6.340000e+00    5.204019e-01
    6.360000e+00    5.203542e-01
    6.380000e+00    5.203068e-01
    6.400000e+00    5.202598e-01
    6.420000e+00    5.202132e-01
    6.440000e+00    5.201669e-01
    6.460000e+00    5.201210e-01
    6.480000e+00    5.200754e-01
    6.500000e+00    5.200302e-01
    6.520000e+00    5.199853e-01
    6.540000e+00    5.199408e-01
    6.560000e+00    5.198966e-01
    6.580000e+00    5.198528e-01
    6.600000e+00    5.198092e-01
    6.620000e+00    5.197660e-01
    6.640000e+00    5.197231e-01
    6.660000e+00    5.196806e-01
    6.680000e+00    5.196383e-01
    6.700000e+00    5.195964e-01
    6.720000e+00    5.195548e-01
    6.740000e+00    5.195135e-01
    6.760000e+00    5.194725e-01
    6.780000e+00    5.194318e-01
    6.800000e+00    5.193914e-01
    6.820000e+00    5.193513e-01
    6.840000e+00    5.193115e-01
    6.860000e+00    5.192720e-01
    6.880000e+00    5.192328e-01
    6.900000e+00    5.191939e-01
    6.920000e+00    5.191552e-01
    6.940000e+00    5.191169e-01
    6.960000e+00    5.190789e-01
    6.980000e+00    5.190411e-01
    7.000000e+00    5.190036e-01
    7.020000e+00    5.189664e-01
    7.040000e+00    5.189295e-01
    7.060000e+00    5.188929e-01
    7.080000e+00    5.188565e-01
    7.100000e+00    5.188204e-01
    7.120000e+00    5.187846e-01
    7.140000e+00    5.187491e-01
    7.160000e+00    5.187138e-01
    7.180000e+00    5.186788e-01
    7.200000e+00    5.186440e-01
    7.220000e+00    5.186095e-01
    7.240000e+00    5.185753e-01
    7.260000e+00    5.185414e-01
    7.280000e+00    5.185077e-01
    7.300000e+00    5.184742e-01
    7.320000e+00    5.184410e-01
    7.340000e+00    5.184081e-01
    7.360000e+00    5.183755e-01
    7.380000e+00    5.183430e-01
    7.400000e+00    5.183109e-01
    7.420000e+00    5.182789e-01
    7.440000e+00    5.182473e-01
    7.460000e+00    5.182158e-01
    7.480000e+00    5.181846e-01
    7.500000e+00    5.181537e-01
    7.520000e+00    5.181229e-01
    7.540000e+00    5.180924e-01
    7.560000e+00    5.180622e-01
    7.580000e+00    5.180322e-01
    7.600000e+00    5.180024e-01
    7.620000e+00    5.179728e-01
    7.640000e+00    5.179435e-01
    7.660000e+00    5.179143e-01
    7.680000e+00    5.178854e-01
    7.700000e+00    5.178568e-01
    7.720000e+00    5.178283e-01
    7.740000e+00    5.178001e-01
    7.760000e+00    5.177721e-01
    7.780000e+00    5.177443e-01
    7.800000e+00    5.177168e-01
    7.820000e+00    5.176894e-01
    7.840000e+00    5.176624e-01
    7.860000e+00    5.176355e-01
    7.880000e+00    5.176089e-01
    7.900000e+00    5.175825e-01
    7.920000e+00    5.175563e-01
    7.940000e+00    5.175303e-01
    7.960000e+00    5.175046e-01
    7.980000e+00    5.174790e-01
    8.000000e+00    5.174537e-01
    8.020000e+00    5.174286e-01
    8.040000e+00    5.174036e-01
    8.060000e+00    5.173789e-01
    8.080000e+00    5.173543e-01
    8.100000e+00    5.173299e-01
    8.120000e+00    5.173058e-01
    8.140000e+00    5.172818e-01
    8.160000e+00    5.172580e-01
    8.180000e+00    5.172343e-01
    8.200000e+00    5.172109e-01
    8.220000e+00    5.171876e-01
    8.240000e+00    5.171645e-01
    8.260000e+00    5.171416e-01
    8.280000e+00    5.171189e-01
    8.300000e+00    5.170963e-01
    8.320000e+00    5.170739e-01
    8.340000e+00    5.170517e-01
    8.360000e+00    5.170296e-01
    8.380000e+00    5.170077e-01
    8.400000e+00    5.169860e-01
    8.420000e+00    5.169644e-01
    8.440000e+00    5.169430e-01
    8.460000e+00    5.169217e-01
    8.480000e+00    5.169006e-01
    8.500000e+00    5.168797e-01
    8.520000e+00    5.168589e-01
    8.540000e+00    5.168383e-01
    8.560000e+00    5.168178e-01
    8.580000e+00    5.167975e-01
    8.600000e+00    5.167773e-01
    8.620000e+00    5.167573e-01
    8.640000e+00    5.167374e-01
    8.660000e+00    5.167177e-01
    8.680000e+00    5.166981e-01
    8.700000e+00    5.166786e-01
    8.720000e+00    5.166593e-01
    8.740000e+00    5.166402e-01
    8.760000e+00    5.166212e-01
    8.780000e+00    5.166023e-01
    8.800000e+00    5.165835e-01
    8.820000e+00    5.165649e-01
    8.840000e+00    5.165465e-01
    8.860000e+00    5.165281e-01
    8.880000e+00    5.165099e-01
    8.900000e+00    5.164919e-01
    8.920000e+00    5.164739e-01
    8.940000e+00    5.164561e-01
    8.960000e+00    5.164385e-01
    8.980000e+00    5.164209e-01
    9.000000e+00    5.164035e-01
    9.020000e+00    5.163862e-01
    9.040000e+00    5.163690e-01
    9.060000e+00    5.163520e-01
    9.080000e+00    5.163351e-01
    9.100000e+00    5.163183e-01
    9.120000e+00    5.163016e-01
    9.140000e+00    5.162850e-01
    9.160000e+00    5.162686e-01
    9.180000e+00    5.162523e-01
    9.200000e+00    5.162361e-01
    9.220000e+00    5.162200e-01
    9.240000e+00    5.162040e-01
    9.260000e+00    5.161882e-01
    9.280000e+00    5.161724e-01
    9.300000e+00    5.161568e-01
    9.320000e+00    5.161413e-01
    9.340000e+00    5.161259e-01
    9.360000e+00    5.161106e-01
    9.380000e+00    5.160954e-01
    9.400000e+00    5.160803e-01
    9.420000e+00    5.160654e-01
    9.440000e+00    5.160505e-01
    9.460000e+00    5.160358e-01
    9.480000e+00    5.160211e-01
    9.500000e+00    5.160066e-01
    9.520000e+00    5.159922e-01
    9.540000e+00    5.159779e-01
    9.560000e+00    5.159636e-01
    9.580000e+00    5.159495e-01
    9.600000e+00    5.159355e-01
    9.620000e+00    5.159216e-01
    9.640000e+00    5.159078e-01
    9.660000e+00    5.158941e-01
    9.680000e+00    5.158805e-01
    9.700000e+00    5.158669e-01
    9.720000e+00    5.158535e-01
    9.740000e+00    5.158402e-01
    9.760000e+00    5.158270e-01
    9.780000e+00    5.158139e-01
    9.800000e+00    5.158009e-01
    9.820000e+00    5.157880e-01
    9.840000e+00    5.157752e-01
    9.860000e+00    5.157624e-01
    9.880000e+00    5.157498e-01
    9.900000e+00    5.157373e-01
    9.920000e+00    5.157248e-01
    9.940000e+00    5.157125e-01
    9.960000e+00    5.157002e-01
    9.980000e+00    5.156880e-01
    1.000000e+01    5.156760e-01
    1.002000e+01    5.156640e-01
    1.004000e+01    5.156521e-01
    1.006000e+01    5.156403e-01
    1.008000e+01    5.156286e-01
    1.010000e+01    5.156169e-01
    1.012000e+01    5.156054e-01
    1.014000e+01    5.155939e-01
    1.016000e+01    5.155825e-01
    1.018000e+01    5.155712e-01
    1.020000e+01    5.155600e-01
    1.022000e+01    5.155489e-01
    1.024000e+01    5.155378e-01
    1.026000e+01    5.155269e-01
    1.028000e+01    5.155160e-01
    1.030000e+01    5.155052e-01
    1.032000e+01    5.154945e-01
    1.034000e+01    5.154838e-01
    1.036000e+01    5.154732e-01
    1.038000e+01    5.154627e-01
    1.040000e+01    5.154523e-01
    1.042000e+01    5.154420e-01
    1.044000e+01    5.154317e-01
    1.046000e+01    5.154215e-01
    1.048000e+01    5.154114e-01
    1.050000e+01    5.154013e-01
    1.052000e+01    5.153914e-01
    1.054000e+01    5.153815e-01
    1.056000e+01    5.153716e-01
    1.058000e+01    5.153619e-01
    1.060000e+01    5.153522e-01
    1.062000e+01    5.153426e-01
    1.064000e+01    5.153330e-01
    1.066000e+01    5.153235e-01
    1.068000e+01    5.153141e-01
    1.070000e+01    5.153048e-01
    1.072000e+01    5.152955e-01
    1.074000e+01    5.152863e-01
    1.076000e+01    5.152771e-01
    1.078000e+01    5.152680e-01
    1.080000e+01    5.152590e-01
    1.082000e+01    5.152501e-01
    1.084000e+01    5.152412e-01
    1.086000e+01    5.152324e-01
    1.088000e+01    5.152236e-01
    1.090000e+01    5.152149e-01
    1.092000e+01    5.152063e-01
    1.094000e+01    5.151977e-01
    1.096000e+01    5.151892e-01
    1.098000e+01    5.151807e-01
    1.100000e+01    5.151723e-01
    1.102000e+01    5.151640e-01
    1.104000e+01    5.151557e-01
    1.106000e+01    5.151474e-01
    1.108000e+01    5.151393e-01
    1.110000e+01    5.151312e-01
    1.112000e+01    5.151231e-01
    1.114000e+01    5.151151e-01
    1.116000e+01    5.151072e-01
    1.118000e+01    5.150993e-01
    1.120000e+01    5.150914e-01
    1.122000e+01    5.150837e-01
    1.124000e+01    5.150759e-01
    1.126000e+01    5.150683e-01
    1.128000e+01    5.150607e-01
    1.130000e+01    5.150531e-01
    1.132000e+01    5.150456e-01
    1.134000e+01    5.150381e-01
    1.136000e+01    5.150307e-01
    1.138000e+01    5.150234e-01
    1.140000e+01    5.150161e-01
    1.142000e+01    5.150088e-01
    1.144000e+01    5.150016e-01
    1.146000e+01    5.149945e-01
    1.148000e+01    5.149873e-01
    1.150000e+01    5.149803e-01
    1.152000e+01    5.149733e-01
    1.154000e+01    5.149663e-01
    1.156000e+01    5.149594e-01
    1.158000e+01    5.149526e-01
    1.160000e+01    5.149458e-01
    1.162000e+01    5.149390e-01
    1.164000e+01    5.149323e-01
    1.166000e+01    5.149256e-01
    1.168000e+01    5.149190e-01
    1.170000e+01    5.149124e-01
    1.172000e+01    5.149059e-01
    1.174000e+01    5.148994e-01
    1.176000e+01    5.148930e-01
    1.178000e+01    5.148866e-01
    1.180000e+01    5.148802e-01
    1.182000e+01    5.148739e-01
    1.184000e+01    5.148677e-01
    1.186000e+01    5.148615e-01
    1.188000e+01    5.148553e-01
    1.190000e+01    5.148492e-01
    1.192000e+01    5.148431e-01
    1.194000e+01    5.148370e-01
    1.196000e+01    5.148310e-01
    1.198000e+01    5.148251e-01
    1.200000e+01    5.148192e-01
    1.202000e+01    5.148133e-01
    1.204000e+01    5.148074e-01
    1.206000e+01    5.148016e-01
    1.208000e+01    5.147959e-01
    1.210000e+01    5.147902e-01
    1.212000e+01    5.147845e-01
    1.214000e+01    5.147789e-01
    1.216000e+01    5.147733e-01
    1.218000e+01    5.147677e-01
    1.220000e+01    5.147622e-01
    1.222000e+01    5.147567e-01
    1.224000e+01    5.147513e-01
    1.226000e+01    5.147459e-01
    1.228000e+01    5.147405e-01
    1.230000e+01    5.147352e-01
    1.232000e+01    5.147299e-01
    1.234000e+01    5.147247e-01
    1.236000e+01    5.147195e-01
    1.238000e+01    5.147143e-01
    1.240000e+01    5.147091e-01
    1.242000e+01    5.147040e-01
    1.244000e+01    5.146989e-01
    1.246000e+01    5.146939e-01
    1.248000e+01    5.146889e-01
    1.250000e+01    5.146839e-01
    1.252000e+01    5.146790e-01
    1.254000e+01    5.146741e-01
    1.256000e+01    5.146692e-01
    1.258000e+01    5.146643e-01
    1.260000e+01    5.146595e-01
    1.262000e+01    5.146547e-01
    1.264000e+01    5.146500e-01
    1.266000e+01    5.146453e-01
    1.268000e+01    5.146406e-01
    1.270000e+01    5.146359e-01
    1.272000e+01    5.146313e-01
    1.274000e+01    5.146267e-01
    1.276000e+01    5.146221e-01
    1.278000e+01    5.146176e-01
    1.280000e+01    5.146131e-01
    1.282000e+01    5.146086e-01
    1.284000e+01    5.146041e-01
    1.286000e+01    5.145997e-01
    1.288000e+01    5.145953e-01
    1.290000e+01    5.145910e-01
    1.292000e+01    5.145866e-01
    1.294000e+01    5.145823e-01
    1.296000e+01    5.145781e-01
    1.298000e+01    5.145738e-01
    1.300000e+01    5.145696e-01
    1.302000e+01    5.145654e-01
    1.304000e+01    5.145612e-01
    1.306000e+01    5.145571e-01
    1.308000e+01    5.145530e-01
    1.310000e+01    5.145489e-01
    1.312000e+01    5.145449e-01
    1.314000e+01    5.145408e-01
    1.316000e+01    5.145368e-01
    1.318000e+01    5.145329e-01
    1.320000e+01    5.145289e-01
    1.322000e+01    5.145250e-01
    1.324000e+01    5.145211e-01
    1.326000e+01    5.145173e-01
    1.328000e+01    5.145134e-01
    1.330000e+01    5.145096e-01
    1.332000e+01    5.145059e-01
    1.334000e+01    5.145021e-01
    1.336000e+01    5.144984e-01
    1.338000e+01    5.144947e-01
    1.340000e+01    5.144910e-01
    1.342000e+01    5.144873e-01
    1.344000e+01    5.144837e-01
    1.346000e+01    5.144801e-01
    1.348000e+01    5.144765e-01
    1.350000e+01    5.144730e-01
    1.352000e+01    5.144694e-01
    1.354000e+01    5.144659e-01
    1.356000e+01    5.144625e-01
    1.358000e+01    5.144590e-01
    1.360000e+01    5.144556e-01
    1.362000e+01    5.144522e-01
    1.364000e+01    5.144488e-01
    1.366000e+01    5.144454e-01
    1.368000e+01    5.144421e-01
    1.370000e+01    5.144388e-01
    1.372000e+01    5.144355e-01
    1.374000e+01    5.144322e-01
    1.376000e+01    5.144290e-01
    1.378000e+01    5.144257e-01
    1.380000e+01    5.144225e-01
    1.382000e+01    5.144193e-01
    1.384000e+01    5.144162e-01
    1.386000e+01    5.144130e-01
    1.388000e+01    5.144099e-01
    1.390000e+01    5.144068e-01
    1.392000e+01    5.144037e-01
    1.394000e+01    5.144007e-01
    1.396000e+01    5.143977e-01
    1.398000e+01    5.143946e-01
    1.400000e+01    5.143916e-01
    1.402000e+01    5.143887e-01
    1.404000e+01    5.143857e-01
    1.406000e+01    5.143828e-01
    1.408000e+01    5.143798e-01
    1.410000e+01    5.143769e-01
    1.412000e+01    5.143741e-01
    1.414000e+01    5.143712e-01
    1.416000e+01    5.143684e-01
    1.418000e+01    5.143655e-01
    1.420000e+01    5.143627e-01
    1.422000e+01    5.143599e-01
    1.424000e+01    5.143572e-01
    1.426000e+01    5.143544e-01
    1.428000e+01    5.143517e-01
    1.430000e+01    5.143490e-01
    1.432000e+01    5.143463e-01
    1.434000e+01    5.143436e-01
    1.436000e+01    5.143410e-01
    1.438000e+01    5.143383e-01
    1.440000e+01    5.143357e-01
    1.442000e+01    5.143331e-01
    1.444000e+01    5.143305e-01
    1.446000e+01    5.143279e-01
    1.448000e+01    5.143254e-01
    1.450000e+01    5.143228e-01
    1.452000e+01    5.143203e-01
    1.454000e+01    5.143178e-01
    1.456000e+01    5.143153e-01
    1.458000e+01    5.143128e-01
    1.460000e+01    5.143104e-01
    1.462000e+01    5.143079e-01
    1.464000e+01    5.143055e-01
    1.466000e+01    5.143031e-01
    1.468000e+01    5.143007e-01
    1.470000e+01    5.142983e-01
    1.472000e+01    5.142960e-01
    1.474000e+01    5.142936e-01
    1.476000e+01    5.142913e-01
    1.478000e+01    5.142890e-01
    1.480000e+01    5.142867e-01
    1.482000e+01    5.142844e-01
    1.484000e+01    5.142821e-01
    1.486000e+01    5.142799e-01
    1.488000e+01    5.142776e-01
    1.490000e+01    5.142754e-01
    1.492000e+01    5.142732e-01
    1.494000e+01    5.142710e-01
    1.496000e+01    5.142688e-01
    1.498000e+01    5.142666e-01
    1.500000e+01    5.142645e-01
    1.502000e+01    5.142623e-01
    1.504000e+01    5.142602e-01
    1.506000e+01    5.142581e-01
    1.508000e+01    5.142560e-01
    1.510000e+01    5.142539e-01
    1.512000e+01    5.142519e-01
    1.514000e+01    5.142498e-01
    1.516000e+01    5.142478e-01
    1.518000e+01    5.142457e-01
    1.520000e+01    5.142437e-01
    1.522000e+01    5.142417e-01
    1.524000e+01    5.142397e-01
    1.526000e+01    5.142377e-01
    1.528000e+01    5.142358e-01
    1.530000e+01    5.142338e-01
    1.532000e+01    5.142319e-01
    1.534000e+01    5.142300e-01
    1.536000e+01    5.142280e-01
    1.538000e+01    5.142261e-01
    1.540000e+01    5.142243e-01
    1.542000e+01    5.142224e-01
    1.544000e+01    5.142205e-01
    1.546000e+01    5.142187e-01
    1.548000e+01    5.142168e-01
    1.550000e+01    5.142150e-01
    1.552000e+01    5.142132e-01
    1.554000e+01    5.142114e-01
    1.556000e+01    5.142096e-01
    1.558000e+01    5.142078e-01
    1.560000e+01    5.142060e-01
    1.562000e+01    5.142043e-01
    1.564000e+01    5.142025e-01
    1.566000e+01    5.142008e-01
    1.568000e+01    5.141991e-01
    1.570000e+01    5.141974e-01
    1.572000e+01    5.141957e-01
    1.574000e+01    5.141940e-01
    1.576000e+01    5.141923e-01
    1.578000e+01    5.141906e-01
    1.580000e+01    5.141890e-01
    1.582000e+01    5.141873e-01
    1.584000e+01    5.141857e-01
    1.586000e+01    5.141840e-01
    1.588000e+01    5.141824e-01
    1.590000e+01    5.141808e-01
    1.592000e+01    5.141792e-01
    1.594000e+01    5.141776e-01
    1.596000e+01    5.141760e-01
    1.598000e+01    5.141745e-01
    1.600000e+01    5.141729e-01
    1.602000e+01    5.141714e-01
    1.604000e+01    5.141698e-01
    1.606000e+01    5.141683e-01
    1.608000e+01    5.141668e-01
    1.610000e+01    5.141652e-01
    1.612000e+01    5.141637e-01
    1.614000e+01    5.141622e-01
    1.616000e+01    5.141607e-01
    1.618000e+01    5.141593e-01
    1.620000e+01    5.141578e-01
    1.622000e+01    5.141563e-01
    1.624000e+01    5.141549e-01
    1.626000e+01    5.141534e-01
    1.628000e+01    5.141520e-01
    1.630000e+01    5.141506e-01
    1.632000e+01    5.141492e-01
    1.634000e+01    5.141477e-01
    1.636000e+01    5.141463e-01
    1.638000e+01    5.141450e-01
    1.640000e+01    5.141436e-01
    1.642000e+01    5.141422e-01
    1.644000e+01    5.141408e-01
    1.646000e+01    5.141395e-01
    1.648000e+01    5.141381e-01
    1.650000e+01    5.141368e-01
    1.652000e+01    5.141354e-01
    1.654000e+01    5.141341e-01
    1.656000e+01    5.141328e-01
    1.658000e+01    5.141315e-01
    1.660000e+01    5.141302e-01
    1.662000e+01    5.141289e-01
    1.664000e+01    5.141276e-01
    1.666000e+01    5.141263e-01
    1.668000e+01    5.141251e-01
    1.670000e+01    5.141238e-01
    1.672000e+01    5.141225e-01
    1.674000e+01    5.141213e-01
    1.676000e+01    5.141201e-01
    1.678000e+01    5.141188e-01
    1.680000e+01    5.141176e-01
    1.682000e+01    5.141164e-01
    1.684000e+01    5.141152e-01
    1.686000e+01    5.141140e-01
    1.688000e+01    5.141128e-01
    1.690000e+01    5.141116e-01
    1.692000e+01    5.141105e-01
    1.694000e+01    5.141093e-01
    1.696000e+01    5.141081e-01
    1.698000e+01    5.141070e-01
    1.700000e+01    5.141058e-01
    1.702000e+01    5.141047e-01
    1.704000e+01    5.141036e-01
    1.706000e+01    5.141024e-01
    1.708000e+01    5.141013e-01
    1.710000e+01    5.141002e-01
    1.712000e+01    5.140991e-01
    1.714000e+01    5.140980e-01
    1.716000e+01    5.140969e-01
    1.718000e+01    5.140959e-01
    1.720000e+01    5.140948e-01
    1.722000e+01    5.140937e-01
    1.724000e+01    5.140927e-01
    1.726000e+01    5.140916e-01
    1.728000e+01    5.140906e-01
    1.730000e+01    5.140895e-01
    1.732000e+01    5.140885e-01
    1.734000e+01    5.140875e-01
    1.736000e+01    5.140865e-01
    1.738000e+01    5.140854e-01
    1.740000e+01    5.140844e-01
    1.742000e+01    5.140834e-01
    1.744000e+01    5.140824e-01
    1.746000e+01    5.140815e-01
    1.748000e+01    5.140805e-01
    1.750000e+01    5.140795e-01
    1.752000e+01    5.140785e-01
    1.754000e+01    5.140776e-01
    1.756000e+01    5.140766e-01
    1.758000e+01    5.140756e-01
    1.760000e+01    5.140747e-01
    1.762000e+01    5.140738e-01
    1.764000e+01    5.140728e-01
    1.766000e+01    5.140719e-01
    1.768000e+01    5.140710e-01
    1.770000e+01    5.140701e-01
    1.772000e+01    5.140691e-01
    1.774000e+01    5.140682e-01
    1.776000e+01    5.140673e-01
    1.778000e+01    5.140664e-01
    1.780000e+01    5.140656e-01
    1.782000e+01    5.140647e-01
    1.784000e+01    5.140638e-01
    1.786000e+01    5.140629e-01
    1.788000e+01    5.140620e-01
    1.790000e+01    5.140612e-01
    1.792000e+01    5.140603e-01
    1.794000e+01    5.140595e-01
    1.796000e+01    5.140586e-01
    1.798000e+01    5.140578e-01
    1.800000e+01    5.140569e-01
    1.802000e+01    5.140561e-01
    1.804000e+01    5.140553e-01
    1.806000e+01    5.140545e-01
    1.808000e+01    5.140536e-01
    1.810000e+01    5.140528e-01
    1.812000e+01    5.140520e-01
    1.814000e+01    5.140512e-01
    1.816000e+01    5.140504e-01
    1.818000e+01    5.140496e-01
    1.820000e+01    5.140488e-01
    1.822000e+01    5.140480e-01
    1.824000e+01    5.140473e-01
    1.826000e+01    5.140465e-01
    1.828000e+01    5.140457e-01
    1.830000e+01    5.140450e-01
    1.832000e+01    5.140442e-01
    1.834000e+01    5.140434e-01
    1.836000e+01    5.140427e-01
    1.838000e+01    5.140419e-01
    1.840000e+01    5.140412e-01
    1.842000e+01    5.140405e-01
    1.844000e+01    5.140397e-01
    1.846000e+01    5.140390e-01
    1.848000e+01    5.140383e-01
    1.850000e+01    5.140375e-01
    1.852000e+01    5.140368e-01
    1.854000e+01    5.140361e-01
    1.856000e+01    5.140354e-01
    1.858000e+01    5.140347e-01
    1.860000e+01    5.140340e-01
    1.862000e+01    5.140333e-01
    1.864000e+01    5.140326e-01
    1.866000e+01    5.140319e-01
    1.868000e+01    5.140312e-01
    1.870000e+01    5.140306e-01
    1.872000e+01    5.140299e-01
    1.874000e+01    5.140292e-01
    1.876000e+01    5.140285e-01
    1.878000e+01    5.140279e-01
    1.880000e+01    5.140272e-01
    1.882000e+01    5.140266e-01
    1.884000e+01    5.140259e-01
    1.886000e+01    5.140253e-01
    1.888000e+01    5.140246e-01
    1.890000e+01    5.140240e-01
    1.892000e+01    5.140233e-01
    1.894000e+01    5.140227e-01
    1.896000e+01    5.140221e-01
    1.898000e+01    5.140215e-01
    1.900000e+01    5.140208e-01
    1.902000e+01    5.140202e-01
    1.904000e+01    5.140196e-01
    1.906000e+01    5.140190e-01
    1.908000e+01    5.140184e-01
    1.910000e+01    5.140178e-01
    1.912000e+01    5.140172e-01
    1.914000e+01    5.140166e-01
    1.916000e+01    5.140160e-01
    1.918000e+01    5.140154e-01
    1.920000e+01    5.140148e-01
    1.922000e+01    5.140142e-01
    1.924000e+01    5.140136e-01
    1.926000e+01    5.140131e-01
    1.928000e+01    5.140125e-01
    1.930000e+01    5.140119e-01
    1.932000e+01    5.140114e-01
    1.934000e+01    5.140108e-01
    1.936000e+01    5.140102e-01
    1.938000e+01    5.140097e-01
    1.940000e+01    5.140091e-01
    1.942000e+01    5.140086e-01
    1.944000e+01    5.140080e-01
    1.946000e+01    5.140075e-01
    1.948000e+01    5.140070e-01
    1.950000e+01    5.140064e-01
    1.952000e+01    5.140059e-01
    1.954000e+01    5.140054e-01
    1.956000e+01    5.140048e-01
    1.958000e+01    5.140043e-01
    1.960000e+01    5.140038e-01
    1.962000e+01    5.140033e-01
    1.964000e+01    5.140027e-01
    1.966000e+01    5.140022e-01
    1.968000e+01    5.140017e-01
    1.970000e+01    5.140012e-01
    1.972000e+01    5.140007e-01
    1.974000e+01    5.140002e-01
    1.976000e+01    5.139997e-01
    1.978000e+01    5.139992e-01
    1.980000e+01    5.139987e-01
    1.982000e+01    5.139982e-01
    1.984000e+01    5.139978e-01
    1.986000e+01    5.139973e-01
    1.988000e+01    5.139968e-01
    1.990000e+01    5.139963e-01
    1.992000e+01    5.139958e-01
    1.994000e+01    5.139954e-01
    1.996000e+01    5.139949e-01
    1.998000e+01    5.139944e-01
    2.000000e+01    5.139940e-01
    2.002000e+01    5.139935e-01
    2.004000e+01    5.139930e-01
    2.006000e+01    5.139926e-01
    2.008000e+01    5.139921e-01
    2.010000e+01    5.139917e-01
    2.012000e+01    5.139912e-01
    2.014000e+01    5.139908e-01
    2.016000e+01    5.139903e-01
    2.018000e+01    5.139899e-01
    2.020000e+01    5.139895e-01
    2.022000e+01    5.139890e-01
    2.024000e+01    5.139886e-01
    2.026000e+01    5.139882e-01
    2.028000e+01    5.139877e-01
    2.030000e+01    5.139873e-01
    2.032000e+01    5.139869e-01
    2.034000e+01    5.139865e-01
    2.036000e+01    5.139861e-01
    2.038000e+01    5.139856e-01
    2.040000e+01    5.139852e-01
    2.042000e+01    5.139848e-01
    2.044000e+01    5.139844e-01
    2.046000e+01    5.139840e-01
    2.048000e+01    5.139836e-01
    2.050000e+01    5.139832e-01
    2.052000e+01    5.139828e-01
    2.054000e+01    5.139824e-01
    2.056000e+01    5.139820e-01
    2.058000e+01    5.139816e-01
    2.060000e+01    5.139812e-01
    2.062000e+01    5.139808e-01
    2.064000e+01    5.139805e-01
    2.066000e+01    5.139801e-01
    2.068000e+01    5.139797e-01
    2.070000e+01    5.139793e-01
    2.072000e+01    5.139789e-01
    2.074000e+01    5.139786e-01
    2.076000e+01    5.139782e-01
    2.078000e+01    5.139778e-01
    2.080000e+01    5.139775e-01
    2.082000e+01    5.139771e-01
    2.084000e+01    5.139767e-01
    2.086000e+01    5.139764e-01
    2.088000e+01    5.139760e-01
    2.090000e+01    5.139756e-01
    2.092000e+01    5.139753e-01
    2.094000e+01    5.139749e-01
    2.096000e+01    5.139746e-01
    2.098000e+01    5.139742e-01
    2.100000e+01    5.139739e-01
    2.102000e+01    5.139736e-01
    2.104000e+01    5.139732e-01
    2.106000e+01    5.139729e-01
    2.108000e+01    5.139725e-01
    2.110000e+01    5.139722e-01
    2.112000e+01    5.139719e-01
    2.114000e+01    5.139715e-01
    2.116000e+01    5.139712e-01
    2.118000e+01    5.139709e-01
    2.120000e+01    5.139705e-01
    2.122000e+01    5.139702e-01
    2.124000e+01    5.139699e-01
    2.126000e+01    5.139696e-01
    2.128000e+01    5.139693e-01
    2.130000e+01    5.139689e-01
    2.132000e+01    5.139686e-01
    2.134000e+01    5.139683e-01
    2.136000e+01    5.139680e-01
    2.138000e+01    5.139677e-01
    2.140000e+01    5.139674e-01
    2.142000e+01    5.139671e-01
    2.144000e+01    5.139668e-01
    2.146000e+01    5.139665e-01
    2.148000e+01    5.139662e-01
    2.150000e+01    5.139659e-01
    2.152000e+01    5.139656e-01
    2.154000e+01    5.139653e-01
    2.156000e+01    5.139650e-01
    2.158000e+01    5.139647e-01
    2.160000e+01    5.139644e-01
    2.162000e+01    5.139641e-01
    2.164000e+01    5.139638e-01
    2.166000e+01    5.139635e-01
    2.168000e+01    5.139632e-01
    2.170000e+01    5.139629e-01
    2.172000e+01    5.139627e-01
    2.174000e+01    5.139624e-01
    2.176000e+01    5.139621e-01
    2.178000e+01    5.139618e-01
    2.180000e+01    5.139615e-01
    2.182000e+01    5.139613e-01
    2.184000e+01    5.139610e-01
    2.186000e+01    5.139607e-01
    2.188000e+01    5.139605e-01
    2.190000e+01    5.139602e-01
    2.192000e+01    5.139599e-01
    2.194000e+01    5.139597e-01
    2.196000e+01    5.139594e-01
    2.198000e+01    5.139591e-01
    2.200000e+01    5.139589e-01
    2.202000e+01    5.139586e-01
    2.204000e+01    5.139584e-01
    2.206000e+01    5.139581e-01
    2.208000e+01    5.139578e-01
    2.210000e+01    5.139576e-01
    2.212000e+01    5.139573e-01
    2.214000e+01    5.139571e-01
    2.216000e+01    5.139568e-01
    2.218000e+01    5.139566e-01
    2.220000e+01    5.139563e-01
    2.222000e+01    5.139561e-01
    2.224000e+01    5.139559e-01
    2.226000e+01    5.139556e-01
    2.228000e+01    5.139554e-01
    2.230000e+01    5.139551e-01
    2.232000e+01    5.139549e-01
    2.234000e+01    5.139547e-01
    2.236000e+01    5.139544e-01
    2.238000e+01    5.139542e-01
    2.240000e+01    5.139540e-01
    2.242000e+01    5.139537e-01
    2.244000e+01    5.139535e-01
    2.246000e+01    5.139533e-01
    2.248000e+01    5.139531e-01
    2.250000e+01    5.139528e-01
    2.252000e+01    5.139526e-01
    2.254000e+01    5.139524e-01
    2.256000e+01    5.139522e-01
    2.258000e+01    5.139519e-01
    2.260000e+01    5.139517e-01
    2.262000e+01    5.139515e-01
    2.264000e+01    5.139513e-01
    2.266000e+01    5.139511e-01
    2.268000e+01    5.139509e-01
    2.270000e+01    5.139507e-01
    2.272000e+01    5.139504e-01
    2.274000e+01    5.139502e-01
    2.276000e+01    5.139500e-01
    2.278000e+01    5.139498e-01
    2.280000e+01    5.139496e-01
    2.282000e+01    5.139494e-01
    2.284000e+01    5.139492e-01
    2.286000e+01    5.139490e-01
    2.288000e+01    5.139488e-01
    2.290000e+01    5.139486e-01
    2.292000e+01    5.139484e-01
    2.294000e+01    5.139482e-01
    2.296000e+01    5.139480e-01
    2.298000e+01    5.139478e-01
    2.300000e+01    5.139476e-01
    2.302000e+01    5.139475e-01
    2.304000e+01    5.139473e-01
    2.306000e+01    5.139471e-01
    2.308000e+01    5.139469e-01
    2.310000e+01    5.139467e-01
    2.312000e+01    5.139465e-01
    2.314000e+01    5.139463e-01
    2.316000e+01    5.139462e-01
    2.318000e+01    5.139460e-01
    2.320000e+01    5.139458e-01
    2.322000e+01    5.139456e-01
    2.324000e+01    5.139454e-01
    2.326000e+01    5.139453e-01
    2.328000e+01    5.139451e-01
    2.330000e+01    5.139449e-01
    2.332000e+01    5.139447e-01
    2.334000e+01    5.139446e-01
    2.336000e+01    5.139444e-01
    2.338000e+01    5.139442e-01
    2.340000e+01    5.139441e-01
    2.342000e+01    5.139439e-01
    2.344000e+01    5.139437e-01
    2.346000e+01    5.139436e-01
    2.348000e+01    5.139434e-01
    2.350000e+01    5.139433e-01
    2.352000e+01    5.139431e-01
    2.354000e+01    5.139429e-01
    2.356000e+01    5.139428e-01
    2.358000e+01    5.139426e-01
    2.360000e+01    5.139425e-01
    2.362000e+01    5.139423e-01
    2.364000e+01    5.139422e-01
    2.366000e+01    5.139420e-01
    2.368000e+01    5.139418e-01
    2.370000e+01    5.139417e-01
    2.372000e+01    5.139415e-01
    2.374000e+01    5.139414e-01
    2.376000e+01    5.139413e-01
    2.378000e+01    5.139411e-01
    2.380000e+01    5.139410e-01
    2.382000e+01    5.139408e-01
    2.384000e+01    5.139407e-01
    2.386000e+01    5.139405e-01
    2.388000e+01    5.139404e-01
    2.390000e+01    5.139403e-01
    2.392000e+01    5.139401e-01
    2.394000e+01    5.139400e-01
    2.396000e+01    5.139398e-01
    2.398000e+01    5.139397e-01
    2.400000e+01    5.139396e-01
    2.402000e+01    5.139394e-01
    2.404000e+01    5.139393e-01
    2.406000e+01    5.139392e-01
    2.408000e+01    5.139390e-01
    2.410000e+01    5.139389e-01
    2.412000e+01    5.139388e-01
    2.414000e+01    5.139387e-01
    2.416000e+01    5.139385e-01
    2.418000e+01    5.139384e-01
    2.420000e+01    5.139383e-01
    2.422000e+01    5.139381e-01
    2.424000e+01    5.139380e-01
    2.426000e+01    5.139379e-01
    2.428000e+01    5.139378e-01
    2.430000e+01    5.139377e-01
    2.432000e+01    5.139375e-01
    2.434000e+01    5.139374e-01
    2.436000e+01    5.139373e-01
    2.438000e+01    5.139372e-01
    2.440000e+01    5.139371e-01
    2.442000e+01    5.139369e-01
    2.444000e+01    5.139368e-01
    2.446000e+01    5.139367e-01
    2.448000e+01    5.139366e-01
    2.450000e+01    5.139365e-01
    2.452000e+01    5.139364e-01
    2.454000e+01    5.139363e-01
    2.456000e+01    5.139362e-01
    2.458000e+01    5.139360e-01
    2.460000e+01    5.139359e-01
    2.462000e+01    5.139358e-01
    2.464000e+01    5.139357e-01
    2.466000e+01    5.139356e-01
    2.468000e+01    5.139355e-01
    2.470000e+01    5.139354e-01
    2.472000e+01    5.139353e-01
    2.474000e+01    5.139352e-01
    2.476000e+01    5.139351e-01
    2.478000e+01    5.139350e-01
    2.480000e+01    5.139349e-01
    2.482000e+01    5.139348e-01
    2.484000e+01    5.139347e-01
    2.486000e+01    5.139346e-01
    2.488000e+01    5.139345e-01
    2.490000e+01    5.139344e-01
    2.492000e+01    5.139343e-01
    2.494000e+01    5.139342e-01
    2.496000e+01    5.139341e-01
    2.498000e+01    5.139340e-01
    2.500000e+01    5.139339e-01
    2.502000e+01    5.139338e-01
    2.504000e+01    5.139337e-01
    2.506000e+01    5.139336e-01
    2.508000e+01    5.139335e-01
    2.510000e+01    5.139334e-01
    2.512000e+01    5.139333e-01
    2.514000e+01    5.139332e-01
    2.516000e+01    5.139332e-01
    2.518000e+01    5.139331e-01
    2.520000e+01    5.139330e-01
    2.522000e+01    5.139329e-01
    2.524000e+01    5.139328e-01
    2.526000e+01    5.139327e-01
    2.528000e+01    5.139326e-01
    2.530000e+01    5.139325e-01
    2.532000e+01    5.139324e-01
    2.534000e+01    5.139324e-01
    2.536000e+01    5.139323e-01
    2.538000e+01    5.139322e-01
    2.540000e+01    5.139321e-01
    2.542000e+01    5.139320e-01
    2.544000e+01    5.139319e-01
    2.546000e+01    5.139319e-01
    2.548000e+01    5.139318e-01
    2.550000e+01    5.139317e-01
    2.552000e+01    5.139316e-01
    2.554000e+01    5.139315e-01
    2.556000e+01    5.139315e-01
    2.558000e+01    5.139314e-01
    2.560000e+01    5.139313e-01
    2.562000e+01    5.139312e-01
    2.564000e+01    5.139311e-01
    2.566000e+01    5.139311e-01
    2.568000e+01    5.139310e-01
    2.570000e+01    5.139309e-01
    2.572000e+01    5.139308e-01
    2.574000e+01    5.139308e-01
    2.576000e+01    5.139307e-01
    2.578000e+01    5.139306e-01
    2.580000e+01    5.139305e-01
    2.582000e+01    5.139305e-01
    2.584000e+01    5.139304e-01
    2.586000e+01    5.139303e-01
    2.588000e+01    5.139303e-01
    2.590000e+01    5.139302e-01
    2.592000e+01    5.139301e-01
    2.594000e+01    5.139301e-01
    2.596000e+01    5.139300e-01
    2.598000e+01    5.139299e-01
    2.600000e+01    5.139299e-01
    2.602000e+01    5.139298e-01
    2.604000e+01    5.139297e-01
    2.606000e+01    5.139297e-01
    2.608000e+01    5.139296e-01
    2.610000e+01    5.139295e-01
    2.612000e+01    5.139295e-01
    2.614000e+01    5.139294e-01
    2.616000e+01    5.139293e-01
    2.618000e+01    5.139293e-01
    2.620000e+01    5.139292e-01
    2.622000e+01    5.139291e-01
    2.624000e+01    5.139291e-01
    2.626000e+01    5.139290e-01
    2.628000e+01    5.139290e-01
    2.630000e+01    5.139289e-01
    2.632000e+01    5.139288e-01
    2.634000e+01    5.139288e-01
    2.636000e+01    5.139287e-01
    2.638000e+01    5.139287e-01
    2.640000e+01    5.139286e-01
    2.642000e+01    5.139286e-01
    2.644000e+01    5.139285e-01
    2.646000e+01    5.139284e-01
    2.648000e+01    5.139284e-01
    2.650000e+01    5.139283e-01
    2.652000e+01    5.139283e-01
    2.654000e+01    5.139282e-01
    2.656000e+01    5.139282e-01
    2.658000e+01    5.139281e-01
    2.660000e+01    5.139281e-01
    2.662000e+01    5.139280e-01
    2.664000e+01    5.139280e-01
    2.666000e+01    5.139279e-01
    2.668000e+01    5.139279e-01
    2.670000e+01    5.139278e-01
    2.672000e+01    5.139278e-01
    2.674000e+01    5.139277e-01
    2.676000e+01    5.139277e-01
    2.678000e+01    5.139276e-01
    2.680000e+01    5.139276e-01
    2.682000e+01    5.139275e-01
    2.684000e+01    5.139275e-01
    2.686000e+01    5.139274e-01
    2.688000e+01    5.139274e-01
    2.690000e+01    5.139273e-01
    2.692000e+01    5.139273e-01
    2.694000e+01    5.139272e-01
    2.696000e+01    5.139272e-01
    2.698000e+01    5.139271e-01
    2.700000e+01    5.139271e-01
    2.702000e+01    5.139270e-01
    2.704000e+01    5.139270e-01
    2.706000e+01    5.139269e-01
    2.708000e+01    5.139269e-01
    2.710000e+01    5.139269e-01
    2.712000e+01    5.139268e-01
    2.714000e+01    5.139268e-01
    2.716000e+01    5.139267e-01
    2.718000e+01    5.139267e-01
    2.720000e+01    5.139266e-01
    2.722000e+01    5.139266e-01
    2.724000e+01    5.139266e-01
    2.726000e+01    5.139265e-01
    2.728000e+01    5.139265e-01
    2.730000e+01    5.139264e-01
    2.732000e+01    5.139264e-01
    2.734000e+01    5.139263e-01
    2.736000e+01    5.139263e-01
    2.738000e+01    5.139263e-01
    2.740000e+01    5.139262e-01
    2.742000e+01    5.139262e-01
    2.744000e+01    5.139261e-01
    2.746000e+01    5.139261e-01
    2.748000e+01    5.139261e-01
    2.750000e+01    5.139260e-01
    2.752000e+01    5.139260e-01
    2.754000e+01    5.139259e-01
    2.756000e+01    5.139259e-01
    2.758000e+01    5.139259e-01
    2.760000e+01    5.139258e-01
    2.762000e+01    5.139258e-01
    2.764000e+01    5.139258e-01
    2.766000e+01    5.139257e-01
    2.768000e+01    5.139257e-01
    2.770000e+01    5.139256e-01
    2.772000e+01    5.139256e-01
    2.774000e+01    5.139256e-01
    2.776000e+01    5.139255e-01
    2.778000e+01    5.139255e-01
    2.780000e+01    5.139255e-01
    2.782000e+01    5.139254e-01
    2.784000e+01    5.139254e-01
    2.786000e+01    5.139254e-01
    2.788000e+01    5.139253e-01
    2.790000e+01    5.139253e-01
    2.792000e+01    5.139253e-01
    2.794000e+01    5.139252e-01
    2.796000e+01    5.139252e-01
    2.798000e+01    5.139252e-01
    2.800000e+01    5.139251e-01
    2.802000e+01    5.139251e-01
    2.804000e+01    5.139250e-01
    2.806000e+01    5.139250e-01
    2.808000e+01    5.139250e-01
    2.810000e+01    5.139250e-01
    2.812000e+01    5.139249e-01
    2.814000e+01    5.139249e-01
    2.816000e+01    5.139249e-01
    2.818000e+01    5.139248e-01
    2.820000e+01    5.139248e-01
    2.822000e+01    5.139248e-01
    2.824000e+01    5.139247e-01
    2.826000e+01    5.139247e-01
    2.828000e+01    5.139247e-01
    2.830000e+01    5.139246e-01
    2.832000e+01    5.139246e-01
    2.834000e+01    5.139246e-01
    2.836000e+01    5.139245e-01
    2.838000e+01    5.139245e-01
    2.840000e+01    5.139245e-01
    2.842000e+01    5.139244e-01
    2.844000e+01    5.139244e-01
    2.846000e+01    5.139244e-01
    2.848000e+01    5.139244e-01
    2.850000e+01    5.139243e-01
    2.852000e+01    5.139243e-01
    2.854000e+01    5.139243e-01
    2.856000e+01    5.139242e-01
    2.858000e+01    5.139242e-01
    2.860000e+01    5.139242e-01
    2.862000e+01    5.139242e-01
    2.864000e+01    5.139241e-01
    2.866000e+01    5.139241e-01
    2.868000e+01    5.139241e-01
    2.870000e+01    5.139241e-01
    2.872000e+01    5.139240e-01
    2.874000e+01    5.139240e-01
    2.876000e+01    5.139240e-01
    2.878000e+01    5.139240e-01
    2.880000e+01    5.139239e-01
    2.882000e+01    5.139239e-01
    2.884000e+01    5.139239e-01
    2.886000e+01    5.139239e-01
    2.888000e+01    5.139238e-01
    2.890000e+01    5.139238e-01
    2.892000e+01    5.139238e-01
    2.894000e+01    5.139238e-01
    2.896000e+01    5.139237e-01
    2.898000e+01    5.139237e-01
    2.900000e+01    5.139237e-01
    2.902000e+01    5.139237e-01
    2.904000e+01    5.139236e-01
    2.906000e+01    5.139236e-01
    2.908000e+01    5.139236e-01
    2.910000e+01    5.139236e-01
    2.912000e+01    5.139235e-01
    2.914000e+01    5.139235e-01
    2.916000e+01    5.139235e-01
    2.918000e+01    5.139235e-01
    2.920000e+01    5.139235e-01
    2.922000e+01    5.139234e-01
    2.924000e+01    5.139234e-01
    2.926000e+01    5.139234e-01
    2.928000e+01    5.139234e-01
    2.930000e+01    5.139233e-01
    2.932000e+01    5.139233e-01
    2.934000e+01    5.139233e-01
    2.936000e+01    5.139233e-01
    2.938000e+01    5.139233e-01
    2.940000e+01    5.139232e-01
    2.942000e+01    5.139232e-01
    2.944000e+01    5.139232e-01
    2.946000e+01    5.139232e-01
    2.948000e+01    5.139232e-01
    2.950000e+01    5.139231e-01
    2.952000e+01    5.139231e-01
    2.954000e+01    5.139231e-01
    2.956000e+01    5.139231e-01
    2.958000e+01    5.139231e-01
    2.960000e+01    5.139230e-01
    2.962000e+01    5.139230e-01
    2.964000e+01    5.139230e-01
    2.966000e+01    5.139230e-01
    2.968000e+01    5.139230e-01
    2.970000e+01    5.139229e-01
    2.972000e+01    5.139229e-01
    2.974000e+01    5.139229e-01
    2.976000e+01    5.139229e-01
    2.978000e+01    5.139229e-01
    2.980000e+01    5.139228e-01
    2.982000e+01    5.139228e-01
    2.984000e+01    5.139228e-01
    2.986000e+01    5.139228e-01
    2.988000e+01    5.139228e-01
    2.990000e+01    5.139228e-01
    2.992000e+01    5.139227e-01
    2.994000e+01    5.139227e-01
    2.996000e+01    5.139227e-01
    2.998000e+01    5.139227e-01
    3.000000e+01    5.139227e-01
    3.002000e+01    5.139227e-01
    3.004000e+01    5.139226e-01
    3.006000e+01    5.139226e-01
    3.008000e+01    5.139226e-01
    3.010000e+01    5.139226e-01
    3.012000e+01    5.139226e-01
    3.014000e+01    5.139226e-01
    3.016000e+01    5.139225e-01
    3.018000e+01    5.139225e-01
    3.020000e+01    5.139225e-01
    3.022000e+01    5.139225e-01
    3.024000e+01    5.139225e-01
    3.026000e+01    5.139225e-01
    3.028000e+01    5.139224e-01
    3.030000e+01    5.139224e-01
    3.032000e+01    5.139224e-01
    3.034000e+01    5.139224e-01
    3.036000e+01    5.139224e-01
    3.038000e+01    5.139224e-01
    3.040000e+01    5.139223e-01
    3.042000e+01    5.139223e-01
    3.044000e+01    5.139223e-01
    3.046000e+01    5.139223e-01
    3.048000e+01    5.139223e-01
    3.050000e+01    5.139223e-01
    3.052000e+01    5.139222e-01
    3.054000e+01    5.139222e-01
    3.056000e+01    5.139222e-01
    3.058000e+01    5.139222e-01
    3.060000e+01    5.139222e-01
    3.062000e+01    5.139222e-01
    3.064000e+01    5.139222e-01
    3.066000e+01    5.139221e-01
    3.068000e+01    5.139221e-01
    3.070000e+01    5.139221e-01
    3.072000e+01    5.139221e-01
    3.074000e+01    5.139221e-01
    3.076000e+01    5.139221e-01
    3.078000e+01    5.139221e-01
    3.080000e+01    5.139220e-01
    3.082000e+01    5.139220e-01
    3.084000e+01    5.139220e-01
    3.086000e+01    5.139220e-01
    3.088000e+01    5.139220e-01
    3.090000e+01    5.139220e-01
    3.092000e+01    5.139220e-01
    3.094000e+01    5.139220e-01
    3.096000e+01    5.139219e-01
    3.098000e+01    5.139219e-01
    3.100000e+01    5.139219e-01
    3.102000e+01    5.139219e-01
    3.104000e+01    5.139219e-01
    3.106000e+01    5.139219e-01
    3.108000e+01    5.139219e-01
    3.110000e+01    5.139218e-01
    3.112000e+01    5.139218e-01
    3.114000e+01    5.139218e-01
    3.116000e+01    5.139218e-01
    3.118000e+01    5.139218e-01
    3.120000e+01    5.139218e-01
    3.122000e+01    5.139218e-01
    3.124000e+01    5.139218e-01
    3.126000e+01    5.139217e-01
    3.128000e+01    5.139217e-01
    3.130000e+01    5.139217e-01
    3.132000e+01    5.139217e-01
    3.134000e+01    5.139217e-01
    3.136000e+01    5.139217e-01
    3.138000e+01    5.139217e-01
    3.140000e+01    5.139217e-01
    3.142000e+01    5.139216e-01
    3.144000e+01    5.139216e-01
    3.146000e+01    5.139216e-01
    3.148000e+01    5.139216e-01
    3.150000e+01    5.139216e-01
    3.152000e+01    5.139216e-01
    3.154000e+01    5.139216e-01
    3.156000e+01    5.139216e-01
    3.158000e+01    5.139216e-01
    3.160000e+01    5.139215e-01
    3.162000e+01    5.139215e-01
    3.164000e+01    5.139215e-01
    3.166000e+01    5.139215e-01
    3.168000e+01    5.139215e-01
    3.170000e+01    5.139215e-01
    3.172000e+01    5.139215e-01
    3.174000e+01    5.139215e-01
    3.176000e+01    5.139215e-01
    3.178000e+01    5.139214e-01
    3.180000e+01    5.139214e-01
    3.182000e+01    5.139214e-01
    3.184000e+01    5.139214e-01
    3.186000e+01    5.139214e-01
    3.188000e+01    5.139214e-01
    3.190000e+01    5.139214e-01
    3.192000e+01    5.139214e-01
    3.194000e+01    5.139214e-01
    3.196000e+01    5.139213e-01
    3.198000e+01    5.139213e-01
    3.200000e+01    5.139213e-01
    3.202000e+01    5.139213e-01
    3.204000e+01    5.139213e-01
    3.206000e+01    5.139213e-01
    3.208000e+01    5.139213e-01
    3.210000e+01    5.139213e-01
    3.212000e+01    5.139213e-01
    3.214000e+01    5.139213e-01
    3.216000e+01    5.139212e-01
    3.218000e+01    5.139212e-01
    3.220000e+01    5.139212e-01
    3.222000e+01    5.139212e-01
    3.224000e+01    5.139212e-01
    3.226000e+01    5.139212e-01
    3.228000e+01    5.139212e-01
    3.230000e+01    5.139212e-01
    3.232000e+01    5.139212e-01
    3.234000e+01    5.139212e-01
    3.236000e+01    5.139212e-01
    3.238000e+01    5.139211e-01
    3.240000e+01    5.139211e-01
    3.242000e+01    5.139211e-01
    3.244000e+01    5.139211e-01
    3.246000e+01    5.139211e-01
    3.248000e+01    5.139211e-01
    3.250000e+01    5.139211e-01
    3.252000e+01    5.139211e-01
    3.254000e+01    5.139211e-01
    3.256000e+01    5.139211e-01
    3.258000e+01    5.139211e-01
    3.260000e+01    5.139210e-01
    3.262000e+01    5.139210e-01
    3.264000e+01    5.139210e-01
    3.266000e+01    5.139210e-01
    3.268000e+01    5.139210e-01
    3.270000e+01    5.139210e-01
    3.272000e+01    5.139210e-01
    3.274000e+01    5.139210e-01
    3.276000e+01    5.139210e-01
    3.278000e+01    5.139210e-01
    3.280000e+01    5.139210e-01
    3.282000e+01    5.139210e-01
    3.284000e+01    5.139209e-01
    3.286000e+01    5.139209e-01
    3.288000e+01    5.139209e-01
    3.290000e+01    5.139209e-01
    3.292000e+01    5.139209e-01
    3.294000e+01    5.139209e-01
    3.296000e+01    5.139209e-01
    3.298000e+01    5.139209e-01
    3.300000e+01    5.139209e-01
    3.302000e+01    5.139209e-01
    3.304000e+01    5.139209e-01
    3.306000e+01    5.139209e-01
    3.308000e+01    5.139209e-01
    3.310000e+01    5.139208e-01
    3.312000e+01    5.139208e-01
    3.314000e+01    5.139208e-01
    3.316000e+01    5.139208e-01
    3.318000e+01    5.139208e-01
    3.320000e+01    5.139208e-01
    3.322000e+01    5.139208e-01
    3.324000e+01    5.139208e-01
    3.326000e+01    5.139208e-01
    3.328000e+01    5.139208e-01
    3.330000e+01    5.139208e-01
    3.332000e+01    5.139208e-01
    3.334000e+01    5.139208e-01
    3.336000e+01    5.139207e-01
    3.338000e+01    5.139207e-01
    3.340000e+01    5.139207e-01
    3.342000e+01    5.139207e-01
    3.344000e+01    5.139207e-01
    3.346000e+01    5.139207e-01
    3.348000e+01    5.139207e-01
    3.350000e+01    5.139207e-01
    3.352000e+01    5.139207e-01
    3.354000e+01    5.139207e-01
    3.356000e+01    5.139207e-01
    3.358000e+01    5.139207e-01
    3.360000e+01    5.139207e-01
    3.362000e+01    5.139207e-01
    3.364000e+01    5.139207e-01
    3.366000e+01    5.139206e-01
    3.368000e+01    5.139206e-01
    3.370000e+01    5.139206e-01
    3.372000e+01    5.139206e-01
    3.374000e+01    5.139206e-01
    3.376000e+01    5.139206e-01
    3.378000e+01    5.139206e-01
    3.380000e+01    5.139206e-01
    3.382000e+01    5.139206e-01
    3.384000e+01    5.139206e-01
    3.386000e+01    5.139206e-01
    3.388000e+01    5.139206e-01
    3.390000e+01    5.139206e-01
    3.392000e+01    5.139206e-01
    3.394000e+01    5.139206e-01
    3.396000e+01    5.139206e-01
    3.398000e+01    5.139205e-01
    3.400000e+01    5.139205e-01
    3.402000e+01    5.139205e-01
    3.404000e+01    5.139205e-01
    3.406000e+01    5.139205e-01
    3.408000e+01    5.139205e-01
    3.410000e+01    5.139205e-01
    3.412000e+01    5.139205e-01
    3.414000e+01    5.139205e-01
    3.416000e+01    5.139205e-01
    3.418000e+01    5.139205e-01
    3.420000e+01    5.139205e-01
    3.422000e+01    5.139205e-01
    3.424000e+01    5.139205e-01
    3.426000e+01    5.139205e-01
    3.428000e+01    5.139205e-01
    3.430000e+01    5.139205e-01
    3.432000e+01    5.139205e-01
    3.434000e+01    5.139204e-01
    3.436000e+01    5.139204e-01
    3.438000e+01    5.139204e-01
    3.440000e+01    5.139204e-01
    3.442000e+01    5.139204e-01
    3.444000e+01    5.139204e-01
    3.446000e+01    5.139204e-01
    3.448000e+01    5.139204e-01
    3.450000e+01    5.139204e-01
    3.452000e+01    5.139204e-01
    3.454000e+01    5.139204e-01
    3.456000e+01    5.139204e-01
    3.458000e+01    5.139204e-01
    3.460000e+01    5.139204e-01
    3.462000e+01    5.139204e-01
    3.464000e+01    5.139204e-01
    3.466000e+01    5.139204e-01
    3.468000e+01    5.139204e-01
    3.470000e+01    5.139204e-01
    3.472000e+01    5.139204e-01
    3.474000e+01    5.139203e-01
    3.476000e+01    5.139203e-01
    3.478000e+01    5.139203e-01
    3.480000e+01    5.139203e-01
    3.482000e+01    5.139203e-01
    3.484000e+01    5.139203e-01
    3.486000e+01    5.139203e-01
    3.488000e+01    5.139203e-01
    3.490000e+01    5.139203e-01
    3.492000e+01    5.139203e-01
    3.494000e+01    5.139203e-01
    3.496000e+01    5.139203e-01
    3.498000e+01    5.139203e-01
    3.500000e+01    5.139203e-01
    3.502000e+01    5.139203e-01
    3.504000e+01    5.139203e-01
    3.506000e+01    5.139203e-01
    3.508000e+01    5.139203e-01
    3.510000e+01    5.139203e-01
    3.512000e+01    5.139203e-01
    3.514000e+01    5.139203e-01
    3.516000e+01    5.139203e-01
    3.518000e+01    5.139203e-01
    3.520000e+01    5.139202e-01
    3.522000e+01    5.139202e-01
    3.524000e+01    5.139202e-01
    3.526000e+01    5.139202e-01
    3.528000e+01    5.139202e-01
    3.530000e+01    5.139202e-01
    3.532000e+01    5.139202e-01
    3.534000e+01    5.139202e-01
    3.536000e+01    5.139202e-01
    3.538000e+01    5.139202e-01
    3.540000e+01    5.139202e-01
    3.542000e+01    5.139202e-01
    3.544000e+01    5.139202e-01
    3.546000e+01    5.139202e-01
    3.548000e+01    5.139202e-01
    3.550000e+01    5.139202e-01
    3.552000e+01    5.139202e-01
    3.554000e+01    5.139202e-01
    3.556000e+01    5.139202e-01
    3.558000e+01    5.139202e-01
    3.560000e+01    5.139202e-01
    3.562000e+01    5.139202e-01
    3.564000e+01    5.139202e-01
    3.566000e+01    5.139202e-01
    3.568000e+01    5.139202e-01
    3.570000e+01    5.139202e-01
    3.572000e+01    5.139201e-01
    3.574000e+01    5.139201e-01
    3.576000e+01    5.139201e-01
    3.578000e+01    5.139201e-01
    3.580000e+01    5.139201e-01
    3.582000e+01    5.139201e-01
    3.584000e+01    5.139201e-01
    3.586000e+01    5.139201e-01
    3.588000e+01    5.139201e-01
    3.590000e+01    5.139201e-01
    3.592000e+01    5.139201e-01
    3.594000e+01    5.139201e-01
    3.596000e+01    5.139201e-01
    3.598000e+01    5.139201e-01
    3.600000e+01    5.139201e-01
    3.602000e+01    5.139201e-01
    3.604000e+01    5.139201e-01
    3.606000e+01    5.139201e-01
    3.608000e+01    5.139201e-01
    3.610000e+01    5.139201e-01
    3.612000e+01    5.139201e-01
    3.614000e+01    5.139201e-01
    3.616000e+01    5.139201e-01
    3.618000e+01    5.139201e-01
    3.620000e+01    5.139201e-01
    3.622000e+01    5.139201e-01
    3.624000e+01    5.139201e-01
    3.626000e+01    5.139201e-01
    3.628000e+01    5.139201e-01
    3.630000e+01    5.139201e-01
    3.632000e+01    5.139201e-01
    3.634000e+01    5.139200e-01
    3.636000e+01    5.139200e-01
    3.638000e+01    5.139200e-01
    3.640000e+01    5.139200e-01
    3.642000e+01    5.139200e-01
    3.644000e+01    5.139200e-01
    3.646000e+01    5.139200e-01
    3.648000e+01    5.139200e-01
    3.650000e+01    5.139200e-01
    3.652000e+01    5.139200e-01
    3.654000e+01    5.139200e-01
    3.656000e+01    5.139200e-01
    3.658000e+01    5.139200e-01
    3.660000e+01    5.139200e-01
    3.662000e+01    5.139200e-01
    3.664000e+01    5.139200e-01
    3.666000e+01    5.139200e-01
    3.668000e+01    5.139200e-01
    3.670000e+01    5.139200e-01
    3.672000e+01    5.139200e-01
    3.674000e+01    5.139200e-01
    3.676000e+01    5.139200e-01
    3.678000e+01    5.139200e-01
    3.680000e+01    5.139200e-01
    3.682000e+01    5.139200e-01
    3.684000e+01    5.139200e-01
    3.686000e+01    5.139200e-01
    3.688000e+01    5.139200e-01
    3.690000e+01    5.139200e-01
    3.692000e+01    5.139200e-01
    3.694000e+01    5.139200e-01
    3.696000e+01    5.139200e-01
    3.698000e+01    5.139200e-01
    3.700000e+01    5.139200e-01
    3.702000e+01    5.139200e-01
    3.704000e+01    5.139200e-01
    3.706000e+01    5.139200e-01
    3.708000e+01    5.139200e-01
    3.710000e+01    5.139199e-01
    3.712000e+01    5.139199e-01
    3.714000e+01    5.139199e-01
    3.716000e+01    5.139199e-01
    3.718000e+01    5.139199e-01
    3.720000e+01    5.139199e-01
    3.722000e+01    5.139199e-01
    3.724000e+01    5.139199e-01
    3.726000e+01    5.139199e-01
    3.728000e+01    5.139199e-01
    3.730000e+01    5.139199e-01
    3.732000e+01    5.139199e-01
    3.734000e+01    5.139199e-01
    3.736000e+01    5.139199e-01
    3.738000e+01    5.139199e-01
    3.740000e+01    5.139199e-01
    3.742000e+01    5.139199e-01
    3.744000e+01    5.139199e-01
    3.746000e+01    5.139199e-01
    3.748000e+01    5.139199e-01
    3.750000e+01    5.139199e-01
    3.752000e+01    5.139199e-01
    3.754000e+01    5.139199e-01
    3.756000e+01    5.139199e-01
    3.758000e+01    5.139199e-01
    3.760000e+01    5.139199e-01
    3.762000e+01    5.139199e-01
    3.764000e+01    5.139199e-01
    3.766000e+01    5.139199e-01
    3.768000e+01    5.139199e-01
    3.770000e+01    5.139199e-01
    3.772000e+01    5.139199e-01
    3.774000e+01    5.139199e-01
    3.776000e+01    5.139199e-01
    3.778000e+01    5.139199e-01
    3.780000e+01    5.139199e-01
    3.782000e+01    5.139199e-01
    3.784000e+01    5.139199e-01
    3.786000e+01    5.139199e-01
    3.788000e+01    5.139199e-01
    3.790000e+01    5.139199e-01
    3.792000e+01    5.139199e-01
    3.794000e+01    5.139199e-01
    3.796000e+01    5.139199e-01
    3.798000e+01    5.139199e-01
    3.800000e+01    5.139199e-01
    3.802000e+01    5.139199e-01
    3.804000e+01    5.139199e-01
    3.806000e+01    5.139199e-01
    3.808000e+01    5.139199e-01
    3.810000e+01    5.139198e-01
    3.812000e+01    5.139198e-01
    3.814000e+01    5.139198e-01
    3.816000e+01    5.139198e-01
    3.818000e+01    5.139198e-01
    3.820000e+01    5.139198e-01
    3.822000e+01    5.139198e-01
    3.824000e+01    5.139198e-01
    3.826000e+01    5.139198e-01
    3.828000e+01    5.139198e-01
    3.830000e+01    5.139198e-01
    3.832000e+01    5.139198e-01
    3.834000e+01    5.139198e-01
    3.836000e+01    5.139198e-01
    3.838000e+01    5.139198e-01
    3.840000e+01    5.139198e-01
    3.842000e+01    5.139198e-01
    3.844000e+01    5.139198e-01
    3.846000e+01    5.139198e-01
    3.848000e+01    5.139198e-01
    3.850000e+01    5.139198e-01
    3.852000e+01    5.139198e-01
    3.854000e+01    5.139198e-01
    3.856000e+01    5.139198e-01
    3.858000e+01    5.139198e-01
    3.860000e+01    5.139198e-01
    3.862000e+01    5.139198e-01
    3.864000e+01    5.139198e-01
    3.866000e+01    5.139198e-01
    3.868000e+01    5.139198e-01
    3.870000e+01    5.139198e-01
    3.872000e+01    5.139198e-01
    3.874000e+01    5.139198e-01
    3.876000e+01    5.139198e-01
    3.878000e+01    5.139198e-01
    3.880000e+01    5.139198e-01
    3.882000e+01    5.139198e-01
    3.884000e+01    5.139198e-01
    3.886000e+01    5.139198e-01
    3.888000e+01    5.139198e-01
    3.890000e+01    5.139198e-01
    3.892000e+01    5.139198e-01
    3.894000e+01    5.139198e-01
    3.896000e+01    5.139198e-01
    3.898000e+01    5.139198e-01
    3.900000e+01    5.139198e-01
    3.902000e+01    5.139198e-01
    3.904000e+01    5.139198e-01
    3.906000e+01    5.139198e-01
    3.908000e+01    5.139198e-01
    3.910000e+01    5.139198e-01
    3.912000e+01    5.139198e-01
    3.914000e+01    5.139198e-01
    3.916000e+01    5.139198e-01
    3.918000e+01    5.139198e-01
    3.920000e+01    5.139198e-01
    3.922000e+01    5.139198e-01
    3.924000e+01    5.139198e-01
    3.926000e+01    5.139198e-01
    3.928000e+01    5.139198e-01
    3.930000e+01    5.139198e-01
    3.932000e+01    5.139198e-01
    3.934000e+01    5.139198e-01
    3.936000e+01    5.139198e-01
    3.938000e+01    5.139198e-01
    3.940000e+01    5.139198e-01
    3.942000e+01    5.139198e-01
    3.944000e+01    5.139198e-01
    3.946000e+01    5.139198e-01
    3.948000e+01    5.139198e-01
    3.950000e+01    5.139198e-01
    3.952000e+01    5.139198e-01
    3.954000e+01    5.139197e-01
    3.956000e+01    5.139197e-01
    3.958000e+01    5.139197e-01
    3.960000e+01    5.139197e-01
    3.962000e+01    5.139197e-01
    3.964000e+01    5.139197e-01
    3.966000e+01    5.139197e-01
    3.968000e+01    5.139197e-01
    3.970000e+01    5.139197e-01
    3.972000e+01    5.139197e-01
    3.974000e+01    5.139197e-01
    3.976000e+01    5.139197e-01
    3.978000e+01    5.139197e-01
    3.980000e+01    5.139197e-01
    3.982000e+01    5.139197e-01
    3.984000e+01    5.139197e-01
    3.986000e+01    5.139197e-01
    3.988000e+01    5.139197e-01
    3.990000e+01    5.139197e-01
    3.992000e+01    5.139197e-01
    3.994000e+01    5.139197e-01
    3.996000e+01    5.139197e-01
    3.998000e+01    5.139197e-01
