    0.000000e+00    1.0000000000e+00    0.0000000000e+00
    2.000000e-02    9.9960052515e-01    3.9947484803e-04
    4.000000e-02    9.9840836533e-01    1.5916346714e-03
    6.000000e-02    9.9644173533e-01    3.5582646655e-03
    8.000000e-02    9.9372900033e-01    6.2709996672e-03
    1.000000e-01    9.9030632093e-01    9.6936790680e-03
    1.200000e-01    9.8621544515e-01    1.3784554850e-02
    1.400000e-01    9.8150190932e-01    1.8498090681e-02
    1.600000e-01    9.7621363040e-01    2.3786369602e-02
    1.800000e-01    9.7039977731e-01    2.9600222691e-02
    2.000000e-01    9.6410982464e-01    3.5890175365e-02
    2.200000e-01    9.5739274184e-01    4.2607258158e-02
    2.400000e-01    9.5029630990e-01    4.9703690104e-02
    2.600000e-01    9.4286657253e-01    5.7133427472e-02
    2.800000e-01    9.3514742693e-01    6.4852573073e-02
    3.000000e-01    9.2718034827e-01    7.2819651725e-02
    3.200000e-01    9.1900423220e-01    8.0995767801e-02
    3.400000e-01    9.1065533306e-01    8.9344666940e-02
    3.600000e-01    9.0216727437e-01    9.7832725634e-02
    3.800000e-01    8.9357110956e-01    1.0642889044e-01
    4.000000e-01    8.8489541540e-01    1.1510458460e-01
    4.200000e-01    8.7616640464e-01    1.2383359536e-01
    4.400000e-01    8.6740804886e-01    1.3259195114e-01
    4.600000e-01    8.5864220531e-01    1.4135779469e-01
    4.800000e-01    8.4988874409e-01    1.5011125591e-01
    5.000000e-01    8.4116567337e-01    1.5883432663e-01
    5.200000e-01    8.3248926152e-01    1.6751073848e-01
    5.400000e-01    8.2387415532e-01    1.7612584468e-01
    5.600000e-01    8.1533349393e-01    1.8466650607e-01
    5.800000e-01    8.0687901819e-01    1.9312098181e-01
    6.000000e-01    7.9852117494e-01    2.0147882506e-01
    6.200000e-01    7.9026921620e-01    2.0973078380e-01
    6.400000e-01    7.8213129288e-01    2.1786870712e-01
    6.600000e-01    7.7411454305e-01    2.2588545695e-01
    6.800000e-01    7.6622517475e-01    2.3377482525e-01
    7.000000e-01    7.5846854326e-01    2.4153145674e-01
    7.200000e-01    7.5084922300e-01    2.4915077700e-01
    7.400000e-01    7.4337107434e-01    2.5662892566e-01
    7.600000e-01    7.3603730541e-01    2.6396269459e-01
    7.800000e-01    7.2885052922e-01    2.7114947078e-01
    8.000000e-01    7.2181281634e-01    2.7818718366e-01
    8.200000e-01    7.1492574342e-01    2.8507425658e-01
    8.400000e-01    7.0819043781e-01    2.9180956219e-01
    8.600000e-01    7.0160761850e-01    2.9839238150e-01
    8.800000e-01    6.9517763372e-01    3.0482236628e-01
    9.000000e-01    6.8890049548e-01    3.1109950452e-01
    9.200000e-01    6.8277591130e-01    3.1722408870e-01
    9.400000e-01    6.7680331331e-01    3.2319668669e-01
    9.600000e-01    6.7098188494e-01    3.2901811506e-01
    9.800000e-01    6.6531058543e-01    3.3468941457e-01
    1.000000e+00    6.5978817225e-01    3.4021182775e-01
    1.020000e+00    6.5441322178e-01    3.4558677822e-01
    1.040000e+00    6.4918414825e-01    3.5081585175e-01
    1.060000e+00    6.4409922113e-01    3.5590077887e-01
    1.080000e+00    6.3915658112e-01    3.6084341888e-01
    1.100000e+00    6.3435425480e-01    3.6564574520e-01
    1.120000e+00    6.2969016807e-01    3.7030983193e-01
    1.140000e+00    6.2516215854e-01    3.7483784146e-01
    1.160000e+00    6.2076798687e-01    3.7923201313e-01
    1.180000e+00    6.1650534722e-01    3.8349465278e-01
    1.200000e+00    6.1237187687e-01    3.8762812313e-01
    1.220000e+00    6.0836516503e-01    3.9163483497e-01
    1.240000e+00    6.0448276100e-01    3.9551723900e-01
    1.260000e+00    6.0072218158e-01    3.9927781842e-01
    1.280000e+00    5.9708091798e-01    4.0291908202e-01
    1.300000e+00    5.9355644215e-01    4.0644355785e-01
    1.320000e+00    5.9014621259e-01    4.0985378741e-01
    1.340000e+00    5.8684767971e-01    4.1315232029e-01
    1.360000e+00    5.8365829076e-01    4.1634170924e-01
    1.380000e+00    5.8057549432e-01    4.1942450568e-01
    1.400000e+00    5.7759674442e-01    4.2240325558e-01
    1.420000e+00    5.7471950438e-01    4.2528049562e-01
    1.440000e+00    5.7194125025e-01    4.2805874975e-01
    1.460000e+00    5.6925947404e-01    4.3074052596e-01
    1.480000e+00    5.6667168658e-01    4.3332831342e-01
    1.500000e+00    5.6417542025e-01    4.3582457975e-01
    1.520000e+00    5.6176823134e-01    4.3823176866e-01
    1.540000e+00    5.5944770226e-01    4.4055229774e-01
    1.560000e+00    5.5721144354e-01    4.4278855646e-01
    1.580000e+00    5.5505709564e-01    4.4494290436e-01
    1.600000e+00    5.5298233054e-01    4.4701766946e-01
    1.620000e+00    5.5098485322e-01    4.4901514678e-01
    1.640000e+00    5.4906240299e-01    4.5093759701e-01
    1.660000e+00    5.4721275459e-01    4.5278724541e-01
    1.680000e+00    5.4543371928e-01    4.5456628072e-01
    1.700000e+00    5.4372314569e-01    4.5627685431e-01
    1.720000e+00    5.4207892060e-01    4.5792107940e-01
    1.740000e+00    5.4049896965e-01    4.5950103035e-01
    1.760000e+00    5.3898125781e-01    4.6101874219e-01
    1.780000e+00    5.3752378993e-01    4.6247621007e-01
    1.800000e+00    5.3612461110e-01    4.6387538890e-01
    1.820000e+00    5.3478180693e-01    4.6521819307e-01
    1.840000e+00    5.3349350375e-01    4.6650649625e-01
    1.860000e+00    5.3225786881e-01    4.6774213119e-01
    1.880000e+00    5.3107311028e-01    4.6892688972e-01
    1.900000e+00    5.2993747727e-01    4.7006252273e-01
    1.920000e+00    5.2884925981e-01    4.7115074019e-01
    1.940000e+00    5.2780678871e-01    4.7219321129e-01
    1.960000e+00    5.2680843540e-01    4.7319156460e-01
    1.980000e+00    5.2585261172e-01    4.7414738828e-01
    2.000000e+00    5.2493776969e-01    4.7506223031e-01
    2.020000e+00    5.2406240116e-01    4.7593759884e-01
    2.040000e+00    5.2322503750e-01    4.7677496250e-01
    2.060000e+00    5.2242424924e-01    4.7757575076e-01
    2.080000e+00    5.2165864562e-01    4.7834135438e-01
    2.100000e+00    5.2092687418e-01    4.7907312582e-01
    2.120000e+00    5.2022762031e-01    4.7977237969e-01
    2.140000e+00    5.1955960673e-01    4.8044039327e-01
    2.160000e+00    5.1892159303e-01    4.8107840697e-01
    2.180000e+00    5.1831237508e-01    4.8168762492e-01
    2.200000e+00    5.1773078450e-01    4.8226921550e-01
    2.220000e+00    5.1717568813e-01    4.8282431187e-01
    2.240000e+00    5.1664598741e-01    4.8335401259e-01
    2.260000e+00    5.1614061780e-01    4.8385938220e-01
    2.280000e+00    5.1565854819e-01    4.8434145181e-01
    2.300000e+00    5.1519878030e-01    4.8480121970e-01
    2.320000e+00    5.1476034800e-01    4.8523965200e-01
    2.340000e+00    5.1434231675e-01    4.8565768325e-01
    2.360000e+00    5.1394378293e-01    4.8605621707e-01
    2.380000e+00    5.1356387321e-01    4.8643612679e-01
    2.400000e+00    5.1320174393e-01    4.8679825607e-01
    2.420000e+00    5.1285658042e-01    4.8714341958e-01
    2.440000e+00    5.1252759639e-01    4.8747240361e-01
    2.460000e+00    5.1221403326e-01    4.8778596674e-01
    2.480000e+00    5.1191515955e-01    4.8808484045e-01
    2.500000e+00    5.1163027019e-01    4.8836972981e-01
    2.520000e+00    5.1135868593e-01    4.8864131407e-01
    2.540000e+00    5.1109975266e-01    4.8890024734e-01
    2.560000e+00    5.1085284077e-01    4.8914715923e-01
    2.580000e+00    5.1061734459e-01    4.8938265541e-01
    2.600000e+00    5.1039268166e-01    4.8960731834e-01
    2.620000e+00    5.1017829221e-01    4.8982170779e-01
    2.640000e+00    5.0997363845e-01    4.9002636155e-01
    2.660000e+00    5.0977820407e-01    4.9022179593e-01
    2.680000e+00    5.0959149353e-01    4.9040850647e-01
    2.700000e+00    5.0941303156e-01    4.9058696844e-01
    2.720000e+00    5.0924236251e-01    4.9075763749e-01
    2.740000e+00    5.0907904981e-01    4.9092095019e-01
    2.760000e+00    5.0892267540e-01    4.9107732460e-01
    2.780000e+00    5.0877283915e-01    4.9122716085e-01
    2.800000e+00    5.0862915834e-01    4.9137084166e-01
    2.820000e+00    5.0849126707e-01    4.9150873293e-01
    2.840000e+00    5.0835881581e-01    4.9164118419e-01
    2.860000e+00    5.0823147078e-01    4.9176852922e-01
    2.880000e+00    5.0810891353e-01    4.9189108647e-01
    2.900000e+00    5.0799084037e-01    4.9200915963e-01
    2.920000e+00    5.0787696190e-01    4.9212303810e-01
    2.940000e+00    5.0776700254e-01    4.9223299746e-01
    2.960000e+00    5.0766070004e-01    4.9233929996e-01
    2.980000e+00    5.0755780502e-01    4.9244219498e-01
    3.000000e+00    5.0745808051e-01    4.9254191949e-01
    3.020000e+00    5.0736130153e-01    4.9263869847e-01
    3.040000e+00    5.0726725464e-01    4.9273274536e-01
    3.060000e+00    5.0717573751e-01    4.9282426249e-01
    3.080000e+00    5.0708655854e-01    4.9291344146e-01
    3.100000e+00    5.0699953643e-01    4.9300046357e-01
    3.120000e+00    5.0691449979e-01    4.9308550021e-01
    3.140000e+00    5.0683128678e-01    4.9316871322e-01
    3.160000e+00    5.0674974471e-01    4.9325025529e-01
    3.180000e+00    5.0666972969e-01    4.9333027031e-01
    3.200000e+00    5.0659110628e-01    4.9340889372e-01
    3.220000e+00    5.0651374716e-01    4.9348625284e-01
    3.240000e+00    5.0643753274e-01    4.9356246726e-01
    3.260000e+00    5.0636235093e-01    4.9363764907e-01
    3.280000e+00    5.0628809673e-01    4.9371190327e-01
    3.300000e+00    5.0621467202e-01    4.9378532798e-01
    3.320000e+00    5.0614198516e-01    4.9385801484e-01
    3.340000e+00    5.0606995080e-01    4.9393004920e-01
    3.360000e+00    5.0599848954e-01    4.9400151046e-01
    3.380000e+00    5.0592752768e-01    4.9407247232e-01
    3.400000e+00    5.0585699697e-01    4.9414300303e-01
    3.420000e+00    5.0578683433e-01    4.9421316567e-01
    3.440000e+00    5.0571698162e-01    4.9428301838e-01
    3.460000e+00    5.0564738543e-01    4.9435261457e-01
    3.480000e+00    5.0557799681e-01    4.9442200319e-01
    3.500000e+00    5.0550877105e-01    4.9449122895e-01
    3.520000e+00    5.0543966753e-01    4.9456033247e-01
    3.540000e+00    5.0537064942e-01    4.9462935058e-01
    3.560000e+00    5.0530168355e-01    4.9469831645e-01
    3.580000e+00    5.0523274021e-01    4.9476725979e-01
    3.600000e+00    5.0516379294e-01    4.9483620706e-01
    3.620000e+00    5.0509481837e-01    4.9490518163e-01
    3.640000e+00    5.0502579604e-01    4.9497420396e-01
    3.660000e+00    5.0495670824e-01    4.9504329176e-01
    3.680000e+00    5.0488753986e-01    4.9511246014e-01
    3.700000e+00    5.0481827822e-01    4.9518172178e-01
    3.720000e+00    5.0474891294e-01    4.9525108706e-01
    3.740000e+00    5.0467943577e-01    4.9532056423e-01
    3.760000e+00    5.0460984051e-01    4.9539015949e-01
    3.780000e+00    5.0454012282e-01    4.9545987718e-01
    3.800000e+00    5.0447028013e-01    4.9552971987e-01
    3.820000e+00    5.0440031154e-01    4.9559968846e-01
    3.840000e+00    5.0433021764e-01    4.9566978236e-01
    3.860000e+00    5.0426000049e-01    4.9573999951e-01
    3.880000e+00    5.0418966343e-01    4.9581033657e-01
    3.900000e+00    5.0411921104e-01    4.9588078896e-01
    3.920000e+00    5.0404864902e-01    4.9595135098e-01
    3.940000e+00    5.0397798411e-01    4.9602201589e-01
    3.960000e+00    5.0390722400e-01    4.9609277600e-01
    3.980000e+00    5.0383637721e-01    4.9616362279e-01
    4.000000e+00    5.0376545310e-01    4.9623454690e-01
    4.020000e+00    5.0369446171e-01    4.9630553829e-01
    4.040000e+00    5.0362341371e-01    4.9637658629e-01
    4.060000e+00    5.0355232037e-01    4.9644767963e-01
    4.080000e+00    5.0348119344e-01    4.9651880656e-01
    4.100000e+00    5.0341004515e-01    4.9658995485e-01
    4.120000e+00    5.0333888808e-01    4.9666111192e-01
    4.140000e+00    5.0326773519e-01    4.9673226481e-01
    4.160000e+00    5.0319659968e-01    4.9680340032e-01
    4.180000e+00    5.0312549501e-01    4.9687450499e-01
    4.200000e+00    5.0305443483e-01    4.9694556517e-01
    4.220000e+00    5.0298343292e-01    4.9701656708e-01
    4.240000e+00    5.0291250318e-01    4.9708749682e-01
    4.260000e+00    5.0284165957e-01    4.9715834043e-01
    4.280000e+00    5.0277091609e-01    4.9722908391e-01
    4.300000e+00    5.0270028671e-01    4.9729971329e-01
    4.320000e+00    5.0262978540e-01    4.9737021460e-01
    4.340000e+00    5.0255942605e-01    4.9744057395e-01
    4.360000e+00    5.0248922247e-01    4.9751077753e-01
    4.380000e+00    5.0241918833e-01    4.9758081167e-01
    4.400000e+00    5.0234933719e-01    4.9765066281e-01
    4.420000e+00    5.0227968245e-01    4.9772031755e-01
    4.440000e+00    5.0221023730e-01    4.9778976270e-01
    4.460000e+00    5.0214101476e-01    4.9785898524e-01
    4.480000e+00    5.0207202762e-01    4.9792797238e-01
    4.500000e+00    5.0200328845e-01    4.9799671155e-01
    4.520000e+00    5.0193480957e-01    4.9806519043e-01
    4.540000e+00    5.0186660303e-01    4.9813339697e-01
    4.560000e+00    5.0179868064e-01    4.9820131935e-01
    4.580000e+00    5.0173105391e-01    4.9826894609e-01
    4.600000e+00    5.0166373406e-01    4.9833626594e-01
    4.620000e+00    5.0159673201e-01    4.9840326799e-01
    4.640000e+00    5.0153005840e-01    4.9846994160e-01
    4.660000e+00    5.0146372353e-01    4.9853627647e-01
    4.680000e+00    5.0139773742e-01    4.9860226258e-01
    4.700000e+00    5.0133210974e-01    4.9866789026e-01
    4.720000e+00    5.0126684986e-01    4.9873315014e-01
    4.740000e+00    5.0120196681e-01    4.9879803319e-01
    4.760000e+00    5.0113746930e-01    4.9886253070e-01
    4.780000e+00    5.0107336571e-01    4.9892663429e-01
    4.800000e+00    5.0100966410e-01    4.9899033590e-01
    4.820000e+00    5.0094637219e-01    4.9905362781e-01
    4.840000e+00    5.0088349738e-01    4.9911650262e-01
    4.860000e+00    5.0082104672e-01    4.9917895328e-01
    4.880000e+00    5.0075902697e-01    4.9924097303e-01
    4.900000e+00    5.0069744452e-01    4.9930255548e-01
    4.920000e+00    5.0063630549e-01    4.9936369451e-01
    4.940000e+00    5.0057561564e-01    4.9942438436e-01
    4.960000e+00    5.0051538044e-01    4.9948461956e-01
    4.980000e+00    5.0045560503e-01    4.9954439497e-01
    5.000000e+00    5.0039629426e-01    4.9960370574e-01
    5.020000e+00    5.0033745265e-01    4.9966254735e-01
    5.040000e+00    5.0027908445e-01    4.9972091555e-01
    5.060000e+00    5.0022119361e-01    4.9977880639e-01
    5.080000e+00    5.0016378377e-01    4.9983621623e-01
    5.100000e+00    5.0010685830e-01    4.9989314170e-01
    5.120000e+00    5.0005042031e-01    4.9994957969e-01
    5.140000e+00    4.9999447260e-01    5.0000552740e-01
    5.160000e+00    4.9993901772e-01    5.0006098228e-01
    5.180000e+00    4.9988405797e-01    5.0011594203e-01
    5.200000e+00    4.9982959538e-01    5.0017040462e-01
    5.220000e+00    4.9977563173e-01    5.0022436827e-01
    5.240000e+00    4.9972216856e-01    5.0027783144e-01
    5.260000e+00    4.9966920717e-01    5.0033079283e-01
    5.280000e+00    4.9961674864e-01    5.0038325136e-01
    5.300000e+00    4.9956479382e-01    5.0043520618e-01
    5.320000e+00    4.9951334332e-01    5.0048665668e-01
    5.340000e+00    4.9946239756e-01    5.0053760244e-01
    5.360000e+00    4.9941195676e-01    5.0058804324e-01
    5.380000e+00    4.9936202092e-01    5.0063797908e-01
    5.400000e+00    4.9931258985e-01    5.0068741015e-01
    5.420000e+00    4.9926366319e-01    5.0073633681e-01
    5.440000e+00    4.9921524038e-01    5.0078475962e-01
    5.460000e+00    4.9916732069e-01    5.0083267931e-01
    5.480000e+00    4.9911990321e-01    5.0088009679e-01
    5.500000e+00    4.9907298689e-01    5.0092701311e-01
    5.520000e+00    4.9902657050e-01    5.0097342950e-01
    5.540000e+00    4.9898065266e-01    5.0101934734e-01
    5.560000e+00    4.9893523186e-01    5.0106476814e-01
    5.580000e+00    4.9889030643e-01    5.0110969357e-01
    5.600000e+00    4.9884587457e-01    5.0115412543e-01
    5.620000e+00    4.9880193436e-01    5.0119806564e-01
    5.640000e+00    4.9875848375e-01    5.0124151625e-01
    5.660000e+00    4.9871552057e-01    5.0128447943e-01
    5.680000e+00    4.9867304252e-01    5.0132695748e-01
    5.700000e+00    4.9863104723e-01    5.0136895277e-01
    5.720000e+00    4.9858953219e-01    5.0141046781e-01
    5.740000e+00    4.9854849481e-01    5.0145150519e-01
    5.760000e+00    4.9850793241e-01    5.0149206759e-01
    5.780000e+00    4.9846784220e-01    5.0153215780e-01
    5.800000e+00    4.9842822132e-01    5.0157177868e-01
    5.820000e+00    4.9838906683e-01    5.0161093317e-01
    5.840000e+00    4.9835037573e-01    5.0164962427e-01
    5.860000e+00    4.9831214491e-01    5.0168785509e-01
    5.880000e+00    4.9827437122e-01    5.0172562878e-01
    5.900000e+00    4.9823705146e-01    5.0176294854e-01
    5.920000e+00    4.9820018234e-01    5.0179981766e-01
    5.940000e+00    4.9816376055e-01    5.0183623945e-01
    5.960000e+00    4.9812778269e-01    5.0187221731e-01
    5.980000e+00    4.9809224534e-01    5.0190775466e-01
    6.000000e+00    4.9805714504e-01    5.0194285496e-01
    6.020000e+00    4.9802247828e-01    5.0197752172e-01
    6.040000e+00    4.9798824151e-01    5.0201175849e-01
    6.060000e+00    4.9795443115e-01    5.0204556885e-01
    6.080000e+00    4.9792104359e-01    5.0207895641e-01
    6.100000e+00    4.9788807521e-01    5.0211192479e-01
    6.120000e+00    4.9785552234e-01    5.0214447766e-01
    6.140000e+00    4.9782338130e-01    5.0217661870e-01
    6.160000e+00    4.9779164839e-01    5.0220835161e-01
    6.180000e+00    4.9776031991e-01    5.0223968009e-01
    6.200000e+00    4.9772939212e-01    5.0227060788e-01
    6.220000e+00    4.9769886130e-01    5.0230113870e-01
    6.240000e+00    4.9766872369e-01    5.0233127631e-01
    6.260000e+00    4.9763897556e-01    5.0236102444e-01
    6.280000e+00    4.9760961314e-01    5.0239038686e-01
    6.300000e+00    4.9758063268e-01    5.0241936732e-01
    6.320000e+00    4.9755203044e-01    5.0244796956e-01
    6.340000e+00    4.9752380265e-01    5.0247619735e-01
    6.360000e+00    4.9749594559e-01    5.0250405441e-01
    6.380000e+00    4.9746845550e-01    5.0253154450e-01
    6.400000e+00    4.9744132865e-01    5.0255867135e-01
    6.420000e+00    4.9741456134e-01    5.0258543866e-01
    6.440000e+00    4.9738814984e-01    5.0261185016e-01
    6.460000e+00    4.9736209046e-01    5.0263790954e-01
    6.480000e+00    4.9733637951e-01    5.0266362049e-01
    6.500000e+00    4.9731101334e-01    5.0268898666e-01
    6.520000e+00    4.9728598828e-01    5.0271401172e-01
    6.540000e+00    4.9726130071e-01    5.0273869929e-01
    6.560000e+00    4.9723694701e-01    5.0276305299e-01
    6.580000e+00    4.9721292358e-01    5.0278707642e-01
    6.600000e+00    4.9718922686e-01    5.0281077314e-01
    6.620000e+00    4.9716585328e-01    5.0283414672e-01
    6.640000e+00    4.9714279932e-01    5.0285720068e-01
    6.660000e+00    4.9712006148e-01    5.0287993852e-01
    6.680000e+00    4.9709763626e-01    5.0290236374e-01
    6.700000e+00    4.9707552022e-01    5.0292447978e-01
    6.720000e+00    4.9705370991e-01    5.0294629009e-01
    6.740000e+00    4.9703220193e-01    5.0296779807e-01
    6.760000e+00    4.9701099289e-01    5.0298900711e-01
    6.780000e+00    4.9699007946e-01    5.0300992054e-01
    6.800000e+00    4.9696945829e-01    5.0303054171e-01
    6.820000e+00    4.9694912609e-01    5.0305087391e-01
    6.840000e+00    4.9692907960e-01    5.0307092040e-01
    6.860000e+00    4.9690931555e-01    5.0309068445e-01
    6.880000e+00    4.9688983075e-01    5.0311016925e-01
    6.900000e+00    4.9687062201e-01    5.0312937799e-01
    6.920000e+00    4.9685168617e-01    5.0314831383e-01
    6.940000e+00    4.9683302010e-01    5.0316697990e-01
    6.960000e+00    4.9681462071e-01    5.0318537929e-01
    6.980000e+00    4.9679648495e-01    5.0320351505e-01
    7.000000e+00    4.9677860976e-01    5.0322139024e-01
    7.020000e+00    4.9676099216e-01    5.0323900784e-01
    7.040000e+00    4.9674362917e-01    5.0325637083e-01
    7.060000e+00    4.9672651785e-01    5.0327348215e-01
    7.080000e+00    4.9670965529e-01    5.0329034471e-01
    7.100000e+00    4.9669303862e-01    5.0330696138e-01
    7.120000e+00    4.9667666498e-01    5.0332333502e-01
    7.140000e+00    4.9666053157e-01    5.0333946843e-01
    7.160000e+00    4.9664463559e-01    5.0335536441e-01
    7.180000e+00    4.9662897431e-01    5.0337102569e-01
    7.200000e+00    4.9661354498e-01    5.0338645502e-01
    7.220000e+00    4.9659834494e-01    5.0340165506e-01
    7.240000e+00    4.9658337151e-01    5.0341662849e-01
    7.260000e+00    4.9656862207e-01    5.0343137793e-01
    7.280000e+00    4.9655409403e-01    5.0344590597e-01
    7.300000e+00    4.9653978482e-01    5.0346021518e-01
    7.320000e+00    4.9652569190e-01    5.0347430810e-01
    7.340000e+00    4.9651181278e-01    5.0348818722e-01
    7.360000e+00    4.9649814497e-01    5.0350185503e-01
    7.380000e+00    4.9648468604e-01    5.0351531396e-01
    7.400000e+00    4.9647143357e-01    5.0352856643e-01
    7.420000e+00    4.9645838518e-01    5.0354161482e-01
    7.440000e+00    4.9644553851e-01    5.0355446149e-01
    7.460000e+00    4.9643289124e-01    5.0356710876e-01
    7.480000e+00    4.9642044107e-01    5.0357955893e-01
    7.500000e+00    4.9640818574e-01    5.0359181426e-01
    7.520000e+00    4.9639612300e-01    5.0360387700e-01
    7.540000e+00    4.9638425064e-01    5.0361574936e-01
    7.560000e+00    4.9637256648e-01    5.0362743352e-01
    7.580000e+00    4.9636106837e-01    5.0363893163e-01
    7.600000e+00    4.9634975416e-01    5.0365024584e-01
    7.620000e+00    4.9633862177e-01    5.0366137823e-01
    7.640000e+00    4.9632766910e-01    5.0367233090e-01
    7.660000e+00    4.9631689412e-01    5.0368310588e-01
    7.680000e+00    4.9630629479e-01    5.0369370521e-01
    7.700000e+00    4.9629586912e-01    5.0370413088e-01
    7.720000e+00    4.9628561513e-01    5.0371438487e-01
    7.740000e+00    4.9627553088e-01    5.0372446912e-01
    7.760000e+00    4.9626561443e-01    5.0373438557e-01
    7.780000e+00    4.9625586390e-01    5.0374413610e-01
    7.800000e+00    4.9624627740e-01    5.0375372260e-01
    7.820000e+00    4.9623685308e-01    5.0376314692e-01
    7.840000e+00    4.9622758911e-01    5.0377241089e-01
    7.860000e+00    4.9621848370e-01    5.0378151630e-01
    7.880000e+00    4.9620953504e-01    5.0379046496e-01
    7.900000e+00    4.9620074139e-01    5.0379925861e-01
    7.920000e+00    4.9619210101e-01    5.0380789899e-01
    7.940000e+00    4.9618361218e-01    5.0381638782e-01
    7.960000e+00    4.9617527320e-01    5.0382472680e-01
    7.980000e+00    4.9616708240e-01    5.0383291760e-01
    8.000000e+00    4.9615903814e-01    5.0384096186e-01
    8.020000e+00    4.9615113878e-01    5.0384886122e-01
    8.040000e+00    4.9614338271e-01    5.0385661729e-01
    8.060000e+00    4.9613576833e-01    5.0386423167e-01
    8.080000e+00    4.9612829410e-01    5.0387170590e-01
    8.100000e+00    4.9612095844e-01    5.0387904156e-01
    8.120000e+00    4.9611375983e-01    5.0388624017e-01
    8.140000e+00    4.9610669676e-01    5.0389330324e-01
    8.160000e+00    4.9609976774e-01    5.0390023226e-01
    8.180000e+00    4.9609297129e-01    5.0390702871e-01
    8.200000e+00    4.9608630596e-01    5.0391369404e-01
    8.220000e+00    4.9607977031e-01    5.0392022969e-01
    8.240000e+00    4.9607336293e-01    5.0392663707e-01
    8.260000e+00    4.9606708240e-01    5.0393291760e-01
    8.280000e+00    4.9606092736e-01    5.0393907264e-01
    8.300000e+00    4.9605489642e-01    5.0394510358e-01
    8.320000e+00    4.9604898825e-01    5.0395101175e-01
    8.340000e+00    4.9604320150e-01    5.0395679850e-01
    8.360000e+00    4.9603753487e-01    5.0396246513e-01
    8.380000e+00    4.9603198704e-01    5.0396801296e-01
    8.400000e+00    4.9602655675e-01    5.0397344325e-01
    8.420000e+00    4.9602124271e-01    5.0397875729e-01
    8.440000e+00    4.9601604367e-01    5.0398395633e-01
    8.460000e+00    4.9601095840e-01    5.0398904160e-01
    8.480000e+00    4.9600598567e-01    5.0399401433e-01
    8.500000e+00    4.9600112427e-01    5.0399887573e-01
    8.520000e+00    4.9599637302e-01    5.0400362698e-01
    8.540000e+00    4.9599173072e-01    5.0400826928e-01
    8.560000e+00    4.9598719621e-01    5.0401280379e-01
    8.580000e+00    4.9598276834e-01    5.0401723166e-01
    8.600000e+00    4.9597844597e-01    5.0402155403e-01
    8.620000e+00    4.9597422798e-01    5.0402577202e-01
    8.640000e+00    4.9597011325e-01    5.0402988675e-01
    8.660000e+00    4.9596610068e-01    5.0403389932e-01
    8.680000e+00    4.9596218918e-01    5.0403781082e-01
    8.700000e+00    4.9595837768e-01    5.0404162232e-01
    8.720000e+00    4.9595466513e-01    5.0404533487e-01
    8.740000e+00    4.9595105046e-01    5.0404894954e-01
    8.760000e+00    4.9594753263e-01    5.0405246737e-01
    8.780000e+00    4.9594411063e-01    5.0405588937e-01
    8.800000e+00    4.9594078344e-01    5.0405921656e-01
    8.820000e+00    4.9593755005e-01    5.0406244995e-01
    8.840000e+00    4.9593440948e-01    5.0406559052e-01
    8.860000e+00    4.9593136074e-01    5.0406863926e-01
    8.880000e+00    4.9592840285e-01    5.0407159715e-01
    8.900000e+00    4.9592553487e-01    5.0407446513e-01
    8.920000e+00    4.9592275584e-01    5.0407724416e-01
    8.940000e+00    4.9592006483e-01    5.0407993517e-01
    8.960000e+00    4.9591746090e-01    5.0408253910e-01
    8.980000e+00    4.9591494314e-01    5.0408505686e-01
    9.000000e+00    4.9591251064e-01    5.0408748936e-01
    9.020000e+00    4.9591016251e-01    5.0408983749e-01
    9.040000e+00    4.9590789786e-01    5.0409210214e-01
    9.060000e+00    4.9590571580e-01    5.0409428420e-01
    9.080000e+00    4.9590361547e-01    5.0409638453e-01
    9.100000e+00    4.9590159601e-01    5.0409840399e-01
    9.120000e+00    4.9589965657e-01    5.0410034343e-01
    9.140000e+00    4.9589779631e-01    5.0410220369e-01
    9.160000e+00    4.9589601439e-01    5.0410398561e-01
    9.180000e+00    4.9589431000e-01    5.0410569000e-01
    9.200000e+00    4.9589268231e-01    5.0410731769e-01
    9.220000e+00    4.9589113052e-01    5.0410886948e-01
    9.240000e+00    4.9588965384e-01    5.0411034616e-01
    9.260000e+00    4.9588825148e-01    5.0411174852e-01
    9.280000e+00    4.9588692264e-01    5.0411307736e-01
    9.300000e+00    4.9588566657e-01    5.0411433343e-01
    9.320000e+00    4.9588448250e-01    5.0411551750e-01
    9.340000e+00    4.9588336966e-01    5.0411663034e-01
    9.360000e+00    4.9588232732e-01    5.0411767268e-01
    9.380000e+00    4.9588135472e-01    5.0411864528e-01
    9.400000e+00    4.9588045114e-01    5.0411954886e-01
    9.420000e+00    4.9587961585e-01    5.0412038415e-01
    9.440000e+00    4.9587884813e-01    5.0412115187e-01
    9.460000e+00    4.9587814727e-01    5.0412185273e-01
    9.480000e+00    4.9587751257e-01    5.0412248743e-01
    9.500000e+00    4.9587694332e-01    5.0412305668e-01
    9.520000e+00    4.9587643884e-01    5.0412356116e-01
    9.540000e+00    4.9587599845e-01    5.0412400155e-01
    9.560000e+00    4.9587562147e-01    5.0412437853e-01
    9.580000e+00    4.9587530723e-01    5.0412469277e-01
    9.600000e+00    4.9587505507e-01    5.0412494493e-01
    9.620000e+00    4.9587486433e-01    5.0412513567e-01
    9.640000e+00    4.9587473436e-01    5.0412526564e-01
    9.660000e+00    4.9587466452e-01    5.0412533548e-01
    9.680000e+00    4.9587465418e-01    5.0412534582e-01
    9.700000e+00    4.9587470269e-01    5.0412529731e-01
    9.720000e+00    4.9587480945e-01    5.0412519055e-01
    9.740000e+00    4.9587497383e-01    5.0412502617e-01
    9.760000e+00    4.9587519521e-01    5.0412480479e-01
    9.780000e+00    4.9587547300e-01    5.0412452700e-01
    9.800000e+00    4.9587580658e-01    5.0412419342e-01
    9.820000e+00    4.9587619538e-01    5.0412380462e-01
    9.840000e+00    4.9587663879e-01    5.0412336121e-01
    9.860000e+00    4.9587713623e-01    5.0412286377e-01
    9.880000e+00    4.9587768713e-01    5.0412231287e-01
    9.900000e+00    4.9587829091e-01    5.0412170909e-01
    9.920000e+00    4.9587894701e-01    5.0412105299e-01
    9.940000e+00    4.9587965486e-01    5.0412034514e-01
    9.960000e+00    4.9588041392e-01    5.0411958608e-01
    9.980000e+00    4.9588122361e-01    5.0411877639e-01
    1.000000e+01    4.9588208341e-01    5.0411791659e-01
    1.002000e+01    4.9588299278e-01    5.0411700722e-01
    1.004000e+01    4.9588395116e-01    5.0411604884e-01
    1.006000e+01    4.9588495805e-01    5.0411504195e-01
    1.008000e+01    4.9588601290e-01    5.0411398710e-01
    1.010000e+01    4.9588711520e-01    5.0411288480e-01
    1.012000e+01    4.9588826444e-01    5.0411173556e-01
    1.014000e+01    4.9588946010e-01    5.0411053990e-01
    1.016000e+01    4.9589070167e-01    5.0410929833e-01
    1.018000e+01    4.9589198867e-01    5.0410801133e-01
    1.020000e+01    4.9589332059e-01    5.0410667941e-01
    1.022000e+01    4.9589469694e-01    5.0410530306e-01
    1.024000e+01    4.9589611724e-01    5.0410388276e-01
    1.026000e+01    4.9589758100e-01    5.0410241900e-01
    1.028000e+01    4.9589908775e-01    5.0410091225e-01
    1.030000e+01    4.9590063701e-01    5.0409936299e-01
    1.032000e+01    4.9590222832e-01    5.0409777168e-01
    1.034000e+01    4.9590386121e-01    5.0409613879e-01
    1.036000e+01    4.9590553523e-01    5.0409446477e-01
    1.038000e+01    4.9590724992e-01    5.0409275008e-01
    1.040000e+01    4.9590900482e-01    5.0409099518e-01
    1.042000e+01    4.9591079950e-01    5.0408920050e-01
    1.044000e+01    4.9591263351e-01    5.0408736649e-01
    1.046000e+01    4.9591450641e-01    5.0408549359e-01
    1.048000e+01    4.9591641777e-01    5.0408358223e-01
    1.050000e+01    4.9591836716e-01    5.0408163284e-01
    1.052000e+01    4.9592035416e-01    5.0407964584e-01
    1.054000e+01    4.9592237834e-01    5.0407762166e-01
    1.056000e+01    4.9592443928e-01    5.0407556072e-01
    1.058000e+01    4.9592653657e-01    5.0407346343e-01
    1.060000e+01    4.9592866980e-01    5.0407133020e-01
    1.062000e+01    4.9593083857e-01    5.0406916143e-01
    1.064000e+01    4.9593304247e-01    5.0406695753e-01
    1.066000e+01    4.9593528111e-01    5.0406471889e-01
    1.068000e+01    4.9593755410e-01    5.0406244590e-01
    1.070000e+01    4.9593986103e-01    5.0406013897e-01
    1.072000e+01    4.9594220153e-01    5.0405779847e-01
    1.074000e+01    4.9594457521e-01    5.0405542479e-01
    1.076000e+01    4.9594698170e-01    5.0405301830e-01
    1.078000e+01    4.9594942062e-01    5.0405057938e-01
    1.080000e+01    4.9595189160e-01    5.0404810840e-01
    1.082000e+01    4.9595439426e-01    5.0404560574e-01
    1.084000e+01    4.9595692825e-01    5.0404307175e-01
    1.086000e+01    4.9595949321e-01    5.0404050679e-01
    1.088000e+01    4.9596208877e-01    5.0403791123e-01
    1.090000e+01    4.9596471459e-01    5.0403528541e-01
    1.092000e+01    4.9596737030e-01    5.0403262970e-01
    1.094000e+01    4.9597005558e-01    5.0402994442e-01
    1.096000e+01    4.9597277006e-01    5.0402722994e-01
    1.098000e+01    4.9597551342e-01    5.0402448658e-01
    1.100000e+01    4.9597828531e-01    5.0402171469e-01
    1.102000e+01    4.9598108540e-01    5.0401891460e-01
    1.104000e+01    4.9598391335e-01    5.0401608665e-01
    1.106000e+01    4.9598676885e-01    5.0401323115e-01
    1.108000e+01    4.9598965157e-01    5.0401034843e-01
    1.110000e+01    4.9599256118e-01    5.0400743882e-01
    1.112000e+01    4.9599549737e-01    5.0400450263e-01
    1.114000e+01    4.9599845983e-01    5.0400154017e-01
    1.116000e+01    4.9600144824e-01    5.0399855176e-01
    1.118000e+01    4.9600446230e-01    5.0399553770e-01
    1.120000e+01    4.9600750171e-01    5.0399249829e-01
    1.122000e+01    4.9601056615e-01    5.0398943385e-01
    1.124000e+01    4.9601365535e-01    5.0398634465e-01
    1.126000e+01    4.9601676900e-01    5.0398323100e-01
    1.128000e+01    4.9601990681e-01    5.0398009319e-01
    1.130000e+01    4.9602306849e-01    5.0397693151e-01
    1.132000e+01    4.9602625376e-01    5.0397374624e-01
    1.134000e+01    4.9602946234e-01    5.0397053766e-01
    1.136000e+01    4.9603269395e-01    5.0396730605e-01
    1.138000e+01    4.9603594831e-01    5.0396405169e-01
    1.140000e+01    4.9603922515e-01    5.0396077485e-01
    1.142000e+01    4.9604252420e-01    5.0395747580e-01
    1.144000e+01    4.9604584519e-01    5.0395415481e-01
    1.146000e+01    4.9604918786e-01    5.0395081214e-01
    1.148000e+01    4.9605255194e-01    5.0394744806e-01
    1.150000e+01    4.9605593717e-01    5.0394406283e-01
    1.152000e+01    4.9605934331e-01    5.0394065669e-01
    1.154000e+01    4.9606277008e-01    5.0393722992e-01
    1.156000e+01    4.9606621725e-01    5.0393378275e-01
    1.158000e+01    4.9606968456e-01    5.0393031544e-01
    1.160000e+01    4.9607317176e-01    5.0392682824e-01
    1.162000e+01    4.9607667862e-01    5.0392332138e-01
    1.164000e+01    4.9608020488e-01    5.0391979512e-01
    1.166000e+01    4.9608375030e-01    5.0391624970e-01
    1.168000e+01    4.9608731465e-01    5.0391268535e-01
    1.170000e+01    4.9609089770e-01    5.0390910230e-01
    1.172000e+01    4.9609449920e-01    5.0390550080e-01
    1.174000e+01    4.9609811893e-01    5.0390188107e-01
    1.176000e+01    4.9610175667e-01    5.0389824333e-01
    1.178000e+01    4.9610541217e-01    5.0389458783e-01
    1.180000e+01    4.9610908521e-01    5.0389091479e-01
    1.182000e+01    4.9611277558e-01    5.0388722442e-01
    1.184000e+01    4.9611648306e-01    5.0388351694e-01
    1.186000e+01    4.9612020742e-01    5.0387979258e-01
    1.188000e+01    4.9612394844e-01    5.0387605156e-01
    1.190000e+01    4.9612770592e-01    5.0387229408e-01
    1.192000e+01    4.9613147963e-01    5.0386852037e-01
    1.194000e+01    4.9613526938e-01    5.0386473062e-01
    1.196000e+01    4.9613907494e-01    5.0386092506e-01
    1.198000e+01    4.9614289611e-01    5.0385710389e-01
    1.200000e+01    4.9614673269e-01    5.0385326731e-01
    1.202000e+01    4.9615058448e-01    5.0384941552e-01
    1.204000e+01    4.9615445126e-01    5.0384554874e-01
    1.206000e+01    4.9615833284e-01    5.0384166716e-01
    1.208000e+01    4.9616222903e-01    5.0383777097e-01
    1.210000e+01    4.9616613962e-01    5.0383386038e-01
    1.212000e+01    4.9617006442e-01    5.0382993558e-01
    1.214000e+01    4.9617400324e-01    5.0382599676e-01
    1.216000e+01    4.9617795588e-01    5.0382204412e-01
    1.218000e+01    4.9618192215e-01    5.0381807785e-01
    1.220000e+01    4.9618590186e-01    5.0381409814e-01
    1.222000e+01    4.9618989483e-01    5.0381010517e-01
    1.224000e+01    4.9619390086e-01    5.0380609914e-01
    1.226000e+01    4.9619791977e-01    5.0380208023e-01
    1.228000e+01    4.9620195138e-01    5.0379804862e-01
    1.230000e+01    4.9620599550e-01    5.0379400450e-01
    1.232000e+01    4.9621005195e-01    5.0378994805e-01
    1.234000e+01    4.9621412055e-01    5.0378587945e-01
    1.236000e+01    4.9621820113e-01    5.0378179887e-01
    1.238000e+01    4.9622229350e-01    5.0377770650e-01
    1.240000e+01    4.9622639750e-01    5.0377360250e-01
    1.242000e+01    4.9623051295e-01    5.0376948705e-01
    1.244000e+01    4.9623463967e-01    5.0376536033e-01
    1.246000e+01    4.9623877750e-01    5.0376122250e-01
    1.248000e+01    4.9624292627e-01    5.0375707373e-01
    1.250000e+01    4.9624708581e-01    5.0375291419e-01
    1.252000e+01    4.9625125595e-01    5.0374874405e-01
    1.254000e+01    4.9625543652e-01    5.0374456348e-01
    1.256000e+01    4.9625962738e-01    5.0374037262e-01
    1.258000e+01    4.9626382835e-01    5.0373617165e-01
    1.260000e+01    4.9626803927e-01    5.0373196073e-01
    1.262000e+01    4.9627225998e-01    5.0372774002e-01
    1.264000e+01    4.9627649033e-01    5.0372350967e-01
    1.266000e+01    4.9628073016e-01    5.0371926984e-01
    1.268000e+01    4.9628497931e-01    5.0371502069e-01
    1.270000e+01    4.9628923763e-01    5.0371076237e-01
    1.272000e+01    4.9629350497e-01    5.0370649503e-01
    1.274000e+01    4.9629778118e-01    5.0370221882e-01
    1.276000e+01    4.9630206610e-01    5.0369793390e-01
    1.278000e+01    4.9630635959e-01    5.0369364041e-01
    1.280000e+01    4.9631066150e-01    5.0368933850e-01
    1.282000e+01    4.9631497169e-01    5.0368502831e-01
    1.284000e+01    4.9631929000e-01    5.0368071000e-01
    1.286000e+01    4.9632361631e-01    5.0367638369e-01
    1.288000e+01    4.9632795046e-01    5.0367204954e-01
    1.290000e+01    4.9633229231e-01    5.0366770769e-01
    1.292000e+01    4.9633664172e-01    5.0366335828e-01
    1.294000e+01    4.9634099857e-01    5.0365900143e-01
    1.296000e+01    4.9634536270e-01    5.0365463730e-01
    1.298000e+01    4.9634973398e-01    5.0365026602e-01
    1.300000e+01    4.9635411228e-01    5.0364588772e-01
    1.302000e+01    4.9635849747e-01    5.0364150253e-01
    1.304000e+01    4.9636288941e-01    5.0363711059e-01
    1.306000e+01    4.9636728797e-01    5.0363271203e-01
    1.308000e+01    4.9637169302e-01    5.0362830698e-01
    1.310000e+01    4.9637610444e-01    5.0362389556e-01
    1.312000e+01    4.9638052209e-01    5.0361947791e-01
    1.314000e+01    4.9638494585e-01    5.0361505415e-01
    1.316000e+01    4.9638937559e-01    5.0361062441e-01
    1.318000e+01    4.9639381120e-01    5.0360618880e-01
    1.320000e+01    4.9639825254e-01    5.0360174746e-01
    1.322000e+01    4.9640269949e-01    5.0359730051e-01
    1.324000e+01    4.9640715194e-01    5.0359284806e-01
    1.326000e+01    4.9641160976e-01    5.0358839024e-01
    1.328000e+01    4.9641607284e-01    5.0358392716e-01
    1.330000e+01    4.9642054106e-01    5.0357945894e-01
    1.332000e+01    4.9642501430e-01    5.0357498570e-01
    1.334000e+01    4.9642949245e-01    5.0357050755e-01
    1.336000e+01    4.9643397539e-01    5.0356602461e-01
    1.338000e+01    4.9643846302e-01    5.0356153698e-01
    1.340000e+01    4.9644295521e-01    5.0355704479e-01
    1.342000e+01    4.9644745186e-01    5.0355254814e-01
    1.344000e+01    4.9645195285e-01    5.0354804715e-01
    1.346000e+01    4.9645645809e-01    5.0354354191e-01
    1.348000e+01    4.9646096746e-01    5.0353903254e-01
    1.350000e+01    4.9646548086e-01    5.0353451914e-01
    1.352000e+01    4.9646999817e-01    5.0353000183e-01
    1.354000e+01    4.9647451930e-01    5.0352548070e-01
    1.356000e+01    4.9647904415e-01    5.0352095585e-01
    1.358000e+01    4.9648357260e-01    5.0351642740e-01
    1.360000e+01    4.9648810457e-01    5.0351189543e-01
    1.362000e+01    4.9649263994e-01    5.0350736006e-01
    1.364000e+01    4.9649717862e-01    5.0350282138e-01
    1.366000e+01    4.9650172052e-01    5.0349827948e-01
    1.368000e+01    4.9650626553e-01    5.0349373447e-01
    1.370000e+01    4.9651081356e-01    5.0348918644e-01
    1.372000e+01    4.9651536451e-01    5.0348463549e-01
    1.374000e+01    4.9651991829e-01    5.0348008171e-01
    1.376000e+01    4.9652447480e-01    5.0347552520e-01
    1.378000e+01    4.9652903396e-01    5.0347096604e-01
    1.380000e+01    4.9653359568e-01    5.0346640432e-01
    1.382000e+01    4.9653815985e-01    5.0346184015e-01
    1.384000e+01    4.9654272640e-01    5.0345727360e-01
    1.386000e+01    4.9654729523e-01    5.0345270477e-01
    1.388000e+01    4.9655186625e-01    5.0344813375e-01
    1.390000e+01    4.9655643939e-01    5.0344356061e-01
    1.392000e+01    4.9656101455e-01    5.0343898545e-01
    1.394000e+01    4.9656559164e-01    5.0343440836e-01
    1.396000e+01    4.9657017060e-01    5.0342982940e-01
    1.398000e+01    4.9657475132e-01    5.0342524868e-01
    1.400000e+01    4.9657933374e-01    5.0342066626e-01
    1.402000e+01    4.9658391776e-01    5.0341608224e-01
    1.404000e+01    4.9658850331e-01    5.0341149669e-01
    1.406000e+01    4.9659309030e-01    5.0340690970e-01
    1.408000e+01    4.9659767867e-01    5.0340232133e-01
    1.410000e+01    4.9660226832e-01    5.0339773168e-01
    1.412000e+01    4.9660685919e-01    5.0339314081e-01
    1.414000e+01    4.9661145120e-01    5.0338854880e-01
    1.416000e+01    4.9661604426e-01    5.0338395574e-01
    1.418000e+01    4.9662063832e-01    5.0337936168e-01
    1.420000e+01    4.9662523328e-01    5.0337476672e-01
    1.422000e+01    4.9662982908e-01    5.0337017092e-01
    1.424000e+01    4.9663442565e-01    5.0336557435e-01
    1.426000e+01    4.9663902291e-01    5.0336097709e-01
    1.428000e+01    4.9664362079e-01    5.0335637921e-01
    1.430000e+01    4.9664821923e-01    5.0335178077e-01
    1.432000e+01    4.9665281815e-01    5.0334718185e-01
    1.434000e+01    4.9665741748e-01    5.0334258252e-01
    1.436000e+01    4.9666201716e-01    5.0333798284e-01
    1.438000e+01    4.9666661712e-01    5.0333338288e-01
    1.440000e+01    4.9667121728e-01    5.0332878272e-01
    1.442000e+01    4.9667581759e-01    5.0332418241e-01
    1.444000e+01    4.9668041798e-01    5.0331958202e-01
    1.446000e+01    4.9668501839e-01    5.0331498161e-01
    1.448000e+01    4.9668961874e-01    5.0331038126e-01
    1.450000e+01    4.9669421898e-01    5.0330578102e-01
    1.452000e+01    4.9669881905e-01    5.0330118095e-01
    1.454000e+01    4.9670341887e-01    5.0329658113e-01
    1.456000e+01    4.9670801840e-01    5.0329198160e-01
    1.458000e+01    4.9671261756e-01    5.0328738244e-01
    1.460000e+01    4.9671721630e-01    5.0328278370e-01
    1.462000e+01    4.9672181456e-01    5.0327818544e-01
    1.464000e+01    4.9672641228e-01    5.0327358772e-01
    1.466000e+01    4.9673100940e-01    5.0326899060e-01
    1.468000e+01    4.9673560586e-01    5.0326439414e-01
    1.470000e+01    4.9674020161e-01    5.0325979839e-01
    1.472000e+01    4.9674479658e-01    5.0325520342e-01
    1.474000e+01    4.9674939073e-01    5.0325060927e-01
    1.476000e+01    4.9675398400e-01    5.0324601600e-01
    1.478000e+01    4.9675857632e-01    5.0324142368e-01
    1.480000e+01    4.9676316765e-01    5.0323683235e-01
    1.482000e+01    4.9676775794e-01    5.0323224206e-01
    1.484000e+01    4.9677234712e-01    5.0322765288e-01
    1.486000e+01    4.9677693515e-01    5.0322306485e-01
    1.488000e+01    4.9678152197e-01    5.0321847803e-01
    1.490000e+01    4.9678610754e-01    5.0321389246e-01
    1.492000e+01    4.9679069179e-01    5.0320930821e-01
    1.494000e+01    4.9679527469e-01    5.0320472531e-01
    1.496000e+01    4.9679985618e-01    5.0320014382e-01
    1.498000e+01    4.9680443620e-01    5.0319556380e-01
