1.1102230246251565e-16 1
0.4043965159684779 0.762666447934529
0.6221484861053507 0.5731033756972088
0.945665698880133 0.3462216086716976
1.3811696391538781 0.15590143434631065
1.7544587308170883 0.07528584782433745
2.214848610535048 0.027501748825346395
2.749896308585649 0.00956468177569203
3.3844877644131066 0.0028166921510239806
3.9817503110742165 -0.0009443656871184203
4.6038987971795935 -0.003960392974984517
5.2198257984238525 -0.006976110736240271
5.866860223973458 -0.009247107473830063
6.607216922438819 -0.0107764784538531
7.639983409373704 -0.013066665841263037
8.660306926586474 -0.013117428205303483
9.643301534632926 -0.013166333409683872
10.514309415180414 -0.012463398478367305
11.435089174616335 -0.011016671103215137
12.368311903774364 -0.009570562781282543
13.214433844877645 -0.009612658400242724
13.98589796764828 -0.007412233729733764
14.931563666528412 -0.005220475804304625
