-1.3322676295501878e-15 1.0000000000000002
0.3442340791738361 0.8745739825662098
0.7401032702237496 0.7630824496141249
1.6006884681583466 0.6508077286102938
2.78829604130809 0.5578815168508136
4.406196213425129 0.4626243962023201
6.161790017211705 0.3642678363222456
7.762478485370045 0.2798497584809254
9.827882960413078 0.1776162345233422
11.63511187607573 0.10016190106046496
13.92426850258175 0.0211498528677021
15.972461273666092 -0.02921237021819012
18.12392426850258 -0.06331852756647827
20.206540447504295 -0.07884270723446085
22.426850258175552 -0.08275664871467003
25.249569707401033 -0.07274676586530315
28.244406196213436 -0.05422408528121836
30.981067125645424 -0.0349222142024348
33.14974182444062 -0.021802898228864054
35.61101549053357 -0.011011826106272604
37.659208261617856 -0.0033095330631325304
39.41480206540449 0.0005274554438912116
