0.000001114984753969317 1.0000000000000002
0.2791999872891737 0.8655462184873951
0.40492009322387523 0.7517776341305755
0.5323717704815034 0.6418875242404656
0.7150107331219878 0.5268261150614091
0.8943348460888983 0.48998060762766593
1.091019271675234 0.5177763413057581
1.351575598893155 0.5753070458952938
1.6275867297859508 0.5927601809954937
1.9414950774816817 0.58112475759537
2.2830071027316285 0.5727213962508364
2.6279856155816916 0.5740142210730754
2.936741618729291 0.5753070458953138
3.2696415017395166 0.5740142210730785
3.6163382060954525 0.5714285714286074
3.925091979273551 0.5714285714286086
