    0.000000e+00    1.000000e+00	    0.000000e+00	
    2.500000e-03    9.999938e-01	    6.249923e-06	
    5.000000e-03    9.999750e-01	    2.499878e-05	
    7.500000e-03    9.999438e-01	    5.624380e-05	
    1.000000e-02    9.999000e-01	    9.998039e-05	
    1.250000e-02    9.998438e-01	    1.562021e-04	
    1.500000e-02    9.997751e-01	    2.249007e-04	
    1.750000e-02    9.996939e-01	    3.060660e-04	
    2.000000e-02    9.996003e-01	    3.996861e-04	
    2.250000e-02    9.994943e-01	    5.057472e-04	
    2.500000e-02    9.993758e-01	    6.242337e-04	
    2.750000e-02    9.992449e-01	    7.551281e-04	
    3.000000e-02    9.991016e-01	    8.984111e-04	
    3.250000e-02    9.989459e-01	    1.054062e-03	
    3.500000e-02    9.987779e-01	    1.222057e-03	
    3.750000e-02    9.985976e-01	    1.402372e-03	
    4.000000e-02    9.984050e-01	    1.594980e-03	
    4.250000e-02    9.982001e-01	    1.799854e-03	
    4.500000e-02    9.979830e-01	    2.016963e-03	
    4.750000e-02    9.977537e-01	    2.246274e-03	
    5.000000e-02    9.975122e-01	    2.487756e-03	
    5.250000e-02    9.972586e-01	    2.741372e-03	
    5.500000e-02    9.969929e-01	    3.007084e-03	
    5.750000e-02    9.967151e-01	    3.284855e-03	
    6.000000e-02    9.964254e-01	    3.574644e-03	
    6.250000e-02    9.961236e-01	    3.876409e-03	
    6.500000e-02    9.958099e-01	    4.190105e-03	
    6.750000e-02    9.954843e-01	    4.515688e-03	
    7.000000e-02    9.951469e-01	    4.853109e-03	
    7.250000e-02    9.947977e-01	    5.202321e-03	
    7.500000e-02    9.944367e-01	    5.563272e-03	
    7.750000e-02    9.940641e-01	    5.935911e-03	
    8.000000e-02    9.936798e-01	    6.320184e-03	
    8.250000e-02    9.932840e-01	    6.716035e-03	
    8.500000e-02    9.928766e-01	    7.123409e-03	
    8.750000e-02    9.924578e-01	    7.542247e-03	
    9.000000e-02    9.920275e-01	    7.972489e-03	
    9.250000e-02    9.915859e-01	    8.414073e-03	
    9.500000e-02    9.911331e-01	    8.866938e-03	
    9.750000e-02    9.906690e-01	    9.331019e-03	
    1.000000e-01    9.901937e-01	    9.806251e-03	
    1.025000e-01    9.897074e-01	    1.029257e-02	
    1.050000e-01    9.892101e-01	    1.078990e-02	
    1.075000e-01    9.887018e-01	    1.129817e-02	
    1.100000e-01    9.881827e-01	    1.181732e-02	
    1.125000e-01    9.876527e-01	    1.234728e-02	
    1.150000e-01    9.871120e-01	    1.288796e-02	
    1.175000e-01    9.865607e-01	    1.343929e-02	
    1.200000e-01    9.859988e-01	    1.400121e-02	
    1.225000e-01    9.854264e-01	    1.457362e-02	
    1.250000e-01    9.848435e-01	    1.515646e-02	
    1.275000e-01    9.842504e-01	    1.574964e-02	
    1.300000e-01    9.836469e-01	    1.635309e-02	
    1.325000e-01    9.830333e-01	    1.696671e-02	
    1.350000e-01    9.824096e-01	    1.759043e-02	
    1.375000e-01    9.817758e-01	    1.822416e-02	
    1.400000e-01    9.811322e-01	    1.886783e-02	
    1.425000e-01    9.804787e-01	    1.952133e-02	
    1.450000e-01    9.798154e-01	    2.018459e-02	
    1.475000e-01    9.791425e-01	    2.085752e-02	
    1.500000e-01    9.784600e-01	    2.154003e-02	
    1.525000e-01    9.777680e-01	    2.223203e-02	
    1.550000e-01    9.770666e-01	    2.293343e-02	
    1.575000e-01    9.763559e-01	    2.364414e-02	
    1.600000e-01    9.756359e-01	    2.436406e-02	
    1.625000e-01    9.749069e-01	    2.509310e-02	
    1.650000e-01    9.741688e-01	    2.583117e-02	
    1.675000e-01    9.734218e-01	    2.657818e-02	
    1.700000e-01    9.726660e-01	    2.733403e-02	
    1.725000e-01    9.719014e-01	    2.809862e-02	
    1.750000e-01    9.711281e-01	    2.887185e-02	
    1.775000e-01    9.703464e-01	    2.965364e-02	
    1.800000e-01    9.695561e-01	    3.044387e-02	
    1.825000e-01    9.687575e-01	    3.124246e-02	
    1.850000e-01    9.679507e-01	    3.204931e-02	
    1.875000e-01    9.671357e-01	    3.286431e-02	
    1.900000e-01    9.663126e-01	    3.368736e-02	
    1.925000e-01    9.654816e-01	    3.451837e-02	
    1.950000e-01    9.646428e-01	    3.535723e-02	
    1.975000e-01    9.637962e-01	    3.620384e-02	
    2.000000e-01    9.629419e-01	    3.705810e-02	
    2.025000e-01    9.620801e-01	    3.791991e-02	
    2.050000e-01    9.612108e-01	    3.878917e-02	
    2.075000e-01    9.603342e-01	    3.966576e-02	
    2.100000e-01    9.594504e-01	    4.054960e-02	
    2.125000e-01    9.585594e-01	    4.144057e-02	
    2.150000e-01    9.576614e-01	    4.233857e-02	
    2.175000e-01    9.567565e-01	    4.324350e-02	
    2.200000e-01    9.558448e-01	    4.415525e-02	
    2.225000e-01    9.549263e-01	    4.507372e-02	
    2.250000e-01    9.540012e-01	    4.599879e-02	
    2.275000e-01    9.530696e-01	    4.693038e-02	
    2.300000e-01    9.521316e-01	    4.786837e-02	
    2.325000e-01    9.511873e-01	    4.881266e-02	
    2.350000e-01    9.502369e-01	    4.976313e-02	
    2.375000e-01    9.492803e-01	    5.071970e-02	
    2.400000e-01    9.483178e-01	    5.168224e-02	
    2.425000e-01    9.473493e-01	    5.265065e-02	
    2.450000e-01    9.463752e-01	    5.362484e-02	
    2.475000e-01    9.453953e-01	    5.460468e-02	
    2.500000e-01    9.444099e-01	    5.559008e-02	
    2.525000e-01    9.434191e-01	    5.658093e-02	
    2.550000e-01    9.424229e-01	    5.757712e-02	
    2.575000e-01    9.414215e-01	    5.857855e-02	
    2.600000e-01    9.404149e-01	    5.958511e-02	
    2.625000e-01    9.394033e-01	    6.059669e-02	
    2.650000e-01    9.383868e-01	    6.161320e-02	
    2.675000e-01    9.373655e-01	    6.263451e-02	
    2.700000e-01    9.363395e-01	    6.366054e-02	
    2.725000e-01    9.353088e-01	    6.469116e-02	
    2.750000e-01    9.342737e-01	    6.572628e-02	
    2.775000e-01    9.332342e-01	    6.676579e-02	
    2.800000e-01    9.321904e-01	    6.780959e-02	
    2.825000e-01    9.311424e-01	    6.885756e-02	
    2.850000e-01    9.300904e-01	    6.990961e-02	
    2.875000e-01    9.290344e-01	    7.096562e-02	
    2.900000e-01    9.279745e-01	    7.202550e-02	
    2.925000e-01    9.269109e-01	    7.308914e-02	
    2.950000e-01    9.258436e-01	    7.415644e-02	
    2.975000e-01    9.247727e-01	    7.522728e-02	
    3.000000e-01    9.236984e-01	    7.630157e-02	
    3.025000e-01    9.226208e-01	    7.737920e-02	
    3.050000e-01    9.215399e-01	    7.846007e-02	
    3.075000e-01    9.204559e-01	    7.954407e-02	
    3.100000e-01    9.193689e-01	    8.063111e-02	
    3.125000e-01    9.182789e-01	    8.172107e-02	
    3.150000e-01    9.171861e-01	    8.281386e-02	
    3.175000e-01    9.160906e-01	    8.390937e-02	
    3.200000e-01    9.149925e-01	    8.500750e-02	
    3.225000e-01    9.138919e-01	    8.610814e-02	
    3.250000e-01    9.127888e-01	    8.721121e-02	
    3.275000e-01    9.116834e-01	    8.831659e-02	
    3.300000e-01    9.105758e-01	    8.942418e-02	
    3.325000e-01    9.094661e-01	    9.053388e-02	
    3.350000e-01    9.083544e-01	    9.164559e-02	
    3.375000e-01    9.072408e-01	    9.275922e-02	
    3.400000e-01    9.061253e-01	    9.387465e-02	
    3.425000e-01    9.050082e-01	    9.499180e-02	
    3.450000e-01    9.038894e-01	    9.611055e-02	
    3.475000e-01    9.027692e-01	    9.723082e-02	
    3.500000e-01    9.016475e-01	    9.835249e-02	
    3.525000e-01    9.005245e-01	    9.947548e-02	
    3.550000e-01    8.994003e-01	    1.005997e-01	
    3.575000e-01    8.982750e-01	    1.017250e-01	
    3.600000e-01    8.971487e-01	    1.028513e-01	
    3.625000e-01    8.960214e-01	    1.039786e-01	
    3.650000e-01    8.948933e-01	    1.051067e-01	
    3.675000e-01    8.937645e-01	    1.062355e-01	
    3.700000e-01    8.926351e-01	    1.073649e-01	
    3.725000e-01    8.915051e-01	    1.084949e-01	
    3.750000e-01    8.903747e-01	    1.096253e-01	
    3.775000e-01    8.892439e-01	    1.107561e-01	
    3.800000e-01    8.881129e-01	    1.118871e-01	
    3.825000e-01    8.869818e-01	    1.130182e-01	
    3.850000e-01    8.858506e-01	    1.141494e-01	
    3.875000e-01    8.847194e-01	    1.152806e-01	
    3.900000e-01    8.835884e-01	    1.164116e-01	
    3.925000e-01    8.824576e-01	    1.175424e-01	
    3.950000e-01    8.813271e-01	    1.186729e-01	
    3.975000e-01    8.801971e-01	    1.198029e-01	
    4.000000e-01    8.790675e-01	    1.209325e-01	
    4.025000e-01    8.779385e-01	    1.220615e-01	
    4.050000e-01    8.768103e-01	    1.231897e-01	
    4.075000e-01    8.756828e-01	    1.243172e-01	
    4.100000e-01    8.745562e-01	    1.254438e-01	
    4.125000e-01    8.734305e-01	    1.265695e-01	
    4.150000e-01    8.723060e-01	    1.276940e-01	
    4.175000e-01    8.711825e-01	    1.288175e-01	
    4.200000e-01    8.700603e-01	    1.299397e-01	
    4.225000e-01    8.689395e-01	    1.310605e-01	
    4.250000e-01    8.678200e-01	    1.321800e-01	
    4.275000e-01    8.667021e-01	    1.332979e-01	
    4.300000e-01    8.655857e-01	    1.344143e-01	
    4.325000e-01    8.644710e-01	    1.355290e-01	
    4.350000e-01    8.633582e-01	    1.366418e-01	
    4.375000e-01    8.622471e-01	    1.377529e-01	
    4.400000e-01    8.611381e-01	    1.388619e-01	
    4.425000e-01    8.600310e-01	    1.399690e-01	
    4.450000e-01    8.589261e-01	    1.410739e-01	
    4.475000e-01    8.578234e-01	    1.421766e-01	
    4.500000e-01    8.567230e-01	    1.432770e-01	
    4.525000e-01    8.556250e-01	    1.443750e-01	
    4.550000e-01    8.545294e-01	    1.454706e-01	
    4.575000e-01    8.534364e-01	    1.465636e-01	
    4.600000e-01    8.523460e-01	    1.476540e-01	
    4.625000e-01    8.512584e-01	    1.487416e-01	
    4.650000e-01    8.501735e-01	    1.498265e-01	
    4.675000e-01    8.490916e-01	    1.509084e-01	
    4.700000e-01    8.480126e-01	    1.519874e-01	
    4.725000e-01    8.469367e-01	    1.530633e-01	
    4.750000e-01    8.458639e-01	    1.541361e-01	
    4.775000e-01    8.447944e-01	    1.552056e-01	
    4.800000e-01    8.437281e-01	    1.562719e-01	
    4.825000e-01    8.426652e-01	    1.573348e-01	
    4.850000e-01    8.416058e-01	    1.583942e-01	
    4.875000e-01    8.405500e-01	    1.594500e-01	
    4.900000e-01    8.394978e-01	    1.605022e-01	
    4.925000e-01    8.384492e-01	    1.615508e-01	
    4.950000e-01    8.374045e-01	    1.625955e-01	
    4.975000e-01    8.363636e-01	    1.636364e-01	
    5.000000e-01    8.353267e-01	    1.646733e-01	
    5.025000e-01    8.342938e-01	    1.657062e-01	
    5.050000e-01    8.332650e-01	    1.667350e-01	
    5.075000e-01    8.322404e-01	    1.677596e-01	
    5.100000e-01    8.312201e-01	    1.687799e-01	
    5.125000e-01    8.302040e-01	    1.697960e-01	
    5.150000e-01    8.291924e-01	    1.708076e-01	
    5.175000e-01    8.281853e-01	    1.718147e-01	
    5.200000e-01    8.271827e-01	    1.728173e-01	
    5.225000e-01    8.261848e-01	    1.738152e-01	
    5.250000e-01    8.251916e-01	    1.748084e-01	
    5.275000e-01    8.242031e-01	    1.757969e-01	
    5.300000e-01    8.232195e-01	    1.767805e-01	
    5.325000e-01    8.222409e-01	    1.777591e-01	
    5.350000e-01    8.212672e-01	    1.787328e-01	
    5.375000e-01    8.202986e-01	    1.797014e-01	
    5.400000e-01    8.193352e-01	    1.806648e-01	
    5.425000e-01    8.183769e-01	    1.816231e-01	
    5.450000e-01    8.174240e-01	    1.825760e-01	
    5.475000e-01    8.164764e-01	    1.835236e-01	
    5.500000e-01    8.155342e-01	    1.844658e-01	
    5.525000e-01    8.145976e-01	    1.854024e-01	
    5.550000e-01    8.136665e-01	    1.863335e-01	
    5.575000e-01    8.127410e-01	    1.872590e-01	
    5.600000e-01    8.118212e-01	    1.881788e-01	
    5.625000e-01    8.109072e-01	    1.890928e-01	
    5.650000e-01    8.099990e-01	    1.900010e-01	
    5.675000e-01    8.090967e-01	    1.909033e-01	
    5.700000e-01    8.082004e-01	    1.917996e-01	
    5.725000e-01    8.073100e-01	    1.926900e-01	
    5.750000e-01    8.064258e-01	    1.935742e-01	
    5.775000e-01    8.055477e-01	    1.944523e-01	
    5.800000e-01    8.046758e-01	    1.953242e-01	
    5.825000e-01    8.038102e-01	    1.961898e-01	
    5.850000e-01    8.029509e-01	    1.970491e-01	
    5.875000e-01    8.020981e-01	    1.979019e-01	
    5.900000e-01    8.012516e-01	    1.987484e-01	
    5.925000e-01    8.004117e-01	    1.995883e-01	
    5.950000e-01    7.995783e-01	    2.004217e-01	
    5.975000e-01    7.987516e-01	    2.012484e-01	
    6.000000e-01    7.979316e-01	    2.020684e-01	
    6.025000e-01    7.971183e-01	    2.028817e-01	
    6.050000e-01    7.963117e-01	    2.036883e-01	
    6.075000e-01    7.955121e-01	    2.044879e-01	
    6.100000e-01    7.947193e-01	    2.052807e-01	
    6.125000e-01    7.939335e-01	    2.060665e-01	
    6.150000e-01    7.931547e-01	    2.068453e-01	
    6.175000e-01    7.923829e-01	    2.076171e-01	
    6.200000e-01    7.916183e-01	    2.083817e-01	
    6.225000e-01    7.908608e-01	    2.091392e-01	
    6.250000e-01    7.901105e-01	    2.098895e-01	
    6.275000e-01    7.893674e-01	    2.106326e-01	
    6.300000e-01    7.886317e-01	    2.113683e-01	
    6.325000e-01    7.879033e-01	    2.120967e-01	
    6.350000e-01    7.871823e-01	    2.128177e-01	
    6.375000e-01    7.864687e-01	    2.135313e-01	
    6.400000e-01    7.857627e-01	    2.142373e-01	
    6.425000e-01    7.850641e-01	    2.149359e-01	
    6.450000e-01    7.843731e-01	    2.156269e-01	
    6.475000e-01    7.836897e-01	    2.163103e-01	
    6.500000e-01    7.830140e-01	    2.169860e-01	
    6.525000e-01    7.823459e-01	    2.176541e-01	
    6.550000e-01    7.816855e-01	    2.183145e-01	
    6.575000e-01    7.810330e-01	    2.189670e-01	
    6.600000e-01    7.803882e-01	    2.196118e-01	
    6.625000e-01    7.797512e-01	    2.202488e-01	
    6.650000e-01    7.791221e-01	    2.208779e-01	
    6.675000e-01    7.785009e-01	    2.214991e-01	
    6.700000e-01    7.778877e-01	    2.221123e-01	
    6.725000e-01    7.772824e-01	    2.227176e-01	
    6.750000e-01    7.766851e-01	    2.233149e-01	
    6.775000e-01    7.760958e-01	    2.239042e-01	
    6.800000e-01    7.755146e-01	    2.244854e-01	
    6.825000e-01    7.749414e-01	    2.250586e-01	
    6.850000e-01    7.743764e-01	    2.256236e-01	
    6.875000e-01    7.738195e-01	    2.261805e-01	
    6.900000e-01    7.732707e-01	    2.267293e-01	
    6.925000e-01    7.727301e-01	    2.272699e-01	
    6.950000e-01    7.721977e-01	    2.278023e-01	
    6.975000e-01    7.716735e-01	    2.283265e-01	
    7.000000e-01    7.711576e-01	    2.288424e-01	
    7.025000e-01    7.706499e-01	    2.293501e-01	
    7.050000e-01    7.701505e-01	    2.298495e-01	
    7.075000e-01    7.696594e-01	    2.303406e-01	
    7.100000e-01    7.691766e-01	    2.308234e-01	
    7.125000e-01    7.687022e-01	    2.312978e-01	
    7.150000e-01    7.682360e-01	    2.317640e-01	
    7.175000e-01    7.677782e-01	    2.322218e-01	
    7.200000e-01    7.673288e-01	    2.326712e-01	
    7.225000e-01    7.668877e-01	    2.331123e-01	
    7.250000e-01    7.664550e-01	    2.335450e-01	
    7.275000e-01    7.660307e-01	    2.339693e-01	
    7.300000e-01    7.656148e-01	    2.343852e-01	
    7.325000e-01    7.652073e-01	    2.347927e-01	
    7.350000e-01    7.648082e-01	    2.351918e-01	
    7.375000e-01    7.644175e-01	    2.355825e-01	
    7.400000e-01    7.640352e-01	    2.359648e-01	
    7.425000e-01    7.636613e-01	    2.363387e-01	
    7.450000e-01    7.632958e-01	    2.367042e-01	
    7.475000e-01    7.629388e-01	    2.370612e-01	
    7.500000e-01    7.625901e-01	    2.374099e-01	
    7.525000e-01    7.622498e-01	    2.377502e-01	
    7.550000e-01    7.619179e-01	    2.380821e-01	
    7.575000e-01    7.615944e-01	    2.384056e-01	
    7.600000e-01    7.612793e-01	    2.387207e-01	
    7.625000e-01    7.609725e-01	    2.390275e-01	
    7.650000e-01    7.606742e-01	    2.393258e-01	
    7.675000e-01    7.603841e-01	    2.396159e-01	
    7.700000e-01    7.601024e-01	    2.398976e-01	
    7.725000e-01    7.598290e-01	    2.401710e-01	
    7.750000e-01    7.595640e-01	    2.404360e-01	
    7.775000e-01    7.593072e-01	    2.406928e-01	
    7.800000e-01    7.590587e-01	    2.409413e-01	
    7.825000e-01    7.588185e-01	    2.411815e-01	
    7.850000e-01    7.585865e-01	    2.414135e-01	
    7.875000e-01    7.583628e-01	    2.416372e-01	
    7.900000e-01    7.581472e-01	    2.418528e-01	
    7.925000e-01    7.579398e-01	    2.420602e-01	
    7.950000e-01    7.577406e-01	    2.422594e-01	
    7.975000e-01    7.575495e-01	    2.424505e-01	
    8.000000e-01    7.573665e-01	    2.426335e-01	
    8.025000e-01    7.571916e-01	    2.428084e-01	
    8.050000e-01    7.570247e-01	    2.429753e-01	
    8.075000e-01    7.568659e-01	    2.431341e-01	
    8.100000e-01    7.567150e-01	    2.432850e-01	
    8.125000e-01    7.565721e-01	    2.434279e-01	
    8.150000e-01    7.564371e-01	    2.435629e-01	
    8.175000e-01    7.563100e-01	    2.436900e-01	
    8.200000e-01    7.561908e-01	    2.438092e-01	
    8.225000e-01    7.560794e-01	    2.439206e-01	
    8.250000e-01    7.559758e-01	    2.440242e-01	
    8.275000e-01    7.558799e-01	    2.441201e-01	
    8.300000e-01    7.557917e-01	    2.442083e-01	
    8.325000e-01    7.557112e-01	    2.442888e-01	
    8.350000e-01    7.556384e-01	    2.443616e-01	
    8.375000e-01    7.555731e-01	    2.444269e-01	
    8.400000e-01    7.555153e-01	    2.444847e-01	
    8.425000e-01    7.554651e-01	    2.445349e-01	
    8.450000e-01    7.554223e-01	    2.445777e-01	
    8.475000e-01    7.553869e-01	    2.446131e-01	
    8.500000e-01    7.553588e-01	    2.446412e-01	
    8.525000e-01    7.553381e-01	    2.446619e-01	
    8.550000e-01    7.553246e-01	    2.446754e-01	
    8.575000e-01    7.553184e-01	    2.446816e-01	
    8.600000e-01    7.553193e-01	    2.446807e-01	
    8.625000e-01    7.553273e-01	    2.446727e-01	
    8.650000e-01    7.553424e-01	    2.446576e-01	
    8.675000e-01    7.553645e-01	    2.446355e-01	
    8.700000e-01    7.553935e-01	    2.446065e-01	
    8.725000e-01    7.554294e-01	    2.445706e-01	
    8.750000e-01    7.554721e-01	    2.445279e-01	
    8.775000e-01    7.555217e-01	    2.444783e-01	
    8.800000e-01    7.555779e-01	    2.444221e-01	
    8.825000e-01    7.556408e-01	    2.443592e-01	
    8.850000e-01    7.557103e-01	    2.442897e-01	
    8.875000e-01    7.557864e-01	    2.442136e-01	
    8.900000e-01    7.558689e-01	    2.441311e-01	
    8.925000e-01    7.559579e-01	    2.440421e-01	
    8.950000e-01    7.560532e-01	    2.439468e-01	
    8.975000e-01    7.561548e-01	    2.438452e-01	
    9.000000e-01    7.562626e-01	    2.437374e-01	
    9.025000e-01    7.563766e-01	    2.436234e-01	
    9.050000e-01    7.564967e-01	    2.435033e-01	
    9.075000e-01    7.566228e-01	    2.433772e-01	
    9.100000e-01    7.567549e-01	    2.432451e-01	
    9.125000e-01    7.568929e-01	    2.431071e-01	
    9.150000e-01    7.570367e-01	    2.429633e-01	
    9.175000e-01    7.571863e-01	    2.428137e-01	
    9.200000e-01    7.573416e-01	    2.426584e-01	
    9.225000e-01    7.575024e-01	    2.424976e-01	
    9.250000e-01    7.576689e-01	    2.423311e-01	
    9.275000e-01    7.578408e-01	    2.421592e-01	
    9.300000e-01    7.580181e-01	    2.419819e-01	
    9.325000e-01    7.582008e-01	    2.417992e-01	
    9.350000e-01    7.583887e-01	    2.416113e-01	
    9.375000e-01    7.585818e-01	    2.414182e-01	
    9.400000e-01    7.587801e-01	    2.412199e-01	
    9.425000e-01    7.589834e-01	    2.410166e-01	
    9.450000e-01    7.591916e-01	    2.408084e-01	
    9.475000e-01    7.594048e-01	    2.405952e-01	
    9.500000e-01    7.596227e-01	    2.403773e-01	
    9.525000e-01    7.598454e-01	    2.401546e-01	
    9.550000e-01    7.600728e-01	    2.399272e-01	
    9.575000e-01    7.603048e-01	    2.396952e-01	
    9.600000e-01    7.605412e-01	    2.394588e-01	
    9.625000e-01    7.607822e-01	    2.392178e-01	
    9.650000e-01    7.610274e-01	    2.389726e-01	
    9.675000e-01    7.612770e-01	    2.387230e-01	
    9.700000e-01    7.615308e-01	    2.384692e-01	
    9.725000e-01    7.617887e-01	    2.382113e-01	
    9.750000e-01    7.620506e-01	    2.379494e-01	
    9.775000e-01    7.623165e-01	    2.376835e-01	
    9.800000e-01    7.625863e-01	    2.374137e-01	
    9.825000e-01    7.628600e-01	    2.371400e-01	
    9.850000e-01    7.631373e-01	    2.368627e-01	
    9.875000e-01    7.634184e-01	    2.365816e-01	
    9.900000e-01    7.637030e-01	    2.362970e-01	
    9.925000e-01    7.639911e-01	    2.360089e-01	
    9.950000e-01    7.642826e-01	    2.357174e-01	
    9.975000e-01    7.645775e-01	    2.354225e-01	
    1.000000e+00    7.648756e-01	    2.351244e-01	
    1.002500e+00    7.651769e-01	    2.348231e-01	
    1.005000e+00    7.654813e-01	    2.345187e-01	
    1.007500e+00    7.657888e-01	    2.342112e-01	
    1.010000e+00    7.660992e-01	    2.339008e-01	
    1.012500e+00    7.664124e-01	    2.335876e-01	
    1.015000e+00    7.667285e-01	    2.332715e-01	
    1.017500e+00    7.670472e-01	    2.329528e-01	
    1.020000e+00    7.673686e-01	    2.326314e-01	
    1.022500e+00    7.676925e-01	    2.323075e-01	
    1.025000e+00    7.680190e-01	    2.319810e-01	
    1.027500e+00    7.683478e-01	    2.316522e-01	
    1.030000e+00    7.686789e-01	    2.313211e-01	
    1.032500e+00    7.690123e-01	    2.309877e-01	
    1.035000e+00    7.693478e-01	    2.306522e-01	
    1.037500e+00    7.696854e-01	    2.303146e-01	
    1.040000e+00    7.700250e-01	    2.299750e-01	
    1.042500e+00    7.703666e-01	    2.296334e-01	
    1.045000e+00    7.707100e-01	    2.292900e-01	
    1.047500e+00    7.710552e-01	    2.289448e-01	
    1.050000e+00    7.714020e-01	    2.285980e-01	
    1.052500e+00    7.717505e-01	    2.282495e-01	
    1.055000e+00    7.721006e-01	    2.278994e-01	
    1.057500e+00    7.724521e-01	    2.275479e-01	
    1.060000e+00    7.728051e-01	    2.271949e-01	
    1.062500e+00    7.731593e-01	    2.268407e-01	
    1.065000e+00    7.735148e-01	    2.264852e-01	
    1.067500e+00    7.738715e-01	    2.261285e-01	
    1.070000e+00    7.742293e-01	    2.257707e-01	
    1.072500e+00    7.745881e-01	    2.254119e-01	
    1.075000e+00    7.749479e-01	    2.250521e-01	
    1.077500e+00    7.753086e-01	    2.246914e-01	
    1.080000e+00    7.756701e-01	    2.243299e-01	
    1.082500e+00    7.760323e-01	    2.239677e-01	
    1.085000e+00    7.763952e-01	    2.236048e-01	
    1.087500e+00    7.767588e-01	    2.232412e-01	
    1.090000e+00    7.771228e-01	    2.228772e-01	
    1.092500e+00    7.774873e-01	    2.225127e-01	
    1.095000e+00    7.778523e-01	    2.221477e-01	
    1.097500e+00    7.782175e-01	    2.217825e-01	
    1.100000e+00    7.785830e-01	    2.214170e-01	
    1.102500e+00    7.789487e-01	    2.210513e-01	
    1.105000e+00    7.793146e-01	    2.206854e-01	
    1.107500e+00    7.796805e-01	    2.203195e-01	
    1.110000e+00    7.800464e-01	    2.199536e-01	
    1.112500e+00    7.804122e-01	    2.195878e-01	
    1.115000e+00    7.807780e-01	    2.192220e-01	
    1.117500e+00    7.811435e-01	    2.188565e-01	
    1.120000e+00    7.815088e-01	    2.184912e-01	
    1.122500e+00    7.818737e-01	    2.181263e-01	
    1.125000e+00    7.822383e-01	    2.177617e-01	
    1.127500e+00    7.826025e-01	    2.173975e-01	
    1.130000e+00    7.829662e-01	    2.170338e-01	
    1.132500e+00    7.833293e-01	    2.166707e-01	
    1.135000e+00    7.836918e-01	    2.163082e-01	
    1.137500e+00    7.840536e-01	    2.159464e-01	
    1.140000e+00    7.844147e-01	    2.155853e-01	
    1.142500e+00    7.847750e-01	    2.152250e-01	
    1.145000e+00    7.851345e-01	    2.148655e-01	
    1.147500e+00    7.854931e-01	    2.145069e-01	
    1.150000e+00    7.858507e-01	    2.141493e-01	
    1.152500e+00    7.862074e-01	    2.137926e-01	
    1.155000e+00    7.865630e-01	    2.134370e-01	
    1.157500e+00    7.869175e-01	    2.130825e-01	
    1.160000e+00    7.872708e-01	    2.127292e-01	
    1.162500e+00    7.876229e-01	    2.123771e-01	
    1.165000e+00    7.879738e-01	    2.120262e-01	
    1.167500e+00    7.883234e-01	    2.116766e-01	
    1.170000e+00    7.886716e-01	    2.113284e-01	
    1.172500e+00    7.890184e-01	    2.109816e-01	
    1.175000e+00    7.893638e-01	    2.106362e-01	
    1.177500e+00    7.897077e-01	    2.102923e-01	
    1.180000e+00    7.900500e-01	    2.099500e-01	
    1.182500e+00    7.903908e-01	    2.096092e-01	
    1.185000e+00    7.907299e-01	    2.092701e-01	
    1.187500e+00    7.910674e-01	    2.089326e-01	
    1.190000e+00    7.914032e-01	    2.085968e-01	
    1.192500e+00    7.917372e-01	    2.082628e-01	
    1.195000e+00    7.920695e-01	    2.079305e-01	
    1.197500e+00    7.923999e-01	    2.076001e-01	
    1.200000e+00    7.927285e-01	    2.072715e-01	
    1.202500e+00    7.930551e-01	    2.069449e-01	
    1.205000e+00    7.933798e-01	    2.066202e-01	
    1.207500e+00    7.937025e-01	    2.062975e-01	
    1.210000e+00    7.940233e-01	    2.059767e-01	
    1.212500e+00    7.943419e-01	    2.056581e-01	
    1.215000e+00    7.946585e-01	    2.053415e-01	
    1.217500e+00    7.949730e-01	    2.050270e-01	
    1.220000e+00    7.952853e-01	    2.047147e-01	
    1.222500e+00    7.955955e-01	    2.044045e-01	
    1.225000e+00    7.959035e-01	    2.040965e-01	
    1.227500e+00    7.962092e-01	    2.037908e-01	
    1.230000e+00    7.965126e-01	    2.034874e-01	
    1.232500e+00    7.968138e-01	    2.031862e-01	
    1.235000e+00    7.971126e-01	    2.028874e-01	
    1.237500e+00    7.974091e-01	    2.025909e-01	
    1.240000e+00    7.977032e-01	    2.022968e-01	
    1.242500e+00    7.979949e-01	    2.020051e-01	
    1.245000e+00    7.982842e-01	    2.017158e-01	
    1.247500e+00    7.985711e-01	    2.014289e-01	
    1.250000e+00    7.988555e-01	    2.011445e-01	
    1.252500e+00    7.991374e-01	    2.008626e-01	
    1.255000e+00    7.994167e-01	    2.005833e-01	
    1.257500e+00    7.996936e-01	    2.003064e-01	
    1.260000e+00    7.999679e-01	    2.000321e-01	
    1.262500e+00    8.002396e-01	    1.997604e-01	
    1.265000e+00    8.005087e-01	    1.994913e-01	
    1.267500e+00    8.007753e-01	    1.992247e-01	
    1.270000e+00    8.010392e-01	    1.989608e-01	
    1.272500e+00    8.013004e-01	    1.986996e-01	
    1.275000e+00    8.015590e-01	    1.984410e-01	
    1.277500e+00    8.018150e-01	    1.981850e-01	
    1.280000e+00    8.020682e-01	    1.979318e-01	
    1.282500e+00    8.023188e-01	    1.976812e-01	
    1.285000e+00    8.025667e-01	    1.974333e-01	
    1.287500e+00    8.028118e-01	    1.971882e-01	
    1.290000e+00    8.030542e-01	    1.969458e-01	
    1.292500e+00    8.032939e-01	    1.967061e-01	
    1.295000e+00    8.035308e-01	    1.964692e-01	
    1.297500e+00    8.037649e-01	    1.962351e-01	
    1.300000e+00    8.039963e-01	    1.960037e-01	
    1.302500e+00    8.042249e-01	    1.957751e-01	
    1.305000e+00    8.044507e-01	    1.955493e-01	
    1.307500e+00    8.046738e-01	    1.953262e-01	
    1.310000e+00    8.048940e-01	    1.951060e-01	
    1.312500e+00    8.051114e-01	    1.948886e-01	
    1.315000e+00    8.053261e-01	    1.946739e-01	
    1.317500e+00    8.055379e-01	    1.944621e-01	
    1.320000e+00    8.057469e-01	    1.942531e-01	
    1.322500e+00    8.059531e-01	    1.940469e-01	
    1.325000e+00    8.061565e-01	    1.938435e-01	
    1.327500e+00    8.063571e-01	    1.936429e-01	
    1.330000e+00    8.065548e-01	    1.934452e-01	
    1.332500e+00    8.067498e-01	    1.932502e-01	
    1.335000e+00    8.069419e-01	    1.930581e-01	
    1.337500e+00    8.071312e-01	    1.928688e-01	
    1.340000e+00    8.073177e-01	    1.926823e-01	
    1.342500e+00    8.075013e-01	    1.924987e-01	
    1.345000e+00    8.076822e-01	    1.923178e-01	
    1.347500e+00    8.078603e-01	    1.921397e-01	
    1.350000e+00    8.080355e-01	    1.919645e-01	
    1.352500e+00    8.082080e-01	    1.917920e-01	
    1.355000e+00    8.083777e-01	    1.916223e-01	
    1.357500e+00    8.085445e-01	    1.914555e-01	
    1.360000e+00    8.087086e-01	    1.912914e-01	
    1.362500e+00    8.088699e-01	    1.911301e-01	
    1.365000e+00    8.090285e-01	    1.909715e-01	
    1.367500e+00    8.091843e-01	    1.908157e-01	
    1.370000e+00    8.093373e-01	    1.906627e-01	
    1.372500e+00    8.094876e-01	    1.905124e-01	
    1.375000e+00    8.096351e-01	    1.903649e-01	
    1.377500e+00    8.097800e-01	    1.902200e-01	
    1.380000e+00    8.099221e-01	    1.900779e-01	
    1.382500e+00    8.100615e-01	    1.899385e-01	
    1.385000e+00    8.101982e-01	    1.898018e-01	
    1.387500e+00    8.103322e-01	    1.896678e-01	
    1.390000e+00    8.104635e-01	    1.895365e-01	
    1.392500e+00    8.105921e-01	    1.894079e-01	
    1.395000e+00    8.107182e-01	    1.892818e-01	
    1.397500e+00    8.108415e-01	    1.891585e-01	
    1.400000e+00    8.109623e-01	    1.890377e-01	
    1.402500e+00    8.110804e-01	    1.889196e-01	
    1.405000e+00    8.111959e-01	    1.888041e-01	
    1.407500e+00    8.113089e-01	    1.886911e-01	
    1.410000e+00    8.114192e-01	    1.885808e-01	
    1.412500e+00    8.115270e-01	    1.884730e-01	
    1.415000e+00    8.116323e-01	    1.883677e-01	
    1.417500e+00    8.117350e-01	    1.882650e-01	
    1.420000e+00    8.118352e-01	    1.881648e-01	
    1.422500e+00    8.119329e-01	    1.880671e-01	
    1.425000e+00    8.120282e-01	    1.879718e-01	
    1.427500e+00    8.121210e-01	    1.878790e-01	
    1.430000e+00    8.122113e-01	    1.877887e-01	
    1.432500e+00    8.122992e-01	    1.877008e-01	
    1.435000e+00    8.123846e-01	    1.876154e-01	
    1.437500e+00    8.124677e-01	    1.875323e-01	
    1.440000e+00    8.125484e-01	    1.874516e-01	
    1.442500e+00    8.126268e-01	    1.873732e-01	
    1.445000e+00    8.127027e-01	    1.872973e-01	
    1.447500e+00    8.127764e-01	    1.872236e-01	
    1.450000e+00    8.128478e-01	    1.871522e-01	
    1.452500e+00    8.129168e-01	    1.870832e-01	
    1.455000e+00    8.129836e-01	    1.870164e-01	
    1.457500e+00    8.130482e-01	    1.869518e-01	
    1.460000e+00    8.131105e-01	    1.868895e-01	
    1.462500e+00    8.131706e-01	    1.868294e-01	
    1.465000e+00    8.132286e-01	    1.867714e-01	
    1.467500e+00    8.132843e-01	    1.867157e-01	
    1.470000e+00    8.133379e-01	    1.866621e-01	
    1.472500e+00    8.133894e-01	    1.866106e-01	
    1.475000e+00    8.134387e-01	    1.865613e-01	
    1.477500e+00    8.134860e-01	    1.865140e-01	
    1.480000e+00    8.135312e-01	    1.864688e-01	
    1.482500e+00    8.135743e-01	    1.864257e-01	
    1.485000e+00    8.136155e-01	    1.863845e-01	
    1.487500e+00    8.136546e-01	    1.863454e-01	
    1.490000e+00    8.136917e-01	    1.863083e-01	
    1.492500e+00    8.137269e-01	    1.862731e-01	
    1.495000e+00    8.137601e-01	    1.862399e-01	
    1.497500e+00    8.137914e-01	    1.862086e-01	
    1.500000e+00    8.138208e-01	    1.861792e-01	
    1.502500e+00    8.138484e-01	    1.861516e-01	
    1.505000e+00    8.138740e-01	    1.861260e-01	
    1.507500e+00    8.138979e-01	    1.861021e-01	
    1.510000e+00    8.139199e-01	    1.860801e-01	
    1.512500e+00    8.139401e-01	    1.860599e-01	
    1.515000e+00    8.139586e-01	    1.860414e-01	
    1.517500e+00    8.139753e-01	    1.860247e-01	
    1.520000e+00    8.139903e-01	    1.860097e-01	
    1.522500e+00    8.140036e-01	    1.859964e-01	
    1.525000e+00    8.140153e-01	    1.859847e-01	
    1.527500e+00    8.140252e-01	    1.859748e-01	
    1.530000e+00    8.140336e-01	    1.859664e-01	
    1.532500e+00    8.140403e-01	    1.859597e-01	
    1.535000e+00    8.140454e-01	    1.859546e-01	
    1.537500e+00    8.140489e-01	    1.859511e-01	
    1.540000e+00    8.140510e-01	    1.859490e-01	
    1.542500e+00    8.140514e-01	    1.859486e-01	
    1.545000e+00    8.140504e-01	    1.859496e-01	
    1.547500e+00    8.140479e-01	    1.859521e-01	
    1.550000e+00    8.140440e-01	    1.859560e-01	
    1.552500e+00    8.140386e-01	    1.859614e-01	
    1.555000e+00    8.140318e-01	    1.859682e-01	
    1.557500e+00    8.140236e-01	    1.859764e-01	
    1.560000e+00    8.140140e-01	    1.859860e-01	
    1.562500e+00    8.140031e-01	    1.859969e-01	
    1.565000e+00    8.139909e-01	    1.860091e-01	
    1.567500e+00    8.139774e-01	    1.860226e-01	
    1.570000e+00    8.139625e-01	    1.860375e-01	
    1.572500e+00    8.139465e-01	    1.860535e-01	
    1.575000e+00    8.139292e-01	    1.860708e-01	
    1.577500e+00    8.139106e-01	    1.860894e-01	
    1.580000e+00    8.138909e-01	    1.861091e-01	
    1.582500e+00    8.138700e-01	    1.861300e-01	
    1.585000e+00    8.138480e-01	    1.861520e-01	
    1.587500e+00    8.138248e-01	    1.861752e-01	
    1.590000e+00    8.138005e-01	    1.861995e-01	
    1.592500e+00    8.137751e-01	    1.862249e-01	
    1.595000e+00    8.137487e-01	    1.862513e-01	
    1.597500e+00    8.137212e-01	    1.862788e-01	
    1.600000e+00    8.136927e-01	    1.863073e-01	
    1.602500e+00    8.136632e-01	    1.863368e-01	
    1.605000e+00    8.136328e-01	    1.863672e-01	
    1.607500e+00    8.136013e-01	    1.863987e-01	
    1.610000e+00    8.135689e-01	    1.864311e-01	
    1.612500e+00    8.135356e-01	    1.864644e-01	
    1.615000e+00    8.135014e-01	    1.864986e-01	
    1.617500e+00    8.134664e-01	    1.865336e-01	
    1.620000e+00    8.134304e-01	    1.865696e-01	
    1.622500e+00    8.133936e-01	    1.866064e-01	
    1.625000e+00    8.133560e-01	    1.866440e-01	
    1.627500e+00    8.133176e-01	    1.866824e-01	
    1.630000e+00    8.132785e-01	    1.867215e-01	
    1.632500e+00    8.132385e-01	    1.867615e-01	
    1.635000e+00    8.131979e-01	    1.868021e-01	
    1.637500e+00    8.131565e-01	    1.868435e-01	
    1.640000e+00    8.131144e-01	    1.868856e-01	
    1.642500e+00    8.130716e-01	    1.869284e-01	
    1.645000e+00    8.130282e-01	    1.869718e-01	
    1.647500e+00    8.129841e-01	    1.870159e-01	
    1.650000e+00    8.129394e-01	    1.870606e-01	
    1.652500e+00    8.128941e-01	    1.871059e-01	
    1.655000e+00    8.128481e-01	    1.871519e-01	
    1.657500e+00    8.128017e-01	    1.871983e-01	
    1.660000e+00    8.127546e-01	    1.872454e-01	
    1.662500e+00    8.127071e-01	    1.872929e-01	
    1.665000e+00    8.126590e-01	    1.873410e-01	
    1.667500e+00    8.126104e-01	    1.873896e-01	
    1.670000e+00    8.125613e-01	    1.874387e-01	
    1.672500e+00    8.125118e-01	    1.874882e-01	
    1.675000e+00    8.124618e-01	    1.875382e-01	
    1.677500e+00    8.124114e-01	    1.875886e-01	
    1.680000e+00    8.123606e-01	    1.876394e-01	
    1.682500e+00    8.123094e-01	    1.876906e-01	
    1.685000e+00    8.122578e-01	    1.877422e-01	
    1.687500e+00    8.122058e-01	    1.877942e-01	
    1.690000e+00    8.121535e-01	    1.878465e-01	
    1.692500e+00    8.121008e-01	    1.878992e-01	
    1.695000e+00    8.120479e-01	    1.879521e-01	
    1.697500e+00    8.119946e-01	    1.880054e-01	
    1.700000e+00    8.119410e-01	    1.880590e-01	
    1.702500e+00    8.118872e-01	    1.881128e-01	
    1.705000e+00    8.118331e-01	    1.881669e-01	
    1.707500e+00    8.117788e-01	    1.882212e-01	
    1.710000e+00    8.117243e-01	    1.882757e-01	
    1.712500e+00    8.116695e-01	    1.883305e-01	
    1.715000e+00    8.116146e-01	    1.883854e-01	
    1.717500e+00    8.115594e-01	    1.884406e-01	
    1.720000e+00    8.115041e-01	    1.884959e-01	
    1.722500e+00    8.114487e-01	    1.885513e-01	
    1.725000e+00    8.113931e-01	    1.886069e-01	
    1.727500e+00    8.113374e-01	    1.886626e-01	
    1.730000e+00    8.112816e-01	    1.887184e-01	
    1.732500e+00    8.112256e-01	    1.887744e-01	
    1.735000e+00    8.111696e-01	    1.888304e-01	
    1.737500e+00    8.111135e-01	    1.888865e-01	
    1.740000e+00    8.110574e-01	    1.889426e-01	
    1.742500e+00    8.110012e-01	    1.889988e-01	
    1.745000e+00    8.109450e-01	    1.890550e-01	
    1.747500e+00    8.108887e-01	    1.891113e-01	
    1.750000e+00    8.108324e-01	    1.891676e-01	
    1.752500e+00    8.107762e-01	    1.892238e-01	
    1.755000e+00    8.107199e-01	    1.892801e-01	
    1.757500e+00    8.106637e-01	    1.893363e-01	
    1.760000e+00    8.106075e-01	    1.893925e-01	
    1.762500e+00    8.105514e-01	    1.894486e-01	
    1.765000e+00    8.104953e-01	    1.895047e-01	
    1.767500e+00    8.104393e-01	    1.895607e-01	
    1.770000e+00    8.103833e-01	    1.896167e-01	
    1.772500e+00    8.103275e-01	    1.896725e-01	
    1.775000e+00    8.102718e-01	    1.897282e-01	
    1.777500e+00    8.102161e-01	    1.897839e-01	
    1.780000e+00    8.101606e-01	    1.898394e-01	
    1.782500e+00    8.101053e-01	    1.898947e-01	
    1.785000e+00    8.100500e-01	    1.899500e-01	
    1.787500e+00    8.099949e-01	    1.900051e-01	
    1.790000e+00    8.099400e-01	    1.900600e-01	
    1.792500e+00    8.098852e-01	    1.901148e-01	
    1.795000e+00    8.098307e-01	    1.901693e-01	
    1.797500e+00    8.097763e-01	    1.902237e-01	
    1.800000e+00    8.097221e-01	    1.902779e-01	
    1.802500e+00    8.096681e-01	    1.903319e-01	
    1.805000e+00    8.096143e-01	    1.903857e-01	
    1.807500e+00    8.095608e-01	    1.904392e-01	
    1.810000e+00    8.095074e-01	    1.904926e-01	
    1.812500e+00    8.094543e-01	    1.905457e-01	
    1.815000e+00    8.094015e-01	    1.905985e-01	
    1.817500e+00    8.093489e-01	    1.906511e-01	
    1.820000e+00    8.092966e-01	    1.907034e-01	
    1.822500e+00    8.092445e-01	    1.907555e-01	
    1.825000e+00    8.091927e-01	    1.908073e-01	
    1.827500e+00    8.091412e-01	    1.908588e-01	
    1.830000e+00    8.090900e-01	    1.909100e-01	
    1.832500e+00    8.090391e-01	    1.909609e-01	
    1.835000e+00    8.089884e-01	    1.910116e-01	
    1.837500e+00    8.089381e-01	    1.910619e-01	
    1.840000e+00    8.088881e-01	    1.911119e-01	
    1.842500e+00    8.088384e-01	    1.911616e-01	
    1.845000e+00    8.087891e-01	    1.912109e-01	
    1.847500e+00    8.087401e-01	    1.912599e-01	
    1.850000e+00    8.086914e-01	    1.913086e-01	
    1.852500e+00    8.086430e-01	    1.913570e-01	
    1.855000e+00    8.085950e-01	    1.914050e-01	
    1.857500e+00    8.085474e-01	    1.914526e-01	
    1.860000e+00    8.085001e-01	    1.914999e-01	
    1.862500e+00    8.084532e-01	    1.915468e-01	
    1.865000e+00    8.084066e-01	    1.915934e-01	
    1.867500e+00    8.083604e-01	    1.916396e-01	
    1.870000e+00    8.083146e-01	    1.916854e-01	
    1.872500e+00    8.082692e-01	    1.917308e-01	
    1.875000e+00    8.082242e-01	    1.917758e-01	
    1.877500e+00    8.081795e-01	    1.918205e-01	
    1.880000e+00    8.081353e-01	    1.918647e-01	
    1.882500e+00    8.080914e-01	    1.919086e-01	
    1.885000e+00    8.080480e-01	    1.919520e-01	
    1.887500e+00    8.080049e-01	    1.919951e-01	
    1.890000e+00    8.079623e-01	    1.920377e-01	
    1.892500e+00    8.079200e-01	    1.920800e-01	
    1.895000e+00    8.078782e-01	    1.921218e-01	
    1.897500e+00    8.078368e-01	    1.921632e-01	
    1.900000e+00    8.077958e-01	    1.922042e-01	
    1.902500e+00    8.077553e-01	    1.922447e-01	
    1.905000e+00    8.077152e-01	    1.922848e-01	
    1.907500e+00    8.076755e-01	    1.923245e-01	
    1.910000e+00    8.076362e-01	    1.923638e-01	
    1.912500e+00    8.075973e-01	    1.924027e-01	
    1.915000e+00    8.075589e-01	    1.924411e-01	
    1.917500e+00    8.075210e-01	    1.924790e-01	
    1.920000e+00    8.074834e-01	    1.925166e-01	
    1.922500e+00    8.074464e-01	    1.925536e-01	
    1.925000e+00    8.074097e-01	    1.925903e-01	
    1.927500e+00    8.073735e-01	    1.926265e-01	
    1.930000e+00    8.073378e-01	    1.926622e-01	
    1.932500e+00    8.073024e-01	    1.926976e-01	
    1.935000e+00    8.072676e-01	    1.927324e-01	
    1.937500e+00    8.072332e-01	    1.927668e-01	
    1.940000e+00    8.071992e-01	    1.928008e-01	
    1.942500e+00    8.071657e-01	    1.928343e-01	
    1.945000e+00    8.071326e-01	    1.928674e-01	
    1.947500e+00    8.071000e-01	    1.929000e-01	
    1.950000e+00    8.070679e-01	    1.929321e-01	
    1.952500e+00    8.070362e-01	    1.929638e-01	
    1.955000e+00    8.070050e-01	    1.929950e-01	
    1.957500e+00    8.069742e-01	    1.930258e-01	
    1.960000e+00    8.069438e-01	    1.930562e-01	
    1.962500e+00    8.069140e-01	    1.930860e-01	
    1.965000e+00    8.068845e-01	    1.931155e-01	
    1.967500e+00    8.068556e-01	    1.931444e-01	
    1.970000e+00    8.068271e-01	    1.931729e-01	
    1.972500e+00    8.067990e-01	    1.932010e-01	
    1.975000e+00    8.067714e-01	    1.932286e-01	
    1.977500e+00    8.067443e-01	    1.932557e-01	
    1.980000e+00    8.067176e-01	    1.932824e-01	
    1.982500e+00    8.066913e-01	    1.933087e-01	
    1.985000e+00    8.066655e-01	    1.933345e-01	
    1.987500e+00    8.066402e-01	    1.933598e-01	
    1.990000e+00    8.066153e-01	    1.933847e-01	
    1.992500e+00    8.065909e-01	    1.934091e-01	
    1.995000e+00    8.065669e-01	    1.934331e-01	
    1.997500e+00    8.065434e-01	    1.934566e-01	
    2.000000e+00    8.065203e-01	    1.934797e-01	
    2.002500e+00    8.064976e-01	    1.935024e-01	
    2.005000e+00    8.064754e-01	    1.935246e-01	
    2.007500e+00    8.064537e-01	    1.935463e-01	
    2.010000e+00    8.064324e-01	    1.935676e-01	
    2.012500e+00    8.064115e-01	    1.935885e-01	
    2.015000e+00    8.063911e-01	    1.936089e-01	
    2.017500e+00    8.063711e-01	    1.936289e-01	
    2.020000e+00    8.063515e-01	    1.936485e-01	
    2.022500e+00    8.063324e-01	    1.936676e-01	
    2.025000e+00    8.063137e-01	    1.936863e-01	
    2.027500e+00    8.062954e-01	    1.937046e-01	
    2.030000e+00    8.062776e-01	    1.937224e-01	
    2.032500e+00    8.062602e-01	    1.937398e-01	
    2.035000e+00    8.062432e-01	    1.937568e-01	
    2.037500e+00    8.062267e-01	    1.937733e-01	
    2.040000e+00    8.062105e-01	    1.937895e-01	
    2.042500e+00    8.061948e-01	    1.938052e-01	
    2.045000e+00    8.061795e-01	    1.938205e-01	
    2.047500e+00    8.061646e-01	    1.938354e-01	
    2.050000e+00    8.061501e-01	    1.938499e-01	
    2.052500e+00    8.061361e-01	    1.938639e-01	
    2.055000e+00    8.061224e-01	    1.938776e-01	
    2.057500e+00    8.061091e-01	    1.938909e-01	
    2.060000e+00    8.060963e-01	    1.939037e-01	
    2.062500e+00    8.060838e-01	    1.939162e-01	
    2.065000e+00    8.060718e-01	    1.939282e-01	
    2.067500e+00    8.060601e-01	    1.939399e-01	
    2.070000e+00    8.060488e-01	    1.939512e-01	
    2.072500e+00    8.060379e-01	    1.939621e-01	
    2.075000e+00    8.060274e-01	    1.939726e-01	
    2.077500e+00    8.060173e-01	    1.939827e-01	
    2.080000e+00    8.060076e-01	    1.939924e-01	
    2.082500e+00    8.059982e-01	    1.940018e-01	
    2.085000e+00    8.059892e-01	    1.940108e-01	
    2.087500e+00    8.059806e-01	    1.940194e-01	
    2.090000e+00    8.059724e-01	    1.940276e-01	
    2.092500e+00    8.059645e-01	    1.940355e-01	
    2.095000e+00    8.059570e-01	    1.940430e-01	
    2.097500e+00    8.059498e-01	    1.940502e-01	
    2.100000e+00    8.059430e-01	    1.940570e-01	
    2.102500e+00    8.059365e-01	    1.940635e-01	
    2.105000e+00    8.059304e-01	    1.940696e-01	
    2.107500e+00    8.059247e-01	    1.940753e-01	
    2.110000e+00    8.059193e-01	    1.940807e-01	
    2.112500e+00    8.059142e-01	    1.940858e-01	
    2.115000e+00    8.059095e-01	    1.940905e-01	
    2.117500e+00    8.059050e-01	    1.940950e-01	
    2.120000e+00    8.059010e-01	    1.940990e-01	
    2.122500e+00    8.058972e-01	    1.941028e-01	
    2.125000e+00    8.058938e-01	    1.941062e-01	
    2.127500e+00    8.058907e-01	    1.941093e-01	
    2.130000e+00    8.058879e-01	    1.941121e-01	
    2.132500e+00    8.058854e-01	    1.941146e-01	
    2.135000e+00    8.058833e-01	    1.941167e-01	
    2.137500e+00    8.058814e-01	    1.941186e-01	
    2.140000e+00    8.058799e-01	    1.941201e-01	
    2.142500e+00    8.058786e-01	    1.941214e-01	
    2.145000e+00    8.058777e-01	    1.941223e-01	
    2.147500e+00    8.058770e-01	    1.941230e-01	
    2.150000e+00    8.058766e-01	    1.941234e-01	
    2.152500e+00    8.058766e-01	    1.941234e-01	
    2.155000e+00    8.058768e-01	    1.941232e-01	
    2.157500e+00    8.058772e-01	    1.941228e-01	
    2.160000e+00    8.058780e-01	    1.941220e-01	
    2.162500e+00    8.058790e-01	    1.941210e-01	
    2.165000e+00    8.058803e-01	    1.941197e-01	
    2.167500e+00    8.058819e-01	    1.941181e-01	
    2.170000e+00    8.058837e-01	    1.941163e-01	
    2.172500e+00    8.058858e-01	    1.941142e-01	
    2.175000e+00    8.058881e-01	    1.941119e-01	
    2.177500e+00    8.058907e-01	    1.941093e-01	
    2.180000e+00    8.058935e-01	    1.941065e-01	
    2.182500e+00    8.058966e-01	    1.941034e-01	
    2.185000e+00    8.058999e-01	    1.941001e-01	
    2.187500e+00    8.059035e-01	    1.940965e-01	
    2.190000e+00    8.059072e-01	    1.940928e-01	
    2.192500e+00    8.059113e-01	    1.940887e-01	
    2.195000e+00    8.059155e-01	    1.940845e-01	
    2.197500e+00    8.059200e-01	    1.940800e-01	
    2.200000e+00    8.059247e-01	    1.940753e-01	
    2.202500e+00    8.059296e-01	    1.940704e-01	
    2.205000e+00    8.059347e-01	    1.940653e-01	
    2.207500e+00    8.059400e-01	    1.940600e-01	
    2.210000e+00    8.059455e-01	    1.940545e-01	
    2.212500e+00    8.059513e-01	    1.940487e-01	
    2.215000e+00    8.059572e-01	    1.940428e-01	
    2.217500e+00    8.059633e-01	    1.940367e-01	
    2.220000e+00    8.059696e-01	    1.940304e-01	
    2.222500e+00    8.059762e-01	    1.940238e-01	
    2.225000e+00    8.059828e-01	    1.940172e-01	
    2.227500e+00    8.059897e-01	    1.940103e-01	
    2.230000e+00    8.059968e-01	    1.940032e-01	
    2.232500e+00    8.060040e-01	    1.939960e-01	
    2.235000e+00    8.060114e-01	    1.939886e-01	
    2.237500e+00    8.060190e-01	    1.939810e-01	
    2.240000e+00    8.060267e-01	    1.939733e-01	
    2.242500e+00    8.060346e-01	    1.939654e-01	
    2.245000e+00    8.060427e-01	    1.939573e-01	
    2.247500e+00    8.060509e-01	    1.939491e-01	
    2.250000e+00    8.060592e-01	    1.939408e-01	
    2.252500e+00    8.060677e-01	    1.939323e-01	
    2.255000e+00    8.060764e-01	    1.939236e-01	
    2.257500e+00    8.060852e-01	    1.939148e-01	
    2.260000e+00    8.060941e-01	    1.939059e-01	
    2.262500e+00    8.061032e-01	    1.938968e-01	
    2.265000e+00    8.061124e-01	    1.938876e-01	
    2.267500e+00    8.061218e-01	    1.938782e-01	
    2.270000e+00    8.061312e-01	    1.938688e-01	
    2.272500e+00    8.061408e-01	    1.938592e-01	
    2.275000e+00    8.061505e-01	    1.938495e-01	
    2.277500e+00    8.061604e-01	    1.938396e-01	
    2.280000e+00    8.061703e-01	    1.938297e-01	
    2.282500e+00    8.061803e-01	    1.938197e-01	
    2.285000e+00    8.061905e-01	    1.938095e-01	
    2.287500e+00    8.062008e-01	    1.937992e-01	
    2.290000e+00    8.062111e-01	    1.937889e-01	
    2.292500e+00    8.062216e-01	    1.937784e-01	
    2.295000e+00    8.062322e-01	    1.937678e-01	
    2.297500e+00    8.062428e-01	    1.937572e-01	
    2.300000e+00    8.062536e-01	    1.937464e-01	
    2.302500e+00    8.062644e-01	    1.937356e-01	
    2.305000e+00    8.062754e-01	    1.937246e-01	
    2.307500e+00    8.062864e-01	    1.937136e-01	
    2.310000e+00    8.062974e-01	    1.937026e-01	
    2.312500e+00    8.063086e-01	    1.936914e-01	
    2.315000e+00    8.063199e-01	    1.936801e-01	
    2.317500e+00    8.063312e-01	    1.936688e-01	
    2.320000e+00    8.063425e-01	    1.936575e-01	
    2.322500e+00    8.063540e-01	    1.936460e-01	
    2.325000e+00    8.063655e-01	    1.936345e-01	
    2.327500e+00    8.063771e-01	    1.936229e-01	
    2.330000e+00    8.063887e-01	    1.936113e-01	
    2.332500e+00    8.064004e-01	    1.935996e-01	
    2.335000e+00    8.064121e-01	    1.935879e-01	
    2.337500e+00    8.064239e-01	    1.935761e-01	
    2.340000e+00    8.064358e-01	    1.935642e-01	
    2.342500e+00    8.064477e-01	    1.935523e-01	
    2.345000e+00    8.064596e-01	    1.935404e-01	
    2.347500e+00    8.064716e-01	    1.935284e-01	
    2.350000e+00    8.064836e-01	    1.935164e-01	
    2.352500e+00    8.064956e-01	    1.935044e-01	
    2.355000e+00    8.065077e-01	    1.934923e-01	
    2.357500e+00    8.065198e-01	    1.934802e-01	
    2.360000e+00    8.065320e-01	    1.934680e-01	
    2.362500e+00    8.065442e-01	    1.934558e-01	
    2.365000e+00    8.065564e-01	    1.934436e-01	
    2.367500e+00    8.065686e-01	    1.934314e-01	
    2.370000e+00    8.065808e-01	    1.934192e-01	
    2.372500e+00    8.065931e-01	    1.934069e-01	
    2.375000e+00    8.066054e-01	    1.933946e-01	
    2.377500e+00    8.066177e-01	    1.933823e-01	
    2.380000e+00    8.066300e-01	    1.933700e-01	
    2.382500e+00    8.066423e-01	    1.933577e-01	
    2.385000e+00    8.066547e-01	    1.933453e-01	
    2.387500e+00    8.066670e-01	    1.933330e-01	
    2.390000e+00    8.066793e-01	    1.933207e-01	
    2.392500e+00    8.066917e-01	    1.933083e-01	
    2.395000e+00    8.067040e-01	    1.932960e-01	
    2.397500e+00    8.067164e-01	    1.932836e-01	
    2.400000e+00    8.067288e-01	    1.932712e-01	
    2.402500e+00    8.067411e-01	    1.932589e-01	
    2.405000e+00    8.067534e-01	    1.932466e-01	
    2.407500e+00    8.067658e-01	    1.932342e-01	
    2.410000e+00    8.067781e-01	    1.932219e-01	
    2.412500e+00    8.067904e-01	    1.932096e-01	
    2.415000e+00    8.068027e-01	    1.931973e-01	
    2.417500e+00    8.068150e-01	    1.931850e-01	
    2.420000e+00    8.068273e-01	    1.931727e-01	
    2.422500e+00    8.068396e-01	    1.931604e-01	
    2.425000e+00    8.068518e-01	    1.931482e-01	
    2.427500e+00    8.068640e-01	    1.931360e-01	
    2.430000e+00    8.068762e-01	    1.931238e-01	
    2.432500e+00    8.068884e-01	    1.931116e-01	
    2.435000e+00    8.069005e-01	    1.930995e-01	
    2.437500e+00    8.069127e-01	    1.930873e-01	
    2.440000e+00    8.069248e-01	    1.930752e-01	
    2.442500e+00    8.069368e-01	    1.930632e-01	
    2.445000e+00    8.069489e-01	    1.930511e-01	
    2.447500e+00    8.069609e-01	    1.930391e-01	
    2.450000e+00    8.069729e-01	    1.930271e-01	
    2.452500e+00    8.069848e-01	    1.930152e-01	
    2.455000e+00    8.069967e-01	    1.930033e-01	
    2.457500e+00    8.070086e-01	    1.929914e-01	
    2.460000e+00    8.070204e-01	    1.929796e-01	
    2.462500e+00    8.070322e-01	    1.929678e-01	
    2.465000e+00    8.070440e-01	    1.929560e-01	
    2.467500e+00    8.070557e-01	    1.929443e-01	
    2.470000e+00    8.070674e-01	    1.929326e-01	
    2.472500e+00    8.070790e-01	    1.929210e-01	
    2.475000e+00    8.070906e-01	    1.929094e-01	
    2.477500e+00    8.071022e-01	    1.928978e-01	
    2.480000e+00    8.071137e-01	    1.928863e-01	
    2.482500e+00    8.071251e-01	    1.928749e-01	
    2.485000e+00    8.071365e-01	    1.928635e-01	
    2.487500e+00    8.071479e-01	    1.928521e-01	
    2.490000e+00    8.071592e-01	    1.928408e-01	
    2.492500e+00    8.071705e-01	    1.928295e-01	
    2.495000e+00    8.071817e-01	    1.928183e-01	
    2.497500e+00    8.071928e-01	    1.928072e-01	
    2.500000e+00    8.072039e-01	    1.927961e-01	
    2.502500e+00    8.072150e-01	    1.927850e-01	
    2.505000e+00    8.072260e-01	    1.927740e-01	
    2.507500e+00    8.072369e-01	    1.927631e-01	
    2.510000e+00    8.072478e-01	    1.927522e-01	
    2.512500e+00    8.072586e-01	    1.927414e-01	
    2.515000e+00    8.072694e-01	    1.927306e-01	
    2.517500e+00    8.072801e-01	    1.927199e-01	
    2.520000e+00    8.072908e-01	    1.927092e-01	
    2.522500e+00    8.073014e-01	    1.926986e-01	
    2.525000e+00    8.073119e-01	    1.926881e-01	
    2.527500e+00    8.073224e-01	    1.926776e-01	
    2.530000e+00    8.073328e-01	    1.926672e-01	
    2.532500e+00    8.073431e-01	    1.926569e-01	
    2.535000e+00    8.073534e-01	    1.926466e-01	
    2.537500e+00    8.073636e-01	    1.926364e-01	
    2.540000e+00    8.073738e-01	    1.926262e-01	
    2.542500e+00    8.073839e-01	    1.926161e-01	
    2.545000e+00    8.073939e-01	    1.926061e-01	
    2.547500e+00    8.074039e-01	    1.925961e-01	
    2.550000e+00    8.074138e-01	    1.925862e-01	
    2.552500e+00    8.074237e-01	    1.925763e-01	
    2.555000e+00    8.074334e-01	    1.925666e-01	
    2.557500e+00    8.074431e-01	    1.925569e-01	
    2.560000e+00    8.074528e-01	    1.925472e-01	
    2.562500e+00    8.074624e-01	    1.925376e-01	
    2.565000e+00    8.074719e-01	    1.925281e-01	
    2.567500e+00    8.074813e-01	    1.925187e-01	
    2.570000e+00    8.074907e-01	    1.925093e-01	
    2.572500e+00    8.075000e-01	    1.925000e-01	
    2.575000e+00    8.075092e-01	    1.924908e-01	
    2.577500e+00    8.075184e-01	    1.924816e-01	
    2.580000e+00    8.075275e-01	    1.924725e-01	
    2.582500e+00    8.075365e-01	    1.924635e-01	
    2.585000e+00    8.075455e-01	    1.924545e-01	
    2.587500e+00    8.075544e-01	    1.924456e-01	
    2.590000e+00    8.075632e-01	    1.924368e-01	
    2.592500e+00    8.075720e-01	    1.924280e-01	
    2.595000e+00    8.075806e-01	    1.924194e-01	
    2.597500e+00    8.075893e-01	    1.924107e-01	
    2.600000e+00    8.075978e-01	    1.924022e-01	
    2.602500e+00    8.076063e-01	    1.923937e-01	
    2.605000e+00    8.076147e-01	    1.923853e-01	
    2.607500e+00    8.076230e-01	    1.923770e-01	
    2.610000e+00    8.076313e-01	    1.923687e-01	
    2.612500e+00    8.076395e-01	    1.923605e-01	
    2.615000e+00    8.076476e-01	    1.923524e-01	
    2.617500e+00    8.076557e-01	    1.923443e-01	
    2.620000e+00    8.076636e-01	    1.923364e-01	
    2.622500e+00    8.076715e-01	    1.923285e-01	
    2.625000e+00    8.076794e-01	    1.923206e-01	
    2.627500e+00    8.076872e-01	    1.923128e-01	
    2.630000e+00    8.076949e-01	    1.923051e-01	
    2.632500e+00    8.077025e-01	    1.922975e-01	
    2.635000e+00    8.077100e-01	    1.922900e-01	
    2.637500e+00    8.077175e-01	    1.922825e-01	
    2.640000e+00    8.077249e-01	    1.922751e-01	
    2.642500e+00    8.077323e-01	    1.922677e-01	
    2.645000e+00    8.077396e-01	    1.922604e-01	
    2.647500e+00    8.077468e-01	    1.922532e-01	
    2.650000e+00    8.077539e-01	    1.922461e-01	
    2.652500e+00    8.077610e-01	    1.922390e-01	
    2.655000e+00    8.077680e-01	    1.922320e-01	
    2.657500e+00    8.077749e-01	    1.922251e-01	
    2.660000e+00    8.077818e-01	    1.922182e-01	
    2.662500e+00    8.077885e-01	    1.922115e-01	
    2.665000e+00    8.077953e-01	    1.922047e-01	
    2.667500e+00    8.078019e-01	    1.921981e-01	
    2.670000e+00    8.078085e-01	    1.921915e-01	
    2.672500e+00    8.078150e-01	    1.921850e-01	
    2.675000e+00    8.078215e-01	    1.921785e-01	
    2.677500e+00    8.078278e-01	    1.921722e-01	
    2.680000e+00    8.078341e-01	    1.921659e-01	
    2.682500e+00    8.078404e-01	    1.921596e-01	
    2.685000e+00    8.078466e-01	    1.921534e-01	
    2.687500e+00    8.078527e-01	    1.921473e-01	
    2.690000e+00    8.078587e-01	    1.921413e-01	
    2.692500e+00    8.078647e-01	    1.921353e-01	
    2.695000e+00    8.078706e-01	    1.921294e-01	
    2.697500e+00    8.078764e-01	    1.921236e-01	
    2.700000e+00    8.078822e-01	    1.921178e-01	
    2.702500e+00    8.078879e-01	    1.921121e-01	
    2.705000e+00    8.078935e-01	    1.921065e-01	
    2.707500e+00    8.078991e-01	    1.921009e-01	
    2.710000e+00    8.079046e-01	    1.920954e-01	
    2.712500e+00    8.079100e-01	    1.920900e-01	
    2.715000e+00    8.079154e-01	    1.920846e-01	
    2.717500e+00    8.079207e-01	    1.920793e-01	
    2.720000e+00    8.079260e-01	    1.920740e-01	
    2.722500e+00    8.079312e-01	    1.920688e-01	
    2.725000e+00    8.079363e-01	    1.920637e-01	
    2.727500e+00    8.079413e-01	    1.920587e-01	
    2.730000e+00    8.079463e-01	    1.920537e-01	
    2.732500e+00    8.079513e-01	    1.920487e-01	
    2.735000e+00    8.079561e-01	    1.920439e-01	
    2.737500e+00    8.079609e-01	    1.920391e-01	
    2.740000e+00    8.079657e-01	    1.920343e-01	
    2.742500e+00    8.079704e-01	    1.920296e-01	
    2.745000e+00    8.079750e-01	    1.920250e-01	
    2.747500e+00    8.079796e-01	    1.920204e-01	
    2.750000e+00    8.079841e-01	    1.920159e-01	
    2.752500e+00    8.079885e-01	    1.920115e-01	
    2.755000e+00    8.079929e-01	    1.920071e-01	
    2.757500e+00    8.079972e-01	    1.920028e-01	
    2.760000e+00    8.080015e-01	    1.919985e-01	
    2.762500e+00    8.080057e-01	    1.919943e-01	
    2.765000e+00    8.080098e-01	    1.919902e-01	
    2.767500e+00    8.080139e-01	    1.919861e-01	
    2.770000e+00    8.080180e-01	    1.919820e-01	
    2.772500e+00    8.080219e-01	    1.919781e-01	
    2.775000e+00    8.080258e-01	    1.919742e-01	
    2.777500e+00    8.080297e-01	    1.919703e-01	
    2.780000e+00    8.080335e-01	    1.919665e-01	
    2.782500e+00    8.080373e-01	    1.919627e-01	
    2.785000e+00    8.080410e-01	    1.919590e-01	
    2.787500e+00    8.080446e-01	    1.919554e-01	
    2.790000e+00    8.080482e-01	    1.919518e-01	
    2.792500e+00    8.080517e-01	    1.919483e-01	
    2.795000e+00    8.080552e-01	    1.919448e-01	
    2.797500e+00    8.080586e-01	    1.919414e-01	
    2.800000e+00    8.080620e-01	    1.919380e-01	
    2.802500e+00    8.080653e-01	    1.919347e-01	
    2.805000e+00    8.080685e-01	    1.919315e-01	
    2.807500e+00    8.080717e-01	    1.919283e-01	
    2.810000e+00    8.080749e-01	    1.919251e-01	
    2.812500e+00    8.080780e-01	    1.919220e-01	
    2.815000e+00    8.080811e-01	    1.919189e-01	
    2.817500e+00    8.080841e-01	    1.919159e-01	
    2.820000e+00    8.080870e-01	    1.919130e-01	
    2.822500e+00    8.080899e-01	    1.919101e-01	
    2.825000e+00    8.080928e-01	    1.919072e-01	
    2.827500e+00    8.080956e-01	    1.919044e-01	
    2.830000e+00    8.080984e-01	    1.919016e-01	
    2.832500e+00    8.081011e-01	    1.918989e-01	
    2.835000e+00    8.081037e-01	    1.918963e-01	
    2.837500e+00    8.081063e-01	    1.918937e-01	
    2.840000e+00    8.081089e-01	    1.918911e-01	
    2.842500e+00    8.081114e-01	    1.918886e-01	
    2.845000e+00    8.081139e-01	    1.918861e-01	
    2.847500e+00    8.081163e-01	    1.918837e-01	
    2.850000e+00    8.081187e-01	    1.918813e-01	
    2.852500e+00    8.081210e-01	    1.918790e-01	
    2.855000e+00    8.081233e-01	    1.918767e-01	
    2.857500e+00    8.081256e-01	    1.918744e-01	
    2.860000e+00    8.081278e-01	    1.918722e-01	
    2.862500e+00    8.081299e-01	    1.918701e-01	
    2.865000e+00    8.081320e-01	    1.918680e-01	
    2.867500e+00    8.081341e-01	    1.918659e-01	
    2.870000e+00    8.081361e-01	    1.918639e-01	
    2.872500e+00    8.081381e-01	    1.918619e-01	
    2.875000e+00    8.081401e-01	    1.918599e-01	
    2.877500e+00    8.081420e-01	    1.918580e-01	
    2.880000e+00    8.081438e-01	    1.918562e-01	
    2.882500e+00    8.081456e-01	    1.918544e-01	
    2.885000e+00    8.081474e-01	    1.918526e-01	
    2.887500e+00    8.081492e-01	    1.918508e-01	
    2.890000e+00    8.081509e-01	    1.918491e-01	
    2.892500e+00    8.081525e-01	    1.918475e-01	
    2.895000e+00    8.081541e-01	    1.918459e-01	
    2.897500e+00    8.081557e-01	    1.918443e-01	
    2.900000e+00    8.081573e-01	    1.918427e-01	
    2.902500e+00    8.081588e-01	    1.918412e-01	
    2.905000e+00    8.081603e-01	    1.918397e-01	
    2.907500e+00    8.081617e-01	    1.918383e-01	
    2.910000e+00    8.081631e-01	    1.918369e-01	
    2.912500e+00    8.081644e-01	    1.918356e-01	
    2.915000e+00    8.081658e-01	    1.918342e-01	
    2.917500e+00    8.081670e-01	    1.918330e-01	
    2.920000e+00    8.081683e-01	    1.918317e-01	
    2.922500e+00    8.081695e-01	    1.918305e-01	
    2.925000e+00    8.081707e-01	    1.918293e-01	
    2.927500e+00    8.081718e-01	    1.918282e-01	
    2.930000e+00    8.081730e-01	    1.918270e-01	
    2.932500e+00    8.081740e-01	    1.918260e-01	
    2.935000e+00    8.081751e-01	    1.918249e-01	
    2.937500e+00    8.081761e-01	    1.918239e-01	
    2.940000e+00    8.081771e-01	    1.918229e-01	
    2.942500e+00    8.081780e-01	    1.918220e-01	
    2.945000e+00    8.081790e-01	    1.918210e-01	
    2.947500e+00    8.081798e-01	    1.918202e-01	
    2.950000e+00    8.081807e-01	    1.918193e-01	
    2.952500e+00    8.081815e-01	    1.918185e-01	
    2.955000e+00    8.081823e-01	    1.918177e-01	
    2.957500e+00    8.081831e-01	    1.918169e-01	
    2.960000e+00    8.081838e-01	    1.918162e-01	
    2.962500e+00    8.081845e-01	    1.918155e-01	
    2.965000e+00    8.081852e-01	    1.918148e-01	
    2.967500e+00    8.081859e-01	    1.918141e-01	
    2.970000e+00    8.081865e-01	    1.918135e-01	
    2.972500e+00    8.081871e-01	    1.918129e-01	
    2.975000e+00    8.081876e-01	    1.918124e-01	
    2.977500e+00    8.081882e-01	    1.918118e-01	
    2.980000e+00    8.081887e-01	    1.918113e-01	
    2.982500e+00    8.081892e-01	    1.918108e-01	
    2.985000e+00    8.081896e-01	    1.918104e-01	
    2.987500e+00    8.081900e-01	    1.918100e-01	
    2.990000e+00    8.081905e-01	    1.918095e-01	
    2.992500e+00    8.081908e-01	    1.918092e-01	
    2.995000e+00    8.081912e-01	    1.918088e-01	
    2.997500e+00    8.081915e-01	    1.918085e-01	
    3.000000e+00    8.081918e-01	    1.918082e-01	
    3.002500e+00    8.081921e-01	    1.918079e-01	
    3.005000e+00    8.081924e-01	    1.918076e-01	
    3.007500e+00    8.081926e-01	    1.918074e-01	
    3.010000e+00    8.081928e-01	    1.918072e-01	
    3.012500e+00    8.081930e-01	    1.918070e-01	
    3.015000e+00    8.081932e-01	    1.918068e-01	
    3.017500e+00    8.081933e-01	    1.918067e-01	
    3.020000e+00    8.081934e-01	    1.918066e-01	
    3.022500e+00    8.081935e-01	    1.918065e-01	
    3.025000e+00    8.081936e-01	    1.918064e-01	
    3.027500e+00    8.081937e-01	    1.918063e-01	
    3.030000e+00    8.081937e-01	    1.918063e-01	
    3.032500e+00    8.081937e-01	    1.918063e-01	
    3.035000e+00    8.081937e-01	    1.918063e-01	
    3.037500e+00    8.081937e-01	    1.918063e-01	
    3.040000e+00    8.081937e-01	    1.918063e-01	
    3.042500e+00    8.081936e-01	    1.918064e-01	
    3.045000e+00    8.081935e-01	    1.918065e-01	
    3.047500e+00    8.081934e-01	    1.918066e-01	
    3.050000e+00    8.081933e-01	    1.918067e-01	
    3.052500e+00    8.081932e-01	    1.918068e-01	
    3.055000e+00    8.081930e-01	    1.918070e-01	
    3.057500e+00    8.081929e-01	    1.918071e-01	
    3.060000e+00    8.081927e-01	    1.918073e-01	
    3.062500e+00    8.081925e-01	    1.918075e-01	
    3.065000e+00    8.081923e-01	    1.918077e-01	
    3.067500e+00    8.081920e-01	    1.918080e-01	
    3.070000e+00    8.081918e-01	    1.918082e-01	
    3.072500e+00    8.081915e-01	    1.918085e-01	
    3.075000e+00    8.081912e-01	    1.918088e-01	
    3.077500e+00    8.081909e-01	    1.918091e-01	
    3.080000e+00    8.081906e-01	    1.918094e-01	
    3.082500e+00    8.081903e-01	    1.918097e-01	
    3.085000e+00    8.081899e-01	    1.918101e-01	
    3.087500e+00    8.081896e-01	    1.918104e-01	
    3.090000e+00    8.081892e-01	    1.918108e-01	
    3.092500e+00    8.081888e-01	    1.918112e-01	
    3.095000e+00    8.081885e-01	    1.918115e-01	
    3.097500e+00    8.081880e-01	    1.918120e-01	
    3.100000e+00    8.081876e-01	    1.918124e-01	
    3.102500e+00    8.081872e-01	    1.918128e-01	
    3.105000e+00    8.081867e-01	    1.918133e-01	
    3.107500e+00    8.081863e-01	    1.918137e-01	
    3.110000e+00    8.081858e-01	    1.918142e-01	
    3.112500e+00    8.081853e-01	    1.918147e-01	
    3.115000e+00    8.081849e-01	    1.918151e-01	
    3.117500e+00    8.081844e-01	    1.918156e-01	
    3.120000e+00    8.081838e-01	    1.918162e-01	
    3.122500e+00    8.081833e-01	    1.918167e-01	
    3.125000e+00    8.081828e-01	    1.918172e-01	
    3.127500e+00    8.081823e-01	    1.918177e-01	
    3.130000e+00    8.081817e-01	    1.918183e-01	
    3.132500e+00    8.081811e-01	    1.918189e-01	
    3.135000e+00    8.081806e-01	    1.918194e-01	
    3.137500e+00    8.081800e-01	    1.918200e-01	
    3.140000e+00    8.081794e-01	    1.918206e-01	
    3.142500e+00    8.081788e-01	    1.918212e-01	
    3.145000e+00    8.081782e-01	    1.918218e-01	
    3.147500e+00    8.081776e-01	    1.918224e-01	
    3.150000e+00    8.081770e-01	    1.918230e-01	
    3.152500e+00    8.081764e-01	    1.918236e-01	
    3.155000e+00    8.081757e-01	    1.918243e-01	
    3.157500e+00    8.081751e-01	    1.918249e-01	
    3.160000e+00    8.081745e-01	    1.918255e-01	
    3.162500e+00    8.081738e-01	    1.918262e-01	
    3.165000e+00    8.081732e-01	    1.918268e-01	
    3.167500e+00    8.081725e-01	    1.918275e-01	
    3.170000e+00    8.081718e-01	    1.918282e-01	
    3.172500e+00    8.081712e-01	    1.918288e-01	
    3.175000e+00    8.081705e-01	    1.918295e-01	
    3.177500e+00    8.081698e-01	    1.918302e-01	
    3.180000e+00    8.081691e-01	    1.918309e-01	
    3.182500e+00    8.081684e-01	    1.918316e-01	
    3.185000e+00    8.081677e-01	    1.918323e-01	
    3.187500e+00    8.081670e-01	    1.918330e-01	
    3.190000e+00    8.081663e-01	    1.918337e-01	
    3.192500e+00    8.081656e-01	    1.918344e-01	
    3.195000e+00    8.081649e-01	    1.918351e-01	
    3.197500e+00    8.081642e-01	    1.918358e-01	
    3.200000e+00    8.081635e-01	    1.918365e-01	
    3.202500e+00    8.081627e-01	    1.918373e-01	
    3.205000e+00    8.081620e-01	    1.918380e-01	
    3.207500e+00    8.081613e-01	    1.918387e-01	
    3.210000e+00    8.081606e-01	    1.918394e-01	
    3.212500e+00    8.081598e-01	    1.918402e-01	
    3.215000e+00    8.081591e-01	    1.918409e-01	
    3.217500e+00    8.081584e-01	    1.918416e-01	
    3.220000e+00    8.081576e-01	    1.918424e-01	
    3.222500e+00    8.081569e-01	    1.918431e-01	
    3.225000e+00    8.081562e-01	    1.918438e-01	
    3.227500e+00    8.081554e-01	    1.918446e-01	
    3.230000e+00    8.081547e-01	    1.918453e-01	
    3.232500e+00    8.081540e-01	    1.918460e-01	
    3.235000e+00    8.081532e-01	    1.918468e-01	
    3.237500e+00    8.081525e-01	    1.918475e-01	
    3.240000e+00    8.081517e-01	    1.918483e-01	
    3.242500e+00    8.081510e-01	    1.918490e-01	
    3.245000e+00    8.081503e-01	    1.918497e-01	
    3.247500e+00    8.081495e-01	    1.918505e-01	
    3.250000e+00    8.081488e-01	    1.918512e-01	
    3.252500e+00    8.081481e-01	    1.918519e-01	
    3.255000e+00    8.081473e-01	    1.918527e-01	
    3.257500e+00    8.081466e-01	    1.918534e-01	
    3.260000e+00    8.081459e-01	    1.918541e-01	
    3.262500e+00    8.081452e-01	    1.918548e-01	
    3.265000e+00    8.081444e-01	    1.918556e-01	
    3.267500e+00    8.081437e-01	    1.918563e-01	
    3.270000e+00    8.081430e-01	    1.918570e-01	
    3.272500e+00    8.081423e-01	    1.918577e-01	
    3.275000e+00    8.081416e-01	    1.918584e-01	
    3.277500e+00    8.081408e-01	    1.918592e-01	
    3.280000e+00    8.081401e-01	    1.918599e-01	
    3.282500e+00    8.081394e-01	    1.918606e-01	
    3.285000e+00    8.081387e-01	    1.918613e-01	
    3.287500e+00    8.081380e-01	    1.918620e-01	
    3.290000e+00    8.081373e-01	    1.918627e-01	
    3.292500e+00    8.081366e-01	    1.918634e-01	
    3.295000e+00    8.081359e-01	    1.918641e-01	
    3.297500e+00    8.081353e-01	    1.918647e-01	
    3.300000e+00    8.081346e-01	    1.918654e-01	
    3.302500e+00    8.081339e-01	    1.918661e-01	
    3.305000e+00    8.081332e-01	    1.918668e-01	
    3.307500e+00    8.081326e-01	    1.918674e-01	
    3.310000e+00    8.081319e-01	    1.918681e-01	
    3.312500e+00    8.081313e-01	    1.918687e-01	
    3.315000e+00    8.081306e-01	    1.918694e-01	
    3.317500e+00    8.081300e-01	    1.918700e-01	
    3.320000e+00    8.081293e-01	    1.918707e-01	
    3.322500e+00    8.081287e-01	    1.918713e-01	
    3.325000e+00    8.081280e-01	    1.918720e-01	
    3.327500e+00    8.081274e-01	    1.918726e-01	
    3.330000e+00    8.081268e-01	    1.918732e-01	
    3.332500e+00    8.081262e-01	    1.918738e-01	
    3.335000e+00    8.081256e-01	    1.918744e-01	
    3.337500e+00    8.081250e-01	    1.918750e-01	
    3.340000e+00    8.081244e-01	    1.918756e-01	
    3.342500e+00    8.081238e-01	    1.918762e-01	
    3.345000e+00    8.081232e-01	    1.918768e-01	
    3.347500e+00    8.081227e-01	    1.918773e-01	
    3.350000e+00    8.081221e-01	    1.918779e-01	
    3.352500e+00    8.081215e-01	    1.918785e-01	
    3.355000e+00    8.081210e-01	    1.918790e-01	
    3.357500e+00    8.081204e-01	    1.918796e-01	
    3.360000e+00    8.081199e-01	    1.918801e-01	
    3.362500e+00    8.081194e-01	    1.918806e-01	
    3.365000e+00    8.081188e-01	    1.918812e-01	
    3.367500e+00    8.081183e-01	    1.918817e-01	
    3.370000e+00    8.081178e-01	    1.918822e-01	
    3.372500e+00    8.081173e-01	    1.918827e-01	
    3.375000e+00    8.081168e-01	    1.918832e-01	
    3.377500e+00    8.081163e-01	    1.918837e-01	
    3.380000e+00    8.081159e-01	    1.918841e-01	
    3.382500e+00    8.081154e-01	    1.918846e-01	
    3.385000e+00    8.081149e-01	    1.918851e-01	
    3.387500e+00    8.081145e-01	    1.918855e-01	
    3.390000e+00    8.081140e-01	    1.918860e-01	
    3.392500e+00    8.081136e-01	    1.918864e-01	
    3.395000e+00    8.081132e-01	    1.918868e-01	
    3.397500e+00    8.081128e-01	    1.918872e-01	
    3.400000e+00    8.081123e-01	    1.918877e-01	
    3.402500e+00    8.081119e-01	    1.918881e-01	
    3.405000e+00    8.081115e-01	    1.918885e-01	
    3.407500e+00    8.081112e-01	    1.918888e-01	
    3.410000e+00    8.081108e-01	    1.918892e-01	
    3.412500e+00    8.081104e-01	    1.918896e-01	
    3.415000e+00    8.081101e-01	    1.918899e-01	
    3.417500e+00    8.081097e-01	    1.918903e-01	
    3.420000e+00    8.081094e-01	    1.918906e-01	
    3.422500e+00    8.081091e-01	    1.918909e-01	
    3.425000e+00    8.081087e-01	    1.918913e-01	
    3.427500e+00    8.081084e-01	    1.918916e-01	
    3.430000e+00    8.081081e-01	    1.918919e-01	
    3.432500e+00    8.081078e-01	    1.918922e-01	
    3.435000e+00    8.081076e-01	    1.918924e-01	
    3.437500e+00    8.081073e-01	    1.918927e-01	
    3.440000e+00    8.081070e-01	    1.918930e-01	
    3.442500e+00    8.081068e-01	    1.918932e-01	
    3.445000e+00    8.081065e-01	    1.918935e-01	
    3.447500e+00    8.081063e-01	    1.918937e-01	
    3.450000e+00    8.081061e-01	    1.918939e-01	
    3.452500e+00    8.081059e-01	    1.918941e-01	
    3.455000e+00    8.081057e-01	    1.918943e-01	
    3.457500e+00    8.081055e-01	    1.918945e-01	
    3.460000e+00    8.081053e-01	    1.918947e-01	
    3.462500e+00    8.081051e-01	    1.918949e-01	
    3.465000e+00    8.081049e-01	    1.918951e-01	
    3.467500e+00    8.081048e-01	    1.918952e-01	
    3.470000e+00    8.081046e-01	    1.918954e-01	
    3.472500e+00    8.081045e-01	    1.918955e-01	
    3.475000e+00    8.081044e-01	    1.918956e-01	
    3.477500e+00    8.081043e-01	    1.918957e-01	
    3.480000e+00    8.081042e-01	    1.918958e-01	
    3.482500e+00    8.081041e-01	    1.918959e-01	
    3.485000e+00    8.081040e-01	    1.918960e-01	
    3.487500e+00    8.081039e-01	    1.918961e-01	
    3.490000e+00    8.081039e-01	    1.918961e-01	
    3.492500e+00    8.081038e-01	    1.918962e-01	
    3.495000e+00    8.081038e-01	    1.918962e-01	
    3.497500e+00    8.081037e-01	    1.918963e-01	
    3.500000e+00    8.081037e-01	    1.918963e-01	
    3.502500e+00    8.081037e-01	    1.918963e-01	
    3.505000e+00    8.081037e-01	    1.918963e-01	
    3.507500e+00    8.081037e-01	    1.918963e-01	
    3.510000e+00    8.081037e-01	    1.918963e-01	
    3.512500e+00    8.081038e-01	    1.918962e-01	
    3.515000e+00    8.081038e-01	    1.918962e-01	
    3.517500e+00    8.081039e-01	    1.918961e-01	
    3.520000e+00    8.081039e-01	    1.918961e-01	
    3.522500e+00    8.081040e-01	    1.918960e-01	
    3.525000e+00    8.081041e-01	    1.918959e-01	
    3.527500e+00    8.081042e-01	    1.918958e-01	
    3.530000e+00    8.081043e-01	    1.918957e-01	
    3.532500e+00    8.081044e-01	    1.918956e-01	
    3.535000e+00    8.081045e-01	    1.918955e-01	
    3.537500e+00    8.081046e-01	    1.918954e-01	
    3.540000e+00    8.081048e-01	    1.918952e-01	
    3.542500e+00    8.081049e-01	    1.918951e-01	
    3.545000e+00    8.081051e-01	    1.918949e-01	
    3.547500e+00    8.081052e-01	    1.918948e-01	
    3.550000e+00    8.081054e-01	    1.918946e-01	
    3.552500e+00    8.081056e-01	    1.918944e-01	
    3.555000e+00    8.081058e-01	    1.918942e-01	
    3.557500e+00    8.081060e-01	    1.918940e-01	
    3.560000e+00    8.081063e-01	    1.918937e-01	
    3.562500e+00    8.081065e-01	    1.918935e-01	
    3.565000e+00    8.081067e-01	    1.918933e-01	
    3.567500e+00    8.081070e-01	    1.918930e-01	
    3.570000e+00    8.081072e-01	    1.918928e-01	
    3.572500e+00    8.081075e-01	    1.918925e-01	
    3.575000e+00    8.081078e-01	    1.918922e-01	
    3.577500e+00    8.081081e-01	    1.918919e-01	
    3.580000e+00    8.081084e-01	    1.918916e-01	
    3.582500e+00    8.081087e-01	    1.918913e-01	
    3.585000e+00    8.081090e-01	    1.918910e-01	
    3.587500e+00    8.081093e-01	    1.918907e-01	
    3.590000e+00    8.081097e-01	    1.918903e-01	
    3.592500e+00    8.081100e-01	    1.918900e-01	
    3.595000e+00    8.081104e-01	    1.918896e-01	
    3.597500e+00    8.081107e-01	    1.918893e-01	
    3.600000e+00    8.081111e-01	    1.918889e-01	
    3.602500e+00    8.081115e-01	    1.918885e-01	
    3.605000e+00    8.081119e-01	    1.918881e-01	
    3.607500e+00    8.081123e-01	    1.918877e-01	
    3.610000e+00    8.081127e-01	    1.918873e-01	
    3.612500e+00    8.081131e-01	    1.918869e-01	
    3.615000e+00    8.081135e-01	    1.918865e-01	
    3.617500e+00    8.081140e-01	    1.918860e-01	
    3.620000e+00    8.081144e-01	    1.918856e-01	
    3.622500e+00    8.081149e-01	    1.918851e-01	
    3.625000e+00    8.081153e-01	    1.918847e-01	
    3.627500e+00    8.081158e-01	    1.918842e-01	
    3.630000e+00    8.081163e-01	    1.918837e-01	
    3.632500e+00    8.081168e-01	    1.918832e-01	
    3.635000e+00    8.081172e-01	    1.918828e-01	
    3.637500e+00    8.081178e-01	    1.918822e-01	
    3.640000e+00    8.081183e-01	    1.918817e-01	
    3.642500e+00    8.081188e-01	    1.918812e-01	
    3.645000e+00    8.081193e-01	    1.918807e-01	
    3.647500e+00    8.081198e-01	    1.918802e-01	
    3.650000e+00    8.081204e-01	    1.918796e-01	
    3.652500e+00    8.081209e-01	    1.918791e-01	
    3.655000e+00    8.081215e-01	    1.918785e-01	
    3.657500e+00    8.081221e-01	    1.918779e-01	
    3.660000e+00    8.081226e-01	    1.918774e-01	
    3.662500e+00    8.081232e-01	    1.918768e-01	
    3.665000e+00    8.081238e-01	    1.918762e-01	
    3.667500e+00    8.081244e-01	    1.918756e-01	
    3.670000e+00    8.081250e-01	    1.918750e-01	
    3.672500e+00    8.081256e-01	    1.918744e-01	
    3.675000e+00    8.081262e-01	    1.918738e-01	
    3.677500e+00    8.081269e-01	    1.918731e-01	
    3.680000e+00    8.081275e-01	    1.918725e-01	
    3.682500e+00    8.081281e-01	    1.918719e-01	
    3.685000e+00    8.081288e-01	    1.918712e-01	
    3.687500e+00    8.081294e-01	    1.918706e-01	
    3.690000e+00    8.081301e-01	    1.918699e-01	
    3.692500e+00    8.081308e-01	    1.918692e-01	
    3.695000e+00    8.081314e-01	    1.918686e-01	
    3.697500e+00    8.081321e-01	    1.918679e-01	
    3.700000e+00    8.081328e-01	    1.918672e-01	
    3.702500e+00    8.081335e-01	    1.918665e-01	
    3.705000e+00    8.081342e-01	    1.918658e-01	
    3.707500e+00    8.081349e-01	    1.918651e-01	
    3.710000e+00    8.081356e-01	    1.918644e-01	
    3.712500e+00    8.081363e-01	    1.918637e-01	
    3.715000e+00    8.081370e-01	    1.918630e-01	
    3.717500e+00    8.081378e-01	    1.918622e-01	
    3.720000e+00    8.081385e-01	    1.918615e-01	
    3.722500e+00    8.081392e-01	    1.918608e-01	
    3.725000e+00    8.081400e-01	    1.918600e-01	
    3.727500e+00    8.081407e-01	    1.918593e-01	
    3.730000e+00    8.081415e-01	    1.918585e-01	
    3.732500e+00    8.081422e-01	    1.918578e-01	
    3.735000e+00    8.081430e-01	    1.918570e-01	
    3.737500e+00    8.081438e-01	    1.918562e-01	
    3.740000e+00    8.081445e-01	    1.918555e-01	
    3.742500e+00    8.081453e-01	    1.918547e-01	
    3.745000e+00    8.081461e-01	    1.918539e-01	
    3.747500e+00    8.081469e-01	    1.918531e-01	
    3.750000e+00    8.081477e-01	    1.918523e-01	
    3.752500e+00    8.081485e-01	    1.918515e-01	
    3.755000e+00    8.081493e-01	    1.918507e-01	
    3.757500e+00    8.081501e-01	    1.918499e-01	
    3.760000e+00    8.081509e-01	    1.918491e-01	
    3.762500e+00    8.081517e-01	    1.918483e-01	
    3.765000e+00    8.081525e-01	    1.918475e-01	
    3.767500e+00    8.081534e-01	    1.918466e-01	
    3.770000e+00    8.081542e-01	    1.918458e-01	
    3.772500e+00    8.081550e-01	    1.918450e-01	
    3.775000e+00    8.081558e-01	    1.918442e-01	
    3.777500e+00    8.081567e-01	    1.918433e-01	
    3.780000e+00    8.081575e-01	    1.918425e-01	
    3.782500e+00    8.081584e-01	    1.918416e-01	
    3.785000e+00    8.081592e-01	    1.918408e-01	
    3.787500e+00    8.081601e-01	    1.918399e-01	
    3.790000e+00    8.081609e-01	    1.918391e-01	
    3.792500e+00    8.081618e-01	    1.918382e-01	
    3.795000e+00    8.081626e-01	    1.918374e-01	
    3.797500e+00    8.081635e-01	    1.918365e-01	
    3.800000e+00    8.081644e-01	    1.918356e-01	
    3.802500e+00    8.081652e-01	    1.918348e-01	
    3.805000e+00    8.081661e-01	    1.918339e-01	
    3.807500e+00    8.081670e-01	    1.918330e-01	
    3.810000e+00    8.081678e-01	    1.918322e-01	
    3.812500e+00    8.081687e-01	    1.918313e-01	
    3.815000e+00    8.081696e-01	    1.918304e-01	
    3.817500e+00    8.081705e-01	    1.918295e-01	
    3.820000e+00    8.081714e-01	    1.918286e-01	
    3.822500e+00    8.081723e-01	    1.918277e-01	
    3.825000e+00    8.081731e-01	    1.918269e-01	
    3.827500e+00    8.081740e-01	    1.918260e-01	
    3.830000e+00    8.081749e-01	    1.918251e-01	
    3.832500e+00    8.081758e-01	    1.918242e-01	
    3.835000e+00    8.081767e-01	    1.918233e-01	
    3.837500e+00    8.081776e-01	    1.918224e-01	
    3.840000e+00    8.081785e-01	    1.918215e-01	
    3.842500e+00    8.081794e-01	    1.918206e-01	
    3.845000e+00    8.081803e-01	    1.918197e-01	
    3.847500e+00    8.081812e-01	    1.918188e-01	
    3.850000e+00    8.081821e-01	    1.918179e-01	
    3.852500e+00    8.081830e-01	    1.918170e-01	
    3.855000e+00    8.081839e-01	    1.918161e-01	
    3.857500e+00    8.081848e-01	    1.918152e-01	
    3.860000e+00    8.081857e-01	    1.918143e-01	
    3.862500e+00    8.081866e-01	    1.918134e-01	
    3.865000e+00    8.081875e-01	    1.918125e-01	
    3.867500e+00    8.081884e-01	    1.918116e-01	
    3.870000e+00    8.081893e-01	    1.918107e-01	
    3.872500e+00    8.081903e-01	    1.918097e-01	
    3.875000e+00    8.081912e-01	    1.918088e-01	
    3.877500e+00    8.081921e-01	    1.918079e-01	
    3.880000e+00    8.081930e-01	    1.918070e-01	
    3.882500e+00    8.081939e-01	    1.918061e-01	
    3.885000e+00    8.081948e-01	    1.918052e-01	
    3.887500e+00    8.081957e-01	    1.918043e-01	
    3.890000e+00    8.081966e-01	    1.918034e-01	
    3.892500e+00    8.081975e-01	    1.918025e-01	
    3.895000e+00    8.081984e-01	    1.918016e-01	
    3.897500e+00    8.081993e-01	    1.918007e-01	
    3.900000e+00    8.082002e-01	    1.917998e-01	
    3.902500e+00    8.082011e-01	    1.917989e-01	
    3.905000e+00    8.082021e-01	    1.917979e-01	
    3.907500e+00    8.082030e-01	    1.917970e-01	
    3.910000e+00    8.082039e-01	    1.917961e-01	
    3.912500e+00    8.082048e-01	    1.917952e-01	
    3.915000e+00    8.082057e-01	    1.917943e-01	
    3.917500e+00    8.082066e-01	    1.917934e-01	
    3.920000e+00    8.082075e-01	    1.917925e-01	
    3.922500e+00    8.082084e-01	    1.917916e-01	
    3.925000e+00    8.082093e-01	    1.917907e-01	
    3.927500e+00    8.082102e-01	    1.917898e-01	
    3.930000e+00    8.082111e-01	    1.917889e-01	
    3.932500e+00    8.082120e-01	    1.917880e-01	
    3.935000e+00    8.082128e-01	    1.917872e-01	
    3.937500e+00    8.082137e-01	    1.917863e-01	
    3.940000e+00    8.082146e-01	    1.917854e-01	
    3.942500e+00    8.082155e-01	    1.917845e-01	
    3.945000e+00    8.082164e-01	    1.917836e-01	
    3.947500e+00    8.082173e-01	    1.917827e-01	
    3.950000e+00    8.082182e-01	    1.917818e-01	
    3.952500e+00    8.082191e-01	    1.917809e-01	
    3.955000e+00    8.082199e-01	    1.917801e-01	
    3.957500e+00    8.082208e-01	    1.917792e-01	
    3.960000e+00    8.082217e-01	    1.917783e-01	
    3.962500e+00    8.082226e-01	    1.917774e-01	
    3.965000e+00    8.082234e-01	    1.917766e-01	
    3.967500e+00    8.082243e-01	    1.917757e-01	
    3.970000e+00    8.082252e-01	    1.917748e-01	
    3.972500e+00    8.082260e-01	    1.917740e-01	
    3.975000e+00    8.082269e-01	    1.917731e-01	
    3.977500e+00    8.082278e-01	    1.917722e-01	
    3.980000e+00    8.082286e-01	    1.917714e-01	
    3.982500e+00    8.082295e-01	    1.917705e-01	
    3.985000e+00    8.082303e-01	    1.917697e-01	
    3.987500e+00    8.082312e-01	    1.917688e-01	
    3.990000e+00    8.082320e-01	    1.917680e-01	
    3.992500e+00    8.082329e-01	    1.917671e-01	
    3.995000e+00    8.082337e-01	    1.917663e-01	
    3.997500e+00    8.082346e-01	    1.917654e-01	
    4.000000e+00    8.082354e-01	    1.917646e-01	
    4.002500e+00    8.082362e-01	    1.917638e-01	
    4.005000e+00    8.082371e-01	    1.917629e-01	
    4.007500e+00    8.082379e-01	    1.917621e-01	
    4.010000e+00    8.082387e-01	    1.917613e-01	
    4.012500e+00    8.082395e-01	    1.917605e-01	
    4.015000e+00    8.082404e-01	    1.917596e-01	
    4.017500e+00    8.082412e-01	    1.917588e-01	
    4.020000e+00    8.082420e-01	    1.917580e-01	
    4.022500e+00    8.082428e-01	    1.917572e-01	
    4.025000e+00    8.082436e-01	    1.917564e-01	
    4.027500e+00    8.082444e-01	    1.917556e-01	
    4.030000e+00    8.082452e-01	    1.917548e-01	
    4.032500e+00    8.082460e-01	    1.917540e-01	
    4.035000e+00    8.082468e-01	    1.917532e-01	
    4.037500e+00    8.082476e-01	    1.917524e-01	
    4.040000e+00    8.082484e-01	    1.917516e-01	
    4.042500e+00    8.082492e-01	    1.917508e-01	
    4.045000e+00    8.082500e-01	    1.917500e-01	
    4.047500e+00    8.082508e-01	    1.917492e-01	
    4.050000e+00    8.082516e-01	    1.917484e-01	
    4.052500e+00    8.082523e-01	    1.917477e-01	
    4.055000e+00    8.082531e-01	    1.917469e-01	
    4.057500e+00    8.082539e-01	    1.917461e-01	
    4.060000e+00    8.082546e-01	    1.917454e-01	
    4.062500e+00    8.082554e-01	    1.917446e-01	
    4.065000e+00    8.082562e-01	    1.917438e-01	
    4.067500e+00    8.082569e-01	    1.917431e-01	
    4.070000e+00    8.082577e-01	    1.917423e-01	
    4.072500e+00    8.082584e-01	    1.917416e-01	
    4.075000e+00    8.082591e-01	    1.917409e-01	
    4.077500e+00    8.082599e-01	    1.917401e-01	
    4.080000e+00    8.082606e-01	    1.917394e-01	
    4.082500e+00    8.082614e-01	    1.917386e-01	
    4.085000e+00    8.082621e-01	    1.917379e-01	
    4.087500e+00    8.082628e-01	    1.917372e-01	
    4.090000e+00    8.082635e-01	    1.917365e-01	
    4.092500e+00    8.082643e-01	    1.917357e-01	
    4.095000e+00    8.082650e-01	    1.917350e-01	
    4.097500e+00    8.082657e-01	    1.917343e-01	
    4.100000e+00    8.082664e-01	    1.917336e-01	
    4.102500e+00    8.082671e-01	    1.917329e-01	
    4.105000e+00    8.082678e-01	    1.917322e-01	
    4.107500e+00    8.082685e-01	    1.917315e-01	
    4.110000e+00    8.082692e-01	    1.917308e-01	
    4.112500e+00    8.082699e-01	    1.917301e-01	
    4.115000e+00    8.082706e-01	    1.917294e-01	
    4.117500e+00    8.082712e-01	    1.917288e-01	
    4.120000e+00    8.082719e-01	    1.917281e-01	
    4.122500e+00    8.082726e-01	    1.917274e-01	
    4.125000e+00    8.082733e-01	    1.917267e-01	
    4.127500e+00    8.082739e-01	    1.917261e-01	
    4.130000e+00    8.082746e-01	    1.917254e-01	
    4.132500e+00    8.082753e-01	    1.917247e-01	
    4.135000e+00    8.082759e-01	    1.917241e-01	
    4.137500e+00    8.082766e-01	    1.917234e-01	
    4.140000e+00    8.082772e-01	    1.917228e-01	
    4.142500e+00    8.082779e-01	    1.917221e-01	
    4.145000e+00    8.082785e-01	    1.917215e-01	
    4.147500e+00    8.082791e-01	    1.917209e-01	
    4.150000e+00    8.082798e-01	    1.917202e-01	
    4.152500e+00    8.082804e-01	    1.917196e-01	
    4.155000e+00    8.082810e-01	    1.917190e-01	
    4.157500e+00    8.082817e-01	    1.917183e-01	
    4.160000e+00    8.082823e-01	    1.917177e-01	
    4.162500e+00    8.082829e-01	    1.917171e-01	
    4.165000e+00    8.082835e-01	    1.917165e-01	
    4.167500e+00    8.082841e-01	    1.917159e-01	
    4.170000e+00    8.082847e-01	    1.917153e-01	
    4.172500e+00    8.082853e-01	    1.917147e-01	
    4.175000e+00    8.082859e-01	    1.917141e-01	
    4.177500e+00    8.082865e-01	    1.917135e-01	
    4.180000e+00    8.082871e-01	    1.917129e-01	
    4.182500e+00    8.082877e-01	    1.917123e-01	
    4.185000e+00    8.082883e-01	    1.917117e-01	
    4.187500e+00    8.082889e-01	    1.917111e-01	
    4.190000e+00    8.082894e-01	    1.917106e-01	
    4.192500e+00    8.082900e-01	    1.917100e-01	
    4.195000e+00    8.082906e-01	    1.917094e-01	
    4.197500e+00    8.082912e-01	    1.917088e-01	
    4.200000e+00    8.082917e-01	    1.917083e-01	
    4.202500e+00    8.082923e-01	    1.917077e-01	
    4.205000e+00    8.082928e-01	    1.917072e-01	
    4.207500e+00    8.082934e-01	    1.917066e-01	
    4.210000e+00    8.082939e-01	    1.917061e-01	
    4.212500e+00    8.082945e-01	    1.917055e-01	
    4.215000e+00    8.082950e-01	    1.917050e-01	
    4.217500e+00    8.082956e-01	    1.917044e-01	
    4.220000e+00    8.082961e-01	    1.917039e-01	
    4.222500e+00    8.082966e-01	    1.917034e-01	
    4.225000e+00    8.082972e-01	    1.917028e-01	
    4.227500e+00    8.082977e-01	    1.917023e-01	
    4.230000e+00    8.082982e-01	    1.917018e-01	
    4.232500e+00    8.082987e-01	    1.917013e-01	
    4.235000e+00    8.082992e-01	    1.917008e-01	
    4.237500e+00    8.082998e-01	    1.917002e-01	
    4.240000e+00    8.083003e-01	    1.916997e-01	
    4.242500e+00    8.083008e-01	    1.916992e-01	
    4.245000e+00    8.083013e-01	    1.916987e-01	
    4.247500e+00    8.083018e-01	    1.916982e-01	
    4.250000e+00    8.083023e-01	    1.916977e-01	
    4.252500e+00    8.083028e-01	    1.916972e-01	
    4.255000e+00    8.083032e-01	    1.916968e-01	
    4.257500e+00    8.083037e-01	    1.916963e-01	
    4.260000e+00    8.083042e-01	    1.916958e-01	
    4.262500e+00    8.083047e-01	    1.916953e-01	
    4.265000e+00    8.083052e-01	    1.916948e-01	
    4.267500e+00    8.083057e-01	    1.916943e-01	
    4.270000e+00    8.083061e-01	    1.916939e-01	
    4.272500e+00    8.083066e-01	    1.916934e-01	
    4.275000e+00    8.083071e-01	    1.916929e-01	
    4.277500e+00    8.083075e-01	    1.916925e-01	
    4.280000e+00    8.083080e-01	    1.916920e-01	
    4.282500e+00    8.083084e-01	    1.916916e-01	
    4.285000e+00    8.083089e-01	    1.916911e-01	
    4.287500e+00    8.083094e-01	    1.916906e-01	
    4.290000e+00    8.083098e-01	    1.916902e-01	
    4.292500e+00    8.083103e-01	    1.916897e-01	
    4.295000e+00    8.083107e-01	    1.916893e-01	
    4.297500e+00    8.083111e-01	    1.916889e-01	
    4.300000e+00    8.083116e-01	    1.916884e-01	
    4.302500e+00    8.083120e-01	    1.916880e-01	
    4.305000e+00    8.083124e-01	    1.916876e-01	
    4.307500e+00    8.083129e-01	    1.916871e-01	
    4.310000e+00    8.083133e-01	    1.916867e-01	
    4.312500e+00    8.083137e-01	    1.916863e-01	
    4.315000e+00    8.083142e-01	    1.916858e-01	
    4.317500e+00    8.083146e-01	    1.916854e-01	
    4.320000e+00    8.083150e-01	    1.916850e-01	
    4.322500e+00    8.083154e-01	    1.916846e-01	
    4.325000e+00    8.083158e-01	    1.916842e-01	
    4.327500e+00    8.083162e-01	    1.916838e-01	
    4.330000e+00    8.083166e-01	    1.916834e-01	
    4.332500e+00    8.083171e-01	    1.916829e-01	
    4.335000e+00    8.083175e-01	    1.916825e-01	
    4.337500e+00    8.083179e-01	    1.916821e-01	
    4.340000e+00    8.083183e-01	    1.916817e-01	
    4.342500e+00    8.083187e-01	    1.916813e-01	
    4.345000e+00    8.083191e-01	    1.916809e-01	
    4.347500e+00    8.083194e-01	    1.916806e-01	
    4.350000e+00    8.083198e-01	    1.916802e-01	
    4.352500e+00    8.083202e-01	    1.916798e-01	
    4.355000e+00    8.083206e-01	    1.916794e-01	
    4.357500e+00    8.083210e-01	    1.916790e-01	
    4.360000e+00    8.083214e-01	    1.916786e-01	
    4.362500e+00    8.083218e-01	    1.916782e-01	
    4.365000e+00    8.083221e-01	    1.916779e-01	
    4.367500e+00    8.083225e-01	    1.916775e-01	
    4.370000e+00    8.083229e-01	    1.916771e-01	
    4.372500e+00    8.083233e-01	    1.916767e-01	
    4.375000e+00    8.083236e-01	    1.916764e-01	
    4.377500e+00    8.083240e-01	    1.916760e-01	
    4.380000e+00    8.083244e-01	    1.916756e-01	
    4.382500e+00    8.083247e-01	    1.916753e-01	
    4.385000e+00    8.083251e-01	    1.916749e-01	
    4.387500e+00    8.083255e-01	    1.916745e-01	
    4.390000e+00    8.083258e-01	    1.916742e-01	
    4.392500e+00    8.083262e-01	    1.916738e-01	
    4.395000e+00    8.083265e-01	    1.916735e-01	
    4.397500e+00    8.083269e-01	    1.916731e-01	
    4.400000e+00    8.083272e-01	    1.916728e-01	
    4.402500e+00    8.083276e-01	    1.916724e-01	
    4.405000e+00    8.083279e-01	    1.916721e-01	
    4.407500e+00    8.083283e-01	    1.916717e-01	
    4.410000e+00    8.083286e-01	    1.916714e-01	
    4.412500e+00    8.083290e-01	    1.916710e-01	
