    0.000000e+00    1.0000000000e+00    0.0000000000e+00
    2.000000e-02    9.9960032458e-01    3.9967541832e-04
    4.000000e-02    9.9840517942e-01    1.5948205750e-03
    6.000000e-02    9.9642610570e-01    3.5738943002e-03
    8.000000e-02    9.9368200597e-01    6.3179940281e-03
    1.000000e-01    9.9019866874e-01    9.8013312572e-03
    1.200000e-01    9.8600814541e-01    1.3991854589e-02
    1.400000e-01    9.8114801587e-01    1.8851984134e-02
    1.600000e-01    9.7566058244e-01    2.4339417564e-02
    1.800000e-01    9.6959203215e-01    3.0407967854e-02
    2.000000e-01    9.6299160463e-01    3.7008395373e-02
    2.200000e-01    9.5591079820e-01    4.4089201800e-02
    2.400000e-01    9.4840264015e-01    5.1597359853e-02
    2.600000e-01    9.4052103980e-01    5.9478960201e-02
    2.800000e-01    9.3232023543e-01    6.7679764570e-02
    3.000000e-01    9.2385433863e-01    7.6145661372e-02
    3.200000e-01    9.1517697332e-01    8.4823026684e-02
    3.400000e-01    9.0634100123e-01    9.3658998775e-02
    3.600000e-01    8.9739832149e-01    1.0260167851e-01
    3.800000e-01    8.8839972932e-01    1.1160027068e-01
    4.000000e-01    8.7939481733e-01    1.2060518267e-01
    4.200000e-01    8.7043190278e-01    1.2956809722e-01
    4.400000e-01    8.6155796511e-01    1.3844203489e-01
    4.600000e-01    8.5281857942e-01    1.4718142058e-01
    4.800000e-01    8.4425783437e-01    1.5574216563e-01
    5.000000e-01    8.3591822521e-01    1.6408177479e-01
    5.200000e-01    8.2784051601e-01    1.7215948399e-01
    5.400000e-01    8.2006356809e-01    1.7993643191e-01
    5.600000e-01    8.1262413446e-01    1.8737586554e-01
    5.800000e-01    8.0555662312e-01    1.9444337688e-01
    6.000000e-01    7.9889283431e-01    2.0110716569e-01
    6.200000e-01    7.9266167918e-01    2.0733832082e-01
    6.400000e-01    7.8688888868e-01    2.1311111132e-01
    6.600000e-01    7.8159672321e-01    2.1840327679e-01
    6.800000e-01    7.7680369379e-01    2.2319630621e-01
    7.000000e-01    7.7252430624e-01    2.2747569376e-01
    7.200000e-01    7.6876883935e-01    2.3123116065e-01
    7.400000e-01    7.6554316732e-01    2.3445683268e-01
    7.600000e-01    7.6284863589e-01    2.3715136411e-01
    7.800000e-01    7.6068199975e-01    2.3931800025e-01
    8.000000e-01    7.5903542721e-01    2.4096457279e-01
    8.200000e-01    7.5789657606e-01    2.4210342394e-01
    8.400000e-01    7.5724874223e-01    2.4275125777e-01
    8.600000e-01    7.5707108077e-01    2.4292891923e-01
    8.800000e-01    7.5733889617e-01    2.4266110383e-01
    9.000000e-01    7.5802399721e-01    2.4197600279e-01
    9.200000e-01    7.5909510917e-01    2.4090489083e-01
    9.400000e-01    7.6051833483e-01    2.3948166517e-01
    9.600000e-01    7.6225765414e-01    2.3774234586e-01
    9.800000e-01    7.6427545146e-01    2.3572454854e-01
    1.000000e+00    7.6653305847e-01    2.3346694153e-01
    1.020000e+00    7.6899130106e-01    2.3100869894e-01
    1.040000e+00    7.7161103798e-01    2.2838896202e-01
    1.060000e+00    7.7435368038e-01    2.2564631962e-01
    1.080000e+00    7.7718168150e-01    2.2281831850e-01
    1.100000e+00    7.8005898762e-01    2.1994101238e-01
    1.120000e+00    7.8295144218e-01    2.1704855782e-01
    1.140000e+00    7.8582713704e-01    2.1417286296e-01
    1.160000e+00    7.8865670630e-01    2.1134329370e-01
    1.180000e+00    7.9141355977e-01    2.0858644023e-01
    1.200000e+00    7.9407405520e-01    2.0592594480e-01
    1.220000e+00    7.9661760951e-01    2.0338239049e-01
    1.240000e+00    7.9902675134e-01    2.0097324866e-01
    1.260000e+00    8.0128711799e-01    1.9871288201e-01
    1.280000e+00    8.0338740138e-01    1.9661259862e-01
    1.300000e+00    8.0531924822e-01    1.9468075178e-01
    1.320000e+00    8.0707712036e-01    1.9292287964e-01
    1.340000e+00    8.0865812168e-01    1.9134187832e-01
    1.360000e+00    8.1006179794e-01    1.8993820206e-01
    1.380000e+00    8.1128991604e-01    1.8871008396e-01
    1.400000e+00    8.1234622891e-01    1.8765377109e-01
    1.420000e+00    8.1323623196e-01    1.8676376804e-01
    1.440000e+00    8.1396691639e-01    1.8603308361e-01
    1.460000e+00    8.1454652441e-01    1.8545347559e-01
    1.480000e+00    8.1498431052e-01    1.8501568948e-01
    1.500000e+00    8.1529031266e-01    1.8470968734e-01
    1.520000e+00    8.1547513632e-01    1.8452486368e-01
    1.540000e+00    8.1554975380e-01    1.8445024620e-01
    1.560000e+00    8.1552532066e-01    1.8447467934e-01
    1.580000e+00    8.1541301035e-01    1.8458698965e-01
    1.600000e+00    8.1522386754e-01    1.8477613246e-01
    1.620000e+00    8.1496868044e-01    1.8503131956e-01
    1.640000e+00    8.1465787159e-01    1.8534212841e-01
    1.660000e+00    8.1430140652e-01    1.8569859348e-01
    1.680000e+00    8.1390871940e-01    1.8609128060e-01
    1.700000e+00    8.1348865454e-01    1.8651134546e-01
    1.720000e+00    8.1304942251e-01    1.8695057749e-01
    1.740000e+00    8.1259856966e-01    1.8740143034e-01
    1.760000e+00    8.1214295960e-01    1.8785704040e-01
    1.780000e+00    8.1168876553e-01    1.8831123447e-01
    1.800000e+00    8.1124147191e-01    1.8875852809e-01
    1.820000e+00    8.1080588449e-01    1.8919411551e-01
    1.840000e+00    8.1038614739e-01    1.8961385261e-01
    1.860000e+00    8.0998576625e-01    1.9001423375e-01
    1.880000e+00    8.0960763634e-01    1.9039236366e-01
    1.900000e+00    8.0925407494e-01    1.9074592506e-01
    1.920000e+00    8.0892685681e-01    1.9107314319e-01
    1.940000e+00    8.0862725225e-01    1.9137274775e-01
    1.960000e+00    8.0835606689e-01    1.9164393311e-01
    1.980000e+00    8.0811368259e-01    1.9188631741e-01
    2.000000e+00    8.0790009886e-01    1.9209990114e-01
    2.020000e+00    8.0771497424e-01    1.9228502576e-01
    2.040000e+00    8.0755766716e-01    1.9244233284e-01
    2.060000e+00    8.0742727586e-01    1.9257272414e-01
    2.080000e+00    8.0732267697e-01    1.9267732303e-01
    2.100000e+00    8.0724256234e-01    1.9275743766e-01
    2.120000e+00    8.0718547403e-01    1.9281452597e-01
    2.140000e+00    8.0714983709e-01    1.9285016291e-01
    2.160000e+00    8.0713399011e-01    1.9286600989e-01
    2.180000e+00    8.0713621341e-01    1.9286378659e-01
    2.200000e+00    8.0715475499e-01    1.9284524501e-01
    2.220000e+00    8.0718785403e-01    1.9281214597e-01
    2.240000e+00    8.0723376227e-01    1.9276623773e-01
    2.260000e+00    8.0729076312e-01    1.9270923688e-01
    2.280000e+00    8.0735718867e-01    1.9264281133e-01
    2.300000e+00    8.0743143449e-01    1.9256856551e-01
    2.320000e+00    8.0751197241e-01    1.9248802759e-01
    2.340000e+00    8.0759736112e-01    1.9240263888e-01
    2.360000e+00    8.0768625466e-01    1.9231374534e-01
    2.380000e+00    8.0777740889e-01    1.9222259111e-01
    2.400000e+00    8.0786968579e-01    1.9213031421e-01
    2.420000e+00    8.0796205596e-01    1.9203794404e-01
    2.440000e+00    8.0805359914e-01    1.9194640086e-01
    2.460000e+00    8.0814350318e-01    1.9185649682e-01
    2.480000e+00    8.0823106146e-01    1.9176893854e-01
    2.500000e+00    8.0831566904e-01    1.9168433096e-01
    2.520000e+00    8.0839681779e-01    1.9160318221e-01
    2.540000e+00    8.0847409060e-01    1.9152590940e-01
    2.560000e+00    8.0854715495e-01    1.9145284505e-01
    2.580000e+00    8.0861575600e-01    1.9138424400e-01
    2.600000e+00    8.0867970934e-01    1.9132029066e-01
    2.620000e+00    8.0873889361e-01    1.9126110639e-01
    2.640000e+00    8.0879324311e-01    1.9120675689e-01
    2.660000e+00    8.0884274054e-01    1.9115725946e-01
    2.680000e+00    8.0888741005e-01    1.9111258995e-01
    2.700000e+00    8.0892731068e-01    1.9107268932e-01
    2.720000e+00    8.0896253036e-01    1.9103746964e-01
    2.740000e+00    8.0899318056e-01    1.9100681944e-01
    2.760000e+00    8.0901939157e-01    1.9098060843e-01
    2.780000e+00    8.0904130866e-01    1.9095869134e-01
    2.800000e+00    8.0905908894e-01    1.9094091106e-01
    2.820000e+00    8.0907289899e-01    1.9092710101e-01
    2.840000e+00    8.0908291320e-01    1.9091708680e-01
    2.860000e+00    8.0908931279e-01    1.9091068721e-01
    2.880000e+00    8.0909228533e-01    1.9090771467e-01
    2.900000e+00    8.0909202466e-01    1.9090797534e-01
    2.920000e+00    8.0908873116e-01    1.9091126884e-01
    2.940000e+00    8.0908261212e-01    1.9091738788e-01
    2.960000e+00    8.0907388207e-01    1.9092611793e-01
    2.980000e+00    8.0906276312e-01    1.9093723688e-01
    3.000000e+00    8.0904948492e-01    1.9095051508e-01
    3.020000e+00    8.0903428435e-01    1.9096571565e-01
    3.040000e+00    8.0901740481e-01    1.9098259519e-01
    3.060000e+00    8.0899909508e-01    1.9100090492e-01
    3.080000e+00    8.0897960778e-01    1.9102039222e-01
    3.100000e+00    8.0895919744e-01    1.9104080256e-01
    3.120000e+00    8.0893811827e-01    1.9106188173e-01
    3.140000e+00    8.0891662179e-01    1.9108337821e-01
    3.160000e+00    8.0889495435e-01    1.9110504565e-01
    3.180000e+00    8.0887335474e-01    1.9112664526e-01
    3.200000e+00    8.0885205196e-01    1.9114794804e-01
    3.220000e+00    8.0883126331e-01    1.9116873669e-01
    3.240000e+00    8.0881119280e-01    1.9118880720e-01
    3.260000e+00    8.0879202999e-01    1.9120797001e-01
    3.280000e+00    8.0877394919e-01    1.9122605081e-01
    3.300000e+00    8.0875710905e-01    1.9124289095e-01
    3.320000e+00    8.0874165235e-01    1.9125834765e-01
    3.340000e+00    8.0872770598e-01    1.9127229402e-01
    3.360000e+00    8.0871538092e-01    1.9128461908e-01
    3.380000e+00    8.0870477220e-01    1.9129522780e-01
    3.400000e+00    8.0869595857e-01    1.9130404143e-01
    3.420000e+00    8.0868900215e-01    1.9131099785e-01
    3.440000e+00    8.0868394765e-01    1.9131605235e-01
    3.460000e+00    8.0868082166e-01    1.9131917834e-01
    3.480000e+00    8.0867963172e-01    1.9132036828e-01
    3.500000e+00    8.0868036552e-01    1.9131963448e-01
    3.520000e+00    8.0868299033e-01    1.9131700967e-01
    3.540000e+00    8.0868745271e-01    1.9131254729e-01
    3.560000e+00    8.0869367873e-01    1.9130632127e-01
    3.580000e+00    8.0870157457e-01    1.9129842543e-01
    3.600000e+00    8.0871102782e-01    1.9128897218e-01
    3.620000e+00    8.0872190914e-01    1.9127809086e-01
    3.640000e+00    8.0873407445e-01    1.9126592555e-01
    3.660000e+00    8.0874736742e-01    1.9125263258e-01
    3.680000e+00    8.0876162220e-01    1.9123837780e-01
    3.700000e+00    8.0877666623e-01    1.9122333377e-01
    3.720000e+00    8.0879232312e-01    1.9120767688e-01
    3.740000e+00    8.0880841533e-01    1.9119158467e-01
    3.760000e+00    8.0882476685e-01    1.9117523315e-01
    3.780000e+00    8.0884120560e-01    1.9115879440e-01
    3.800000e+00    8.0885756575e-01    1.9114243425e-01
    3.820000e+00    8.0887368988e-01    1.9112631012e-01
    3.840000e+00    8.0888943098e-01    1.9111056902e-01
    3.860000e+00    8.0890465442e-01    1.9109534558e-01
    3.880000e+00    8.0891923967e-01    1.9108076033e-01
    3.900000e+00    8.0893308197e-01    1.9106691803e-01
    3.920000e+00    8.0894609368e-01    1.9105390632e-01
    3.940000e+00    8.0895820532e-01    1.9104179468e-01
    3.960000e+00    8.0896936622e-01    1.9103063378e-01
    3.980000e+00    8.0897954466e-01    1.9102045534e-01
