    0.000000e+00             nan
    2.000000e-02    5.108930e-04
    4.000000e-02    3.616548e-03
    6.000000e-02    9.018611e-03
    8.000000e-02    1.555719e-02
    1.000000e-01    2.253641e-02
    1.200000e-01    2.962041e-02
    1.400000e-01    3.665523e-02
    1.600000e-01    4.357215e-02
    1.800000e-01    5.034208e-02
    2.000000e-01    5.695493e-02
    2.200000e-01    6.340997e-02
    2.400000e-01    6.971108e-02
    2.600000e-01    7.586436e-02
    2.800000e-01    8.187681e-02
    3.000000e-01    8.775565e-02
    3.200000e-01    9.350793e-02
    3.400000e-01    9.914033e-02
    3.600000e-01    1.046590e-01
    3.800000e-01    1.100697e-01
    4.000000e-01    1.153776e-01
    4.200000e-01    1.205874e-01
    4.400000e-01    1.257035e-01
    4.600000e-01    1.307298e-01
    4.800000e-01    1.356699e-01
    5.000000e-01    1.405272e-01
    5.200000e-01    1.453046e-01
    5.400000e-01    1.500050e-01
    5.600000e-01    1.546310e-01
    5.800000e-01    1.591850e-01
    6.000000e-01    1.636693e-01
    6.200000e-01    1.680861e-01
    6.400000e-01    1.724373e-01
    6.600000e-01    1.767249e-01
    6.800000e-01    1.809505e-01
    7.000000e-01    1.851161e-01
    7.200000e-01    1.892230e-01
    7.400000e-01    1.932730e-01
    7.600000e-01    1.972675e-01
    7.800000e-01    2.012079e-01
    8.000000e-01    2.050955e-01
    8.200000e-01    2.089317e-01
    8.400000e-01    2.127177e-01
    8.600000e-01    2.164547e-01
    8.800000e-01    2.201438e-01
    9.000000e-01    2.237863e-01
    9.200000e-01    2.273830e-01
    9.400000e-01    2.309352e-01
    9.600000e-01    2.344437e-01
    9.800000e-01    2.379095e-01
    1.000000e+00    2.413336e-01
    1.020000e+00    2.447168e-01
    1.040000e+00    2.480600e-01
    1.060000e+00    2.513640e-01
    1.080000e+00    2.546297e-01
    1.100000e+00    2.578579e-01
    1.120000e+00    2.610492e-01
    1.140000e+00    2.642044e-01
    1.160000e+00    2.673243e-01
    1.180000e+00    2.704096e-01
    1.200000e+00    2.734608e-01
    1.220000e+00    2.764787e-01
    1.240000e+00    2.794638e-01
    1.260000e+00    2.824168e-01
    1.280000e+00    2.853383e-01
    1.300000e+00    2.882288e-01
    1.320000e+00    2.910889e-01
    1.340000e+00    2.939191e-01
    1.360000e+00    2.967199e-01
    1.380000e+00    2.994920e-01
    1.400000e+00    3.022356e-01
    1.420000e+00    3.049514e-01
    1.440000e+00    3.076398e-01
    1.460000e+00    3.103013e-01
    1.480000e+00    3.129362e-01
    1.500000e+00    3.155451e-01
    1.520000e+00    3.181283e-01
    1.540000e+00    3.206863e-01
    1.560000e+00    3.232194e-01
    1.580000e+00    3.257281e-01
    1.600000e+00    3.282126e-01
    1.620000e+00    3.306735e-01
    1.640000e+00    3.331110e-01
    1.660000e+00    3.355255e-01
    1.680000e+00    3.379173e-01
    1.700000e+00    3.402867e-01
    1.720000e+00    3.426342e-01
    1.740000e+00    3.449599e-01
    1.760000e+00    3.472643e-01
    1.780000e+00    3.495476e-01
    1.800000e+00    3.518100e-01
    1.820000e+00    3.540520e-01
    1.840000e+00    3.562737e-01
    1.860000e+00    3.584755e-01
    1.880000e+00    3.606576e-01
    1.900000e+00    3.628203e-01
    1.920000e+00    3.649639e-01
    1.940000e+00    3.670885e-01
    1.960000e+00    3.691945e-01
    1.980000e+00    3.712821e-01
    2.000000e+00    3.733515e-01
    2.020000e+00    3.754030e-01
    2.040000e+00    3.774367e-01
    2.060000e+00    3.794530e-01
    2.080000e+00    3.814520e-01
    2.100000e+00    3.834339e-01
    2.120000e+00    3.853989e-01
    2.140000e+00    3.873473e-01
    2.160000e+00    3.892793e-01
    2.180000e+00    3.911950e-01
    2.200000e+00    3.930946e-01
    2.220000e+00    3.949784e-01
    2.240000e+00    3.968465e-01
    2.260000e+00    3.986991e-01
    2.280000e+00    4.005363e-01
    2.300000e+00    4.023584e-01
    2.320000e+00    4.041655e-01
    2.340000e+00    4.059579e-01
    2.360000e+00    4.077355e-01
    2.380000e+00    4.094987e-01
    2.400000e+00    4.112476e-01
    2.420000e+00    4.129823e-01
    2.440000e+00    4.147030e-01
    2.460000e+00    4.164098e-01
    2.480000e+00    4.181030e-01
    2.500000e+00    4.197826e-01
    2.520000e+00    4.214487e-01
    2.540000e+00    4.231016e-01
    2.560000e+00    4.247414e-01
    2.580000e+00    4.263681e-01
    2.600000e+00    4.279821e-01
    2.620000e+00    4.295832e-01
    2.640000e+00    4.311718e-01
    2.660000e+00    4.327480e-01
    2.680000e+00    4.343118e-01
    2.700000e+00    4.358633e-01
    2.720000e+00    4.374028e-01
    2.740000e+00    4.389304e-01
    2.760000e+00    4.404461e-01
    2.780000e+00    4.419501e-01
    2.800000e+00    4.434424e-01
    2.820000e+00    4.449233e-01
    2.840000e+00    4.463928e-01
    2.860000e+00    4.478510e-01
    2.880000e+00    4.492981e-01
    2.900000e+00    4.507341e-01
    2.920000e+00    4.521592e-01
    2.940000e+00    4.535735e-01
    2.960000e+00    4.549770e-01
    2.980000e+00    4.563699e-01
    3.000000e+00    4.577522e-01
    3.020000e+00    4.591242e-01
    3.040000e+00    4.604857e-01
    3.060000e+00    4.618370e-01
    3.080000e+00    4.631782e-01
    3.100000e+00    4.645093e-01
    3.120000e+00    4.658305e-01
    3.140000e+00    4.671418e-01
    3.160000e+00    4.684433e-01
    3.180000e+00    4.697351e-01
    3.200000e+00    4.710173e-01
    3.220000e+00    4.722900e-01
    3.240000e+00    4.735532e-01
    3.260000e+00    4.748072e-01
    3.280000e+00    4.760518e-01
    3.300000e+00    4.772873e-01
    3.320000e+00    4.785137e-01
    3.340000e+00    4.797311e-01
    3.360000e+00    4.809395e-01
    3.380000e+00    4.821391e-01
    3.400000e+00    4.833299e-01
    3.420000e+00    4.845119e-01
    3.440000e+00    4.856854e-01
    3.460000e+00    4.868503e-01
    3.480000e+00    4.880068e-01
    3.500000e+00    4.891548e-01
    3.520000e+00    4.902945e-01
    3.540000e+00    4.914259e-01
    3.560000e+00    4.925492e-01
    3.580000e+00    4.936643e-01
    3.600000e+00    4.947714e-01
    3.620000e+00    4.958705e-01
    3.640000e+00    4.969618e-01
    3.660000e+00    4.980452e-01
    3.680000e+00    4.991208e-01
    3.700000e+00    5.001887e-01
    3.720000e+00    5.012490e-01
    3.740000e+00    5.023017e-01
    3.760000e+00    5.033469e-01
    3.780000e+00    5.043846e-01
    3.800000e+00    5.054149e-01
    3.820000e+00    5.064379e-01
    3.840000e+00    5.074537e-01
    3.860000e+00    5.084622e-01
    3.880000e+00    5.094636e-01
    3.900000e+00    5.104579e-01
    3.920000e+00    5.114451e-01
    3.940000e+00    5.124254e-01
    3.960000e+00    5.133987e-01
    3.980000e+00    5.143652e-01
    4.000000e+00    5.153249e-01
    4.020000e+00    5.162778e-01
    4.040000e+00    5.172240e-01
    4.060000e+00    5.181635e-01
    4.080000e+00    5.190965e-01
    4.100000e+00    5.200229e-01
    4.120000e+00    5.209428e-01
    4.140000e+00    5.218562e-01
    4.160000e+00    5.227633e-01
    4.180000e+00    5.236640e-01
    4.200000e+00    5.245585e-01
    4.220000e+00    5.254467e-01
    4.240000e+00    5.263287e-01
    4.260000e+00    5.272046e-01
    4.280000e+00    5.280744e-01
    4.300000e+00    5.289382e-01
    4.320000e+00    5.297959e-01
    4.340000e+00    5.306477e-01
    4.360000e+00    5.314937e-01
    4.380000e+00    5.323337e-01
    4.400000e+00    5.331680e-01
    4.420000e+00    5.339965e-01
    4.440000e+00    5.348193e-01
    4.460000e+00    5.356364e-01
    4.480000e+00    5.364478e-01
    4.500000e+00    5.372537e-01
    4.520000e+00    5.380541e-01
    4.540000e+00    5.388489e-01
    4.560000e+00    5.396383e-01
    4.580000e+00    5.404223e-01
    4.600000e+00    5.412008e-01
    4.620000e+00    5.419741e-01
    4.640000e+00    5.427420e-01
    4.660000e+00    5.435047e-01
    4.680000e+00    5.442621e-01
    4.700000e+00    5.450144e-01
    4.720000e+00    5.457615e-01
    4.740000e+00    5.465035e-01
    4.760000e+00    5.472405e-01
    4.780000e+00    5.479724e-01
    4.800000e+00    5.486994e-01
    4.820000e+00    5.494214e-01
    4.840000e+00    5.501385e-01
    4.860000e+00    5.508507e-01
    4.880000e+00    5.515581e-01
    4.900000e+00    5.522606e-01
    4.920000e+00    5.529584e-01
    4.940000e+00    5.536514e-01
    4.960000e+00    5.543398e-01
    4.980000e+00    5.550234e-01
    5.000000e+00    5.557024e-01
    5.020000e+00    5.563769e-01
    5.040000e+00    5.570467e-01
    5.060000e+00    5.577121e-01
    5.080000e+00    5.583729e-01
    5.100000e+00    5.590293e-01
    5.120000e+00    5.596812e-01
    5.140000e+00    5.603288e-01
    5.160000e+00    5.609719e-01
    5.180000e+00    5.616108e-01
    5.200000e+00    5.622453e-01
    5.220000e+00    5.628756e-01
    5.240000e+00    5.635017e-01
    5.260000e+00    5.641235e-01
    5.280000e+00    5.647411e-01
    5.300000e+00    5.653547e-01
    5.320000e+00    5.659641e-01
    5.340000e+00    5.665694e-01
    5.360000e+00    5.671706e-01
    5.380000e+00    5.677678e-01
    5.400000e+00    5.683611e-01
    5.420000e+00    5.689503e-01
    5.440000e+00    5.695356e-01
    5.460000e+00    5.701170e-01
    5.480000e+00    5.706945e-01
    5.500000e+00    5.712682e-01
    5.520000e+00    5.718380e-01
    5.540000e+00    5.724040e-01
    5.560000e+00    5.729663e-01
    5.580000e+00    5.735248e-01
    5.600000e+00    5.740795e-01
    5.620000e+00    5.746306e-01
    5.640000e+00    5.751780e-01
    5.660000e+00    5.757217e-01
    5.680000e+00    5.762618e-01
    5.700000e+00    5.767984e-01
    5.720000e+00    5.773313e-01
    5.740000e+00    5.778607e-01
    5.760000e+00    5.783866e-01
    5.780000e+00    5.789091e-01
    5.800000e+00    5.794280e-01
    5.820000e+00    5.799435e-01
    5.840000e+00    5.804556e-01
    5.860000e+00    5.809643e-01
    5.880000e+00    5.814696e-01
    5.900000e+00    5.819715e-01
    5.920000e+00    5.824702e-01
    5.940000e+00    5.829655e-01
    5.960000e+00    5.834576e-01
    5.980000e+00    5.839464e-01
    6.000000e+00    5.844319e-01
    6.020000e+00    5.849143e-01
    6.040000e+00    5.853934e-01
    6.060000e+00    5.858694e-01
    6.080000e+00    5.863423e-01
    6.100000e+00    5.868120e-01
    6.120000e+00    5.872786e-01
    6.140000e+00    5.877421e-01
    6.160000e+00    5.882025e-01
    6.180000e+00    5.886599e-01
    6.200000e+00    5.891142e-01
    6.220000e+00    5.895656e-01
    6.240000e+00    5.900140e-01
    6.260000e+00    5.904594e-01
    6.280000e+00    5.909019e-01
    6.300000e+00    5.913415e-01
    6.320000e+00    5.917782e-01
    6.340000e+00    5.922121e-01
    6.360000e+00    5.926431e-01
    6.380000e+00    5.930712e-01
    6.400000e+00    5.934966e-01
    6.420000e+00    5.939192e-01
    6.440000e+00    5.943390e-01
    6.460000e+00    5.947560e-01
    6.480000e+00    5.951703e-01
    6.500000e+00    5.955819e-01
    6.520000e+00    5.959908e-01
    6.540000e+00    5.963971e-01
    6.560000e+00    5.968006e-01
    6.580000e+00    5.972015e-01
    6.600000e+00    5.975998e-01
    6.620000e+00    5.979955e-01
    6.640000e+00    5.983886e-01
    6.660000e+00    5.987791e-01
    6.680000e+00    5.991671e-01
    6.700000e+00    5.995526e-01
    6.720000e+00    5.999355e-01
    6.740000e+00    6.003159e-01
    6.760000e+00    6.006939e-01
    6.780000e+00    6.010693e-01
    6.800000e+00    6.014424e-01
    6.820000e+00    6.018129e-01
    6.840000e+00    6.021811e-01
    6.860000e+00    6.025468e-01
    6.880000e+00    6.029101e-01
    6.900000e+00    6.032711e-01
    6.920000e+00    6.036297e-01
    6.940000e+00    6.039860e-01
    6.960000e+00    6.043399e-01
    6.980000e+00    6.046916e-01
    7.000000e+00    6.050409e-01
    7.020000e+00    6.053880e-01
    7.040000e+00    6.057328e-01
    7.060000e+00    6.060754e-01
    7.080000e+00    6.064157e-01
    7.100000e+00    6.067539e-01
    7.120000e+00    6.070898e-01
    7.140000e+00    6.074235e-01
    7.160000e+00    6.077551e-01
    7.180000e+00    6.080845e-01
    7.200000e+00    6.084117e-01
    7.220000e+00    6.087369e-01
    7.240000e+00    6.090599e-01
    7.260000e+00    6.093808e-01
    7.280000e+00    6.096997e-01
    7.300000e+00    6.100164e-01
    7.320000e+00    6.103311e-01
    7.340000e+00    6.106438e-01
    7.360000e+00    6.109544e-01
    7.380000e+00    6.112630e-01
    7.400000e+00    6.115697e-01
    7.420000e+00    6.118743e-01
    7.440000e+00    6.121769e-01
    7.460000e+00    6.124776e-01
    7.480000e+00    6.127763e-01
    7.500000e+00    6.130731e-01
    7.520000e+00    6.133680e-01
    7.540000e+00    6.136609e-01
    7.560000e+00    6.139520e-01
    7.580000e+00    6.142411e-01
    7.600000e+00    6.145284e-01
    7.620000e+00    6.148138e-01
    7.640000e+00    6.150974e-01
    7.660000e+00    6.153792e-01
    7.680000e+00    6.156591e-01
    7.700000e+00    6.159372e-01
    7.720000e+00    6.162135e-01
    7.740000e+00    6.164880e-01
    7.760000e+00    6.167607e-01
    7.780000e+00    6.170316e-01
    7.800000e+00    6.173009e-01
    7.820000e+00    6.175683e-01
    7.840000e+00    6.178341e-01
    7.860000e+00    6.180981e-01
    7.880000e+00    6.183604e-01
    7.900000e+00    6.186210e-01
    7.920000e+00    6.188799e-01
    7.940000e+00    6.191371e-01
    7.960000e+00    6.193927e-01
    7.980000e+00    6.196467e-01
    8.000000e+00    6.198989e-01
    8.020000e+00    6.201496e-01
    8.040000e+00    6.203986e-01
    8.060000e+00    6.206461e-01
    8.080000e+00    6.208919e-01
    8.100000e+00    6.211362e-01
    8.120000e+00    6.213788e-01
    8.140000e+00    6.216199e-01
    8.160000e+00    6.218595e-01
    8.180000e+00    6.220975e-01
    8.200000e+00    6.223340e-01
    8.220000e+00    6.225689e-01
    8.240000e+00    6.228023e-01
    8.260000e+00    6.230342e-01
    8.280000e+00    6.232647e-01
    8.300000e+00    6.234936e-01
    8.320000e+00    6.237210e-01
    8.340000e+00    6.239470e-01
    8.360000e+00    6.241716e-01
    8.380000e+00    6.243946e-01
    8.400000e+00    6.246163e-01
    8.420000e+00    6.248365e-01
    8.440000e+00    6.250553e-01
    8.460000e+00    6.252726e-01
    8.480000e+00    6.254886e-01
    8.500000e+00    6.257032e-01
    8.520000e+00    6.259164e-01
    8.540000e+00    6.261282e-01
    8.560000e+00    6.263386e-01
    8.580000e+00    6.265477e-01
    8.600000e+00    6.267554e-01
    8.620000e+00    6.269618e-01
    8.640000e+00    6.271669e-01
    8.660000e+00    6.273706e-01
    8.680000e+00    6.275730e-01
    8.700000e+00    6.277742e-01
    8.720000e+00    6.279740e-01
    8.740000e+00    6.281725e-01
    8.760000e+00    6.283698e-01
    8.780000e+00    6.285658e-01
    8.800000e+00    6.287605e-01
    8.820000e+00    6.289540e-01
    8.840000e+00    6.291462e-01
    8.860000e+00    6.293371e-01
    8.880000e+00    6.295269e-01
    8.900000e+00    6.297154e-01
    8.920000e+00    6.299027e-01
    8.940000e+00    6.300888e-01
    8.960000e+00    6.302737e-01
    8.980000e+00    6.304574e-01
    9.000000e+00    6.306399e-01
    9.020000e+00    6.308212e-01
    9.040000e+00    6.310014e-01
    9.060000e+00    6.311804e-01
    9.080000e+00    6.313582e-01
    9.100000e+00    6.315349e-01
    9.120000e+00    6.317105e-01
    9.140000e+00    6.318849e-01
    9.160000e+00    6.320583e-01
    9.180000e+00    6.322304e-01
    9.200000e+00    6.324015e-01
    9.220000e+00    6.325715e-01
    9.240000e+00    6.327404e-01
    9.260000e+00    6.329082e-01
    9.280000e+00    6.330749e-01
    9.300000e+00    6.332405e-01
    9.320000e+00    6.334051e-01
    9.340000e+00    6.335686e-01
    9.360000e+00    6.337311e-01
    9.380000e+00    6.338925e-01
    9.400000e+00    6.340529e-01
    9.420000e+00    6.342122e-01
    9.440000e+00    6.343705e-01
    9.460000e+00    6.345278e-01
    9.480000e+00    6.346840e-01
    9.500000e+00    6.348393e-01
    9.520000e+00    6.349935e-01
    9.540000e+00    6.351468e-01
    9.560000e+00    6.352991e-01
    9.580000e+00    6.354503e-01
    9.600000e+00    6.356007e-01
    9.620000e+00    6.357500e-01
    9.640000e+00    6.358984e-01
    9.660000e+00    6.360458e-01
    9.680000e+00    6.361922e-01
    9.700000e+00    6.363377e-01
    9.720000e+00    6.364823e-01
    9.740000e+00    6.366260e-01
    9.760000e+00    6.367687e-01
    9.780000e+00    6.369105e-01
    9.800000e+00    6.370514e-01
    9.820000e+00    6.371913e-01
    9.840000e+00    6.373304e-01
    9.860000e+00    6.374686e-01
    9.880000e+00    6.376058e-01
    9.900000e+00    6.377422e-01
    9.920000e+00    6.378777e-01
    9.940000e+00    6.380124e-01
    9.960000e+00    6.381461e-01
    9.980000e+00    6.382790e-01
    1.000000e+01    6.384111e-01
    1.002000e+01    6.385423e-01
    1.004000e+01    6.386726e-01
    1.006000e+01    6.388021e-01
    1.008000e+01    6.389308e-01
    1.010000e+01    6.390587e-01
    1.012000e+01    6.391857e-01
    1.014000e+01    6.393119e-01
    1.016000e+01    6.394373e-01
    1.018000e+01    6.395618e-01
    1.020000e+01    6.396856e-01
    1.022000e+01    6.398086e-01
    1.024000e+01    6.399308e-01
    1.026000e+01    6.400521e-01
    1.028000e+01    6.401727e-01
    1.030000e+01    6.402926e-01
    1.032000e+01    6.404116e-01
    1.034000e+01    6.405299e-01
    1.036000e+01    6.406474e-01
    1.038000e+01    6.407642e-01
    1.040000e+01    6.408802e-01
    1.042000e+01    6.409955e-01
    1.044000e+01    6.411100e-01
    1.046000e+01    6.412238e-01
    1.048000e+01    6.413368e-01
    1.050000e+01    6.414491e-01
    1.052000e+01    6.415607e-01
    1.054000e+01    6.416716e-01
    1.056000e+01    6.417817e-01
    1.058000e+01    6.418912e-01
    1.060000e+01    6.419999e-01
    1.062000e+01    6.421079e-01
    1.064000e+01    6.422153e-01
    1.066000e+01    6.423219e-01
    1.068000e+01    6.424279e-01
    1.070000e+01    6.425331e-01
    1.072000e+01    6.426377e-01
    1.074000e+01    6.427416e-01
    1.076000e+01    6.428449e-01
    1.078000e+01    6.429474e-01
    1.080000e+01    6.430493e-01
    1.082000e+01    6.431506e-01
    1.084000e+01    6.432512e-01
    1.086000e+01    6.433511e-01
    1.088000e+01    6.434504e-01
    1.090000e+01    6.435491e-01
    1.092000e+01    6.436471e-01
    1.094000e+01    6.437445e-01
    1.096000e+01    6.438412e-01
    1.098000e+01    6.439374e-01
    1.100000e+01    6.440329e-01
    1.102000e+01    6.441278e-01
    1.104000e+01    6.442221e-01
    1.106000e+01    6.443158e-01
    1.108000e+01    6.444089e-01
    1.110000e+01    6.445013e-01
    1.112000e+01    6.445932e-01
    1.114000e+01    6.446845e-01
    1.116000e+01    6.447752e-01
    1.118000e+01    6.448653e-01
    1.120000e+01    6.449548e-01
    1.122000e+01    6.450438e-01
    1.124000e+01    6.451322e-01
    1.126000e+01    6.452200e-01
    1.128000e+01    6.453072e-01
    1.130000e+01    6.453939e-01
    1.132000e+01    6.454800e-01
    1.134000e+01    6.455656e-01
    1.136000e+01    6.456506e-01
    1.138000e+01    6.457350e-01
    1.140000e+01    6.458189e-01
    1.142000e+01    6.459023e-01
    1.144000e+01    6.459851e-01
    1.146000e+01    6.460674e-01
    1.148000e+01    6.461492e-01
    1.150000e+01    6.462304e-01
    1.152000e+01    6.463111e-01
    1.154000e+01    6.463913e-01
    1.156000e+01    6.464709e-01
    1.158000e+01    6.465501e-01
    1.160000e+01    6.466287e-01
    1.162000e+01    6.467068e-01
    1.164000e+01    6.467844e-01
    1.166000e+01    6.468615e-01
    1.168000e+01    6.469381e-01
    1.170000e+01    6.470143e-01
    1.172000e+01    6.470899e-01
    1.174000e+01    6.471650e-01
    1.176000e+01    6.472396e-01
    1.178000e+01    6.473138e-01
    1.180000e+01    6.473875e-01
    1.182000e+01    6.474607e-01
    1.184000e+01    6.475334e-01
    1.186000e+01    6.476056e-01
    1.188000e+01    6.476774e-01
    1.190000e+01    6.477487e-01
    1.192000e+01    6.478196e-01
    1.194000e+01    6.478899e-01
    1.196000e+01    6.479599e-01
    1.198000e+01    6.480293e-01
    1.200000e+01    6.480984e-01
    1.202000e+01    6.481669e-01
    1.204000e+01    6.482351e-01
    1.206000e+01    6.483027e-01
    1.208000e+01    6.483700e-01
    1.210000e+01    6.484368e-01
    1.212000e+01    6.485031e-01
    1.214000e+01    6.485691e-01
    1.216000e+01    6.486346e-01
    1.218000e+01    6.486996e-01
    1.220000e+01    6.487643e-01
    1.222000e+01    6.488285e-01
    1.224000e+01    6.488924e-01
    1.226000e+01    6.489558e-01
    1.228000e+01    6.490187e-01
    1.230000e+01    6.490813e-01
    1.232000e+01    6.491435e-01
    1.234000e+01    6.492053e-01
    1.236000e+01    6.492666e-01
    1.238000e+01    6.493276e-01
    1.240000e+01    6.493881e-01
    1.242000e+01    6.494483e-01
    1.244000e+01    6.495081e-01
    1.246000e+01    6.495675e-01
    1.248000e+01    6.496265e-01
    1.250000e+01    6.496851e-01
    1.252000e+01    6.497433e-01
    1.254000e+01    6.498012e-01
    1.256000e+01    6.498586e-01
    1.258000e+01    6.499157e-01
    1.260000e+01    6.499725e-01
    1.262000e+01    6.500288e-01
    1.264000e+01    6.500848e-01
    1.266000e+01    6.501404e-01
    1.268000e+01    6.501957e-01
    1.270000e+01    6.502506e-01
    1.272000e+01    6.503051e-01
    1.274000e+01    6.503593e-01
    1.276000e+01    6.504131e-01
    1.278000e+01    6.504666e-01
    1.280000e+01    6.505197e-01
    1.282000e+01    6.505725e-01
    1.284000e+01    6.506250e-01
    1.286000e+01    6.506771e-01
    1.288000e+01    6.507288e-01
    1.290000e+01    6.507802e-01
    1.292000e+01    6.508313e-01
    1.294000e+01    6.508821e-01
    1.296000e+01    6.509325e-01
    1.298000e+01    6.509826e-01
    1.300000e+01    6.510323e-01
    1.302000e+01    6.510818e-01
    1.304000e+01    6.511309e-01
    1.306000e+01    6.511797e-01
    1.308000e+01    6.512281e-01
    1.310000e+01    6.512763e-01
    1.312000e+01    6.513241e-01
    1.314000e+01    6.513716e-01
    1.316000e+01    6.514188e-01
    1.318000e+01    6.514657e-01
    1.320000e+01    6.515123e-01
    1.322000e+01    6.515586e-01
    1.324000e+01    6.516046e-01
    1.326000e+01    6.516503e-01
    1.328000e+01    6.516956e-01
    1.330000e+01    6.517407e-01
    1.332000e+01    6.517855e-01
    1.334000e+01    6.518300e-01
    1.336000e+01    6.518742e-01
    1.338000e+01    6.519181e-01
    1.340000e+01    6.519617e-01
    1.342000e+01    6.520050e-01
    1.344000e+01    6.520481e-01
    1.346000e+01    6.520909e-01
    1.348000e+01    6.521333e-01
    1.350000e+01    6.521755e-01
    1.352000e+01    6.522175e-01
    1.354000e+01    6.522591e-01
    1.356000e+01    6.523005e-01
    1.358000e+01    6.523416e-01
    1.360000e+01    6.523824e-01
    1.362000e+01    6.524230e-01
    1.364000e+01    6.524633e-01
    1.366000e+01    6.525033e-01
    1.368000e+01    6.525431e-01
    1.370000e+01    6.525826e-01
    1.372000e+01    6.526218e-01
    1.374000e+01    6.526608e-01
    1.376000e+01    6.526995e-01
    1.378000e+01    6.527380e-01
    1.380000e+01    6.527762e-01
    1.382000e+01    6.528142e-01
    1.384000e+01    6.528519e-01
    1.386000e+01    6.528893e-01
    1.388000e+01    6.529265e-01
    1.390000e+01    6.529635e-01
    1.392000e+01    6.530002e-01
    1.394000e+01    6.530366e-01
    1.396000e+01    6.530729e-01
    1.398000e+01    6.531088e-01
    1.400000e+01    6.531446e-01
    1.402000e+01    6.531801e-01
    1.404000e+01    6.532153e-01
    1.406000e+01    6.532504e-01
    1.408000e+01    6.532852e-01
    1.410000e+01    6.533197e-01
    1.412000e+01    6.533541e-01
    1.414000e+01    6.533882e-01
    1.416000e+01    6.534220e-01
    1.418000e+01    6.534557e-01
    1.420000e+01    6.534891e-01
    1.422000e+01    6.535223e-01
    1.424000e+01    6.535553e-01
    1.426000e+01    6.535880e-01
    1.428000e+01    6.536206e-01
    1.430000e+01    6.536529e-01
    1.432000e+01    6.536850e-01
    1.434000e+01    6.537169e-01
    1.436000e+01    6.537486e-01
    1.438000e+01    6.537800e-01
    1.440000e+01    6.538113e-01
    1.442000e+01    6.538423e-01
    1.444000e+01    6.538732e-01
    1.446000e+01    6.539038e-01
    1.448000e+01    6.539342e-01
    1.450000e+01    6.539644e-01
    1.452000e+01    6.539945e-01
    1.454000e+01    6.540243e-01
    1.456000e+01    6.540539e-01
    1.458000e+01    6.540833e-01
    1.460000e+01    6.541126e-01
    1.462000e+01    6.541416e-01
    1.464000e+01    6.541704e-01
    1.466000e+01    6.541991e-01
    1.468000e+01    6.542275e-01
    1.470000e+01    6.542558e-01
    1.472000e+01    6.542839e-01
    1.474000e+01    6.543117e-01
    1.476000e+01    6.543394e-01
    1.478000e+01    6.543670e-01
    1.480000e+01    6.543943e-01
    1.482000e+01    6.544215e-01
    1.484000e+01    6.544484e-01
    1.486000e+01    6.544752e-01
    1.488000e+01    6.545018e-01
    1.490000e+01    6.545283e-01
    1.492000e+01    6.545545e-01
    1.494000e+01    6.545806e-01
    1.496000e+01    6.546065e-01
    1.498000e+01    6.546323e-01
    1.500000e+01    6.546578e-01
    1.502000e+01    6.546832e-01
    1.504000e+01    6.547084e-01
    1.506000e+01    6.547335e-01
    1.508000e+01    6.547584e-01
    1.510000e+01    6.547831e-01
    1.512000e+01    6.548077e-01
    1.514000e+01    6.548320e-01
    1.516000e+01    6.548563e-01
    1.518000e+01    6.548803e-01
    1.520000e+01    6.549042e-01
    1.522000e+01    6.549279e-01
    1.524000e+01    6.549515e-01
    1.526000e+01    6.549749e-01
    1.528000e+01    6.549982e-01
    1.530000e+01    6.550213e-01
    1.532000e+01    6.550442e-01
    1.534000e+01    6.550670e-01
    1.536000e+01    6.550896e-01
    1.538000e+01    6.551121e-01
    1.540000e+01    6.551344e-01
    1.542000e+01    6.551566e-01
    1.544000e+01    6.551786e-01
    1.546000e+01    6.552004e-01
    1.548000e+01    6.552221e-01
    1.550000e+01    6.552436e-01
    1.552000e+01    6.552650e-01
    1.554000e+01    6.552863e-01
    1.556000e+01    6.553074e-01
    1.558000e+01    6.553283e-01
    1.560000e+01    6.553491e-01
    1.562000e+01    6.553698e-01
    1.564000e+01    6.553903e-01
    1.566000e+01    6.554107e-01
    1.568000e+01    6.554309e-01
    1.570000e+01    6.554511e-01
    1.572000e+01    6.554710e-01
    1.574000e+01    6.554908e-01
    1.576000e+01    6.555105e-01
    1.578000e+01    6.555301e-01
    1.580000e+01    6.555495e-01
    1.582000e+01    6.555688e-01
    1.584000e+01    6.555880e-01
    1.586000e+01    6.556070e-01
    1.588000e+01    6.556259e-01
    1.590000e+01    6.556446e-01
    1.592000e+01    6.556633e-01
    1.594000e+01    6.556818e-01
    1.596000e+01    6.557002e-01
    1.598000e+01    6.557184e-01
    1.600000e+01    6.557365e-01
    1.602000e+01    6.557545e-01
    1.604000e+01    6.557724e-01
    1.606000e+01    6.557902e-01
    1.608000e+01    6.558078e-01
    1.610000e+01    6.558253e-01
    1.612000e+01    6.558427e-01
    1.614000e+01    6.558600e-01
    1.616000e+01    6.558771e-01
    1.618000e+01    6.558942e-01
    1.620000e+01    6.559111e-01
    1.622000e+01    6.559279e-01
    1.624000e+01    6.559446e-01
    1.626000e+01    6.559611e-01
    1.628000e+01    6.559776e-01
    1.630000e+01    6.559939e-01
    1.632000e+01    6.560101e-01
    1.634000e+01    6.560262e-01
    1.636000e+01    6.560422e-01
    1.638000e+01    6.560581e-01
    1.640000e+01    6.560739e-01
    1.642000e+01    6.560895e-01
    1.644000e+01    6.561051e-01
    1.646000e+01    6.561205e-01
    1.648000e+01    6.561359e-01
    1.650000e+01    6.561511e-01
    1.652000e+01    6.561662e-01
    1.654000e+01    6.561812e-01
    1.656000e+01    6.561962e-01
    1.658000e+01    6.562110e-01
    1.660000e+01    6.562257e-01
    1.662000e+01    6.562403e-01
    1.664000e+01    6.562548e-01
    1.666000e+01    6.562692e-01
    1.668000e+01    6.562835e-01
    1.670000e+01    6.562977e-01
    1.672000e+01    6.563118e-01
    1.674000e+01    6.563258e-01
    1.676000e+01    6.563397e-01
    1.678000e+01    6.563535e-01
    1.680000e+01    6.563672e-01
    1.682000e+01    6.563808e-01
    1.684000e+01    6.563943e-01
    1.686000e+01    6.564077e-01
    1.688000e+01    6.564210e-01
    1.690000e+01    6.564342e-01
    1.692000e+01    6.564473e-01
    1.694000e+01    6.564603e-01
    1.696000e+01    6.564733e-01
    1.698000e+01    6.564861e-01
    1.700000e+01    6.564989e-01
    1.702000e+01    6.565115e-01
    1.704000e+01    6.565241e-01
    1.706000e+01    6.565366e-01
    1.708000e+01    6.565490e-01
    1.710000e+01    6.565613e-01
    1.712000e+01    6.565735e-01
    1.714000e+01    6.565857e-01
    1.716000e+01    6.565977e-01
    1.718000e+01    6.566097e-01
    1.720000e+01    6.566216e-01
    1.722000e+01    6.566334e-01
    1.724000e+01    6.566451e-01
    1.726000e+01    6.566568e-01
    1.728000e+01    6.566684e-01
    1.730000e+01    6.566798e-01
    1.732000e+01    6.566912e-01
    1.734000e+01    6.567026e-01
    1.736000e+01    6.567138e-01
    1.738000e+01    6.567250e-01
    1.740000e+01    6.567361e-01
    1.742000e+01    6.567471e-01
    1.744000e+01    6.567580e-01
    1.746000e+01    6.567688e-01
    1.748000e+01    6.567796e-01
    1.750000e+01    6.567903e-01
    1.752000e+01    6.568009e-01
    1.754000e+01    6.568115e-01
    1.756000e+01    6.568220e-01
    1.758000e+01    6.568324e-01
    1.760000e+01    6.568427e-01
    1.762000e+01    6.568530e-01
    1.764000e+01    6.568631e-01
    1.766000e+01    6.568733e-01
    1.768000e+01    6.568833e-01
    1.770000e+01    6.568933e-01
    1.772000e+01    6.569032e-01
    1.774000e+01    6.569130e-01
    1.776000e+01    6.569228e-01
    1.778000e+01    6.569325e-01
    1.780000e+01    6.569421e-01
    1.782000e+01    6.569517e-01
    1.784000e+01    6.569611e-01
    1.786000e+01    6.569706e-01
    1.788000e+01    6.569799e-01
    1.790000e+01    6.569892e-01
    1.792000e+01    6.569985e-01
    1.794000e+01    6.570076e-01
    1.796000e+01    6.570167e-01
    1.798000e+01    6.570258e-01
    1.800000e+01    6.570347e-01
    1.802000e+01    6.570436e-01
    1.804000e+01    6.570525e-01
    1.806000e+01    6.570613e-01
    1.808000e+01    6.570700e-01
    1.810000e+01    6.570786e-01
    1.812000e+01    6.570872e-01
    1.814000e+01    6.570958e-01
    1.816000e+01    6.571042e-01
    1.818000e+01    6.571127e-01
    1.820000e+01    6.571210e-01
    1.822000e+01    6.571293e-01
    1.824000e+01    6.571375e-01
    1.826000e+01    6.571457e-01
    1.828000e+01    6.571539e-01
    1.830000e+01    6.571619e-01
    1.832000e+01    6.571700e-01
    1.834000e+01    6.571779e-01
    1.836000e+01    6.571858e-01
    1.838000e+01    6.571937e-01
    1.840000e+01    6.572014e-01
    1.842000e+01    6.572092e-01
    1.844000e+01    6.572168e-01
    1.846000e+01    6.572244e-01
    1.848000e+01    6.572320e-01
    1.850000e+01    6.572395e-01
    1.852000e+01    6.572469e-01
    1.854000e+01    6.572543e-01
    1.856000e+01    6.572617e-01
    1.858000e+01    6.572690e-01
    1.860000e+01    6.572762e-01
    1.862000e+01    6.572834e-01
    1.864000e+01    6.572905e-01
    1.866000e+01    6.572976e-01
    1.868000e+01    6.573046e-01
    1.870000e+01    6.573116e-01
    1.872000e+01    6.573185e-01
    1.874000e+01    6.573254e-01
    1.876000e+01    6.573322e-01
    1.878000e+01    6.573390e-01
    1.880000e+01    6.573457e-01
    1.882000e+01    6.573524e-01
    1.884000e+01    6.573590e-01
    1.886000e+01    6.573656e-01
    1.888000e+01    6.573721e-01
    1.890000e+01    6.573786e-01
    1.892000e+01    6.573850e-01
    1.894000e+01    6.573914e-01
    1.896000e+01    6.573977e-01
    1.898000e+01    6.574040e-01
    1.900000e+01    6.574102e-01
    1.902000e+01    6.574164e-01
    1.904000e+01    6.574226e-01
    1.906000e+01    6.574287e-01
    1.908000e+01    6.574347e-01
    1.910000e+01    6.574407e-01
    1.912000e+01    6.574467e-01
    1.914000e+01    6.574526e-01
    1.916000e+01    6.574585e-01
    1.918000e+01    6.574643e-01
    1.920000e+01    6.574701e-01
    1.922000e+01    6.574759e-01
    1.924000e+01    6.574816e-01
    1.926000e+01    6.574873e-01
    1.928000e+01    6.574929e-01
    1.930000e+01    6.574985e-01
    1.932000e+01    6.575040e-01
    1.934000e+01    6.575095e-01
    1.936000e+01    6.575150e-01
    1.938000e+01    6.575204e-01
    1.940000e+01    6.575257e-01
    1.942000e+01    6.575311e-01
    1.944000e+01    6.575364e-01
    1.946000e+01    6.575416e-01
    1.948000e+01    6.575468e-01
    1.950000e+01    6.575520e-01
    1.952000e+01    6.575571e-01
    1.954000e+01    6.575622e-01
    1.956000e+01    6.575673e-01
    1.958000e+01    6.575723e-01
    1.960000e+01    6.575773e-01
    1.962000e+01    6.575822e-01
    1.964000e+01    6.575871e-01
    1.966000e+01    6.575920e-01
    1.968000e+01    6.575968e-01
    1.970000e+01    6.576016e-01
    1.972000e+01    6.576064e-01
    1.974000e+01    6.576111e-01
    1.976000e+01    6.576157e-01
    1.978000e+01    6.576204e-01
    1.980000e+01    6.576250e-01
    1.982000e+01    6.576295e-01
    1.984000e+01    6.576341e-01
    1.986000e+01    6.576386e-01
    1.988000e+01    6.576430e-01
    1.990000e+01    6.576474e-01
    1.992000e+01    6.576518e-01
    1.994000e+01    6.576562e-01
    1.996000e+01    6.576605e-01
    1.998000e+01    6.576647e-01
    2.000000e+01    6.576690e-01
    2.002000e+01    6.576732e-01
    2.004000e+01    6.576774e-01
    2.006000e+01    6.576815e-01
    2.008000e+01    6.576856e-01
    2.010000e+01    6.576897e-01
    2.012000e+01    6.576938e-01
    2.014000e+01    6.576978e-01
    2.016000e+01    6.577018e-01
    2.018000e+01    6.577057e-01
    2.020000e+01    6.577096e-01
    2.022000e+01    6.577135e-01
    2.024000e+01    6.577174e-01
    2.026000e+01    6.577212e-01
    2.028000e+01    6.577250e-01
    2.030000e+01    6.577288e-01
    2.032000e+01    6.577325e-01
    2.034000e+01    6.577362e-01
    2.036000e+01    6.577399e-01
    2.038000e+01    6.577436e-01
    2.040000e+01    6.577472e-01
    2.042000e+01    6.577508e-01
    2.044000e+01    6.577543e-01
    2.046000e+01    6.577579e-01
    2.048000e+01    6.577614e-01
    2.050000e+01    6.577649e-01
    2.052000e+01    6.577683e-01
    2.054000e+01    6.577717e-01
    2.056000e+01    6.577751e-01
    2.058000e+01    6.577785e-01
    2.060000e+01    6.577818e-01
    2.062000e+01    6.577851e-01
    2.064000e+01    6.577884e-01
    2.066000e+01    6.577917e-01
    2.068000e+01    6.577949e-01
    2.070000e+01    6.577981e-01
    2.072000e+01    6.578013e-01
    2.074000e+01    6.578044e-01
    2.076000e+01    6.578075e-01
    2.078000e+01    6.578106e-01
    2.080000e+01    6.578137e-01
    2.082000e+01    6.578167e-01
    2.084000e+01    6.578197e-01
    2.086000e+01    6.578227e-01
    2.088000e+01    6.578256e-01
    2.090000e+01    6.578285e-01
    2.092000e+01    6.578314e-01
    2.094000e+01    6.578343e-01
    2.096000e+01    6.578372e-01
    2.098000e+01    6.578400e-01
    2.100000e+01    6.578428e-01
    2.102000e+01    6.578456e-01
    2.104000e+01    6.578483e-01
    2.106000e+01    6.578511e-01
    2.108000e+01    6.578538e-01
    2.110000e+01    6.578564e-01
    2.112000e+01    6.578591e-01
    2.114000e+01    6.578618e-01
    2.116000e+01    6.578644e-01
    2.118000e+01    6.578670e-01
    2.120000e+01    6.578696e-01
    2.122000e+01    6.578721e-01
    2.124000e+01    6.578746e-01
    2.126000e+01    6.578772e-01
    2.128000e+01    6.578796e-01
    2.130000e+01    6.578821e-01
    2.132000e+01    6.578846e-01
    2.134000e+01    6.578870e-01
    2.136000e+01    6.578894e-01
    2.138000e+01    6.578918e-01
    2.140000e+01    6.578942e-01
    2.142000e+01    6.578965e-01
    2.144000e+01    6.578988e-01
    2.146000e+01    6.579012e-01
    2.148000e+01    6.579034e-01
    2.150000e+01    6.579057e-01
    2.152000e+01    6.579080e-01
    2.154000e+01    6.579102e-01
    2.156000e+01    6.579124e-01
    2.158000e+01    6.579146e-01
    2.160000e+01    6.579168e-01
    2.162000e+01    6.579189e-01
    2.164000e+01    6.579210e-01
    2.166000e+01    6.579232e-01
    2.168000e+01    6.579253e-01
    2.170000e+01    6.579273e-01
    2.172000e+01    6.579294e-01
    2.174000e+01    6.579315e-01
    2.176000e+01    6.579335e-01
    2.178000e+01    6.579355e-01
    2.180000e+01    6.579375e-01
    2.182000e+01    6.579395e-01
    2.184000e+01    6.579414e-01
    2.186000e+01    6.579433e-01
    2.188000e+01    6.579453e-01
    2.190000e+01    6.579472e-01
    2.192000e+01    6.579491e-01
    2.194000e+01    6.579509e-01
    2.196000e+01    6.579528e-01
    2.198000e+01    6.579546e-01
    2.200000e+01    6.579564e-01
    2.202000e+01    6.579582e-01
    2.204000e+01    6.579600e-01
    2.206000e+01    6.579618e-01
    2.208000e+01    6.579636e-01
    2.210000e+01    6.579653e-01
    2.212000e+01    6.579670e-01
    2.214000e+01    6.579687e-01
    2.216000e+01    6.579704e-01
    2.218000e+01    6.579721e-01
    2.220000e+01    6.579738e-01
    2.222000e+01    6.579754e-01
    2.224000e+01    6.579771e-01
    2.226000e+01    6.579787e-01
    2.228000e+01    6.579803e-01
    2.230000e+01    6.579819e-01
    2.232000e+01    6.579835e-01
    2.234000e+01    6.579851e-01
    2.236000e+01    6.579866e-01
    2.238000e+01    6.579882e-01
    2.240000e+01    6.579897e-01
    2.242000e+01    6.579912e-01
    2.244000e+01    6.579927e-01
    2.246000e+01    6.579942e-01
    2.248000e+01    6.579957e-01
    2.250000e+01    6.579971e-01
    2.252000e+01    6.579986e-01
    2.254000e+01    6.580000e-01
    2.256000e+01    6.580014e-01
    2.258000e+01    6.580028e-01
    2.260000e+01    6.580042e-01
    2.262000e+01    6.580056e-01
    2.264000e+01    6.580070e-01
    2.266000e+01    6.580083e-01
    2.268000e+01    6.580097e-01
    2.270000e+01    6.580110e-01
    2.272000e+01    6.580123e-01
    2.274000e+01    6.580136e-01
    2.276000e+01    6.580149e-01
    2.278000e+01    6.580161e-01
    2.280000e+01    6.580174e-01
    2.282000e+01    6.580186e-01
    2.284000e+01    6.580199e-01
    2.286000e+01    6.580211e-01
    2.288000e+01    6.580223e-01
    2.290000e+01    6.580235e-01
    2.292000e+01    6.580247e-01
    2.294000e+01    6.580258e-01
    2.296000e+01    6.580270e-01
    2.298000e+01    6.580282e-01
    2.300000e+01    6.580293e-01
    2.302000e+01    6.580304e-01
    2.304000e+01    6.580315e-01
    2.306000e+01    6.580326e-01
    2.308000e+01    6.580337e-01
    2.310000e+01    6.580348e-01
    2.312000e+01    6.580359e-01
    2.314000e+01    6.580369e-01
    2.316000e+01    6.580380e-01
    2.318000e+01    6.580390e-01
    2.320000e+01    6.580400e-01
    2.322000e+01    6.580411e-01
    2.324000e+01    6.580421e-01
    2.326000e+01    6.580431e-01
    2.328000e+01    6.580440e-01
    2.330000e+01    6.580450e-01
    2.332000e+01    6.580460e-01
    2.334000e+01    6.580469e-01
    2.336000e+01    6.580479e-01
    2.338000e+01    6.580488e-01
    2.340000e+01    6.580498e-01
    2.342000e+01    6.580507e-01
    2.344000e+01    6.580516e-01
    2.346000e+01    6.580525e-01
    2.348000e+01    6.580534e-01
    2.350000e+01    6.580542e-01
    2.352000e+01    6.580551e-01
    2.354000e+01    6.580560e-01
    2.356000e+01    6.580568e-01
    2.358000e+01    6.580576e-01
    2.360000e+01    6.580585e-01
    2.362000e+01    6.580593e-01
    2.364000e+01    6.580601e-01
    2.366000e+01    6.580609e-01
    2.368000e+01    6.580617e-01
    2.370000e+01    6.580625e-01
    2.372000e+01    6.580633e-01
    2.374000e+01    6.580640e-01
    2.376000e+01    6.580648e-01
    2.378000e+01    6.580655e-01
    2.380000e+01    6.580663e-01
    2.382000e+01    6.580670e-01
    2.384000e+01    6.580677e-01
    2.386000e+01    6.580684e-01
    2.388000e+01    6.580692e-01
    2.390000e+01    6.580698e-01
    2.392000e+01    6.580705e-01
    2.394000e+01    6.580712e-01
    2.396000e+01    6.580719e-01
    2.398000e+01    6.580726e-01
    2.400000e+01    6.580732e-01
    2.402000e+01    6.580739e-01
    2.404000e+01    6.580745e-01
    2.406000e+01    6.580752e-01
    2.408000e+01    6.580758e-01
    2.410000e+01    6.580764e-01
    2.412000e+01    6.580770e-01
    2.414000e+01    6.580776e-01
    2.416000e+01    6.580783e-01
    2.418000e+01    6.580789e-01
    2.420000e+01    6.580794e-01
    2.422000e+01    6.580800e-01
    2.424000e+01    6.580806e-01
    2.426000e+01    6.580812e-01
    2.428000e+01    6.580818e-01
    2.430000e+01    6.580823e-01
    2.432000e+01    6.580829e-01
    2.434000e+01    6.580835e-01
    2.436000e+01    6.580840e-01
    2.438000e+01    6.580846e-01
    2.440000e+01    6.580851e-01
    2.442000e+01    6.580857e-01
    2.444000e+01    6.580862e-01
    2.446000e+01    6.580868e-01
    2.448000e+01    6.580873e-01
    2.450000e+01    6.580878e-01
    2.452000e+01    6.580883e-01
    2.454000e+01    6.580888e-01
    2.456000e+01    6.580893e-01
    2.458000e+01    6.580898e-01
    2.460000e+01    6.580903e-01
    2.462000e+01    6.580908e-01
    2.464000e+01    6.580913e-01
    2.466000e+01    6.580917e-01
    2.468000e+01    6.580922e-01
    2.470000e+01    6.580926e-01
    2.472000e+01    6.580931e-01
    2.474000e+01    6.580935e-01
    2.476000e+01    6.580939e-01
    2.478000e+01    6.580943e-01
    2.480000e+01    6.580948e-01
    2.482000e+01    6.580952e-01
    2.484000e+01    6.580956e-01
    2.486000e+01    6.580960e-01
    2.488000e+01    6.580964e-01
    2.490000e+01    6.580967e-01
    2.492000e+01    6.580971e-01
    2.494000e+01    6.580975e-01
    2.496000e+01    6.580978e-01
    2.498000e+01    6.580982e-01
    2.500000e+01    6.580986e-01
    2.502000e+01    6.580989e-01
    2.504000e+01    6.580992e-01
    2.506000e+01    6.580996e-01
    2.508000e+01    6.580999e-01
    2.510000e+01    6.581002e-01
    2.512000e+01    6.581006e-01
    2.514000e+01    6.581009e-01
    2.516000e+01    6.581012e-01
    2.518000e+01    6.581015e-01
    2.520000e+01    6.581018e-01
    2.522000e+01    6.581021e-01
    2.524000e+01    6.581023e-01
    2.526000e+01    6.581026e-01
    2.528000e+01    6.581029e-01
    2.530000e+01    6.581032e-01
    2.532000e+01    6.581034e-01
    2.534000e+01    6.581037e-01
    2.536000e+01    6.581040e-01
    2.538000e+01    6.581042e-01
    2.540000e+01    6.581044e-01
    2.542000e+01    6.581047e-01
    2.544000e+01    6.581049e-01
    2.546000e+01    6.581051e-01
    2.548000e+01    6.581054e-01
    2.550000e+01    6.581056e-01
    2.552000e+01    6.581058e-01
    2.554000e+01    6.581060e-01
    2.556000e+01    6.581062e-01
    2.558000e+01    6.581064e-01
    2.560000e+01    6.581066e-01
    2.562000e+01    6.581068e-01
    2.564000e+01    6.581070e-01
    2.566000e+01    6.581072e-01
    2.568000e+01    6.581074e-01
    2.570000e+01    6.581075e-01
    2.572000e+01    6.581077e-01
    2.574000e+01    6.581079e-01
    2.576000e+01    6.581080e-01
    2.578000e+01    6.581082e-01
    2.580000e+01    6.581083e-01
    2.582000e+01    6.581085e-01
    2.584000e+01    6.581086e-01
    2.586000e+01    6.581088e-01
    2.588000e+01    6.581089e-01
    2.590000e+01    6.581090e-01
    2.592000e+01    6.581092e-01
    2.594000e+01    6.581093e-01
    2.596000e+01    6.581094e-01
    2.598000e+01    6.581095e-01
    2.600000e+01    6.581096e-01
    2.602000e+01    6.581097e-01
    2.604000e+01    6.581098e-01
    2.606000e+01    6.581099e-01
    2.608000e+01    6.581100e-01
    2.610000e+01    6.581101e-01
    2.612000e+01    6.581102e-01
    2.614000e+01    6.581103e-01
    2.616000e+01    6.581104e-01
    2.618000e+01    6.581105e-01
    2.620000e+01    6.581105e-01
    2.622000e+01    6.581106e-01
    2.624000e+01    6.581107e-01
    2.626000e+01    6.581107e-01
    2.628000e+01    6.581108e-01
    2.630000e+01    6.581109e-01
    2.632000e+01    6.581109e-01
    2.634000e+01    6.581110e-01
    2.636000e+01    6.581110e-01
    2.638000e+01    6.581111e-01
    2.640000e+01    6.581111e-01
    2.642000e+01    6.581111e-01
    2.644000e+01    6.581112e-01
    2.646000e+01    6.581112e-01
    2.648000e+01    6.581112e-01
    2.650000e+01    6.581113e-01
    2.652000e+01    6.581113e-01
    2.654000e+01    6.581113e-01
    2.656000e+01    6.581113e-01
    2.658000e+01    6.581113e-01
    2.660000e+01    6.581113e-01
    2.662000e+01    6.581114e-01
    2.664000e+01    6.581114e-01
    2.666000e+01    6.581114e-01
    2.668000e+01    6.581114e-01
    2.670000e+01    6.581114e-01
    2.672000e+01    6.581114e-01
    2.674000e+01    6.581114e-01
    2.676000e+01    6.581114e-01
    2.678000e+01    6.581113e-01
    2.680000e+01    6.581113e-01
    2.682000e+01    6.581113e-01
    2.684000e+01    6.581113e-01
    2.686000e+01    6.581113e-01
    2.688000e+01    6.581113e-01
    2.690000e+01    6.581112e-01
    2.692000e+01    6.581112e-01
    2.694000e+01    6.581112e-01
    2.696000e+01    6.581111e-01
    2.698000e+01    6.581111e-01
    2.700000e+01    6.581111e-01
    2.702000e+01    6.581110e-01
    2.704000e+01    6.581110e-01
    2.706000e+01    6.581109e-01
    2.708000e+01    6.581109e-01
    2.710000e+01    6.581108e-01
    2.712000e+01    6.581108e-01
    2.714000e+01    6.581107e-01
    2.716000e+01    6.581107e-01
    2.718000e+01    6.581106e-01
    2.720000e+01    6.581105e-01
    2.722000e+01    6.581105e-01
    2.724000e+01    6.581104e-01
    2.726000e+01    6.581103e-01
    2.728000e+01    6.581103e-01
    2.730000e+01    6.581102e-01
    2.732000e+01    6.581101e-01
    2.734000e+01    6.581100e-01
    2.736000e+01    6.581099e-01
    2.738000e+01    6.581099e-01
    2.740000e+01    6.581098e-01
    2.742000e+01    6.581097e-01
    2.744000e+01    6.581096e-01
    2.746000e+01    6.581095e-01
    2.748000e+01    6.581094e-01
    2.750000e+01    6.581093e-01
    2.752000e+01    6.581092e-01
    2.754000e+01    6.581091e-01
    2.756000e+01    6.581090e-01
    2.758000e+01    6.581089e-01
    2.760000e+01    6.581088e-01
    2.762000e+01    6.581087e-01
    2.764000e+01    6.581086e-01
    2.766000e+01    6.581085e-01
    2.768000e+01    6.581084e-01
    2.770000e+01    6.581082e-01
    2.772000e+01    6.581081e-01
    2.774000e+01    6.581080e-01
    2.776000e+01    6.581079e-01
    2.778000e+01    6.581078e-01
    2.780000e+01    6.581076e-01
    2.782000e+01    6.581075e-01
    2.784000e+01    6.581074e-01
    2.786000e+01    6.581073e-01
    2.788000e+01    6.581071e-01
    2.790000e+01    6.581070e-01
    2.792000e+01    6.581069e-01
    2.794000e+01    6.581067e-01
    2.796000e+01    6.581066e-01
    2.798000e+01    6.581065e-01
    2.800000e+01    6.581063e-01
    2.802000e+01    6.581062e-01
    2.804000e+01    6.581061e-01
    2.806000e+01    6.581059e-01
    2.808000e+01    6.581058e-01
    2.810000e+01    6.581056e-01
    2.812000e+01    6.581055e-01
    2.814000e+01    6.581053e-01
    2.816000e+01    6.581052e-01
    2.818000e+01    6.581050e-01
    2.820000e+01    6.581049e-01
    2.822000e+01    6.581047e-01
    2.824000e+01    6.581046e-01
    2.826000e+01    6.581044e-01
    2.828000e+01    6.581043e-01
    2.830000e+01    6.581041e-01
    2.832000e+01    6.581039e-01
    2.834000e+01    6.581038e-01
    2.836000e+01    6.581036e-01
    2.838000e+01    6.581035e-01
    2.840000e+01    6.581033e-01
    2.842000e+01    6.581031e-01
    2.844000e+01    6.581030e-01
    2.846000e+01    6.581028e-01
    2.848000e+01    6.581026e-01
    2.850000e+01    6.581025e-01
    2.852000e+01    6.581023e-01
    2.854000e+01    6.581021e-01
    2.856000e+01    6.581020e-01
    2.858000e+01    6.581018e-01
    2.860000e+01    6.581016e-01
    2.862000e+01    6.581015e-01
    2.864000e+01    6.581013e-01
    2.866000e+01    6.581011e-01
    2.868000e+01    6.581010e-01
    2.870000e+01    6.581008e-01
    2.872000e+01    6.581006e-01
    2.874000e+01    6.581005e-01
    2.876000e+01    6.581003e-01
    2.878000e+01    6.581001e-01
    2.880000e+01    6.581000e-01
    2.882000e+01    6.580998e-01
    2.884000e+01    6.580996e-01
    2.886000e+01    6.580994e-01
    2.888000e+01    6.580993e-01
    2.890000e+01    6.580991e-01
    2.892000e+01    6.580989e-01
    2.894000e+01    6.580987e-01
    2.896000e+01    6.580985e-01
    2.898000e+01    6.580984e-01
    2.900000e+01    6.580982e-01
    2.902000e+01    6.580980e-01
    2.904000e+01    6.580978e-01
    2.906000e+01    6.580976e-01
    2.908000e+01    6.580974e-01
    2.910000e+01    6.580973e-01
    2.912000e+01    6.580971e-01
    2.914000e+01    6.580969e-01
    2.916000e+01    6.580967e-01
    2.918000e+01    6.580965e-01
    2.920000e+01    6.580963e-01
    2.922000e+01    6.580961e-01
    2.924000e+01    6.580959e-01
    2.926000e+01    6.580957e-01
    2.928000e+01    6.580956e-01
    2.930000e+01    6.580954e-01
    2.932000e+01    6.580952e-01
    2.934000e+01    6.580950e-01
    2.936000e+01    6.580948e-01
    2.938000e+01    6.580946e-01
    2.940000e+01    6.580944e-01
    2.942000e+01    6.580942e-01
    2.944000e+01    6.580940e-01
    2.946000e+01    6.580938e-01
    2.948000e+01    6.580936e-01
    2.950000e+01    6.580934e-01
    2.952000e+01    6.580932e-01
    2.954000e+01    6.580930e-01
    2.956000e+01    6.580928e-01
    2.958000e+01    6.580926e-01
    2.960000e+01    6.580924e-01
    2.962000e+01    6.580922e-01
    2.964000e+01    6.580920e-01
    2.966000e+01    6.580918e-01
    2.968000e+01    6.580916e-01
    2.970000e+01    6.580914e-01
    2.972000e+01    6.580912e-01
    2.974000e+01    6.580910e-01
    2.976000e+01    6.580908e-01
    2.978000e+01    6.580906e-01
    2.980000e+01    6.580904e-01
    2.982000e+01    6.580902e-01
    2.984000e+01    6.580900e-01
    2.986000e+01    6.580898e-01
    2.988000e+01    6.580896e-01
    2.990000e+01    6.580894e-01
    2.992000e+01    6.580892e-01
    2.994000e+01    6.580891e-01
    2.996000e+01    6.580889e-01
    2.998000e+01    6.580887e-01
    3.000000e+01    6.580885e-01
    3.002000e+01    6.580883e-01
    3.004000e+01    6.580881e-01
    3.006000e+01    6.580879e-01
    3.008000e+01    6.580877e-01
    3.010000e+01    6.580875e-01
    3.012000e+01    6.580873e-01
    3.014000e+01    6.580871e-01
    3.016000e+01    6.580870e-01
    3.018000e+01    6.580868e-01
    3.020000e+01    6.580866e-01
    3.022000e+01    6.580864e-01
    3.024000e+01    6.580862e-01
    3.026000e+01    6.580860e-01
    3.028000e+01    6.580858e-01
    3.030000e+01    6.580856e-01
    3.032000e+01    6.580854e-01
    3.034000e+01    6.580852e-01
    3.036000e+01    6.580850e-01
    3.038000e+01    6.580848e-01
    3.040000e+01    6.580846e-01
    3.042000e+01    6.580844e-01
    3.044000e+01    6.580842e-01
    3.046000e+01    6.580840e-01
    3.048000e+01    6.580838e-01
    3.050000e+01    6.580836e-01
    3.052000e+01    6.580835e-01
    3.054000e+01    6.580833e-01
    3.056000e+01    6.580831e-01
    3.058000e+01    6.580829e-01
    3.060000e+01    6.580827e-01
    3.062000e+01    6.580825e-01
    3.064000e+01    6.580823e-01
    3.066000e+01    6.580821e-01
    3.068000e+01    6.580819e-01
    3.070000e+01    6.580817e-01
    3.072000e+01    6.580815e-01
    3.074000e+01    6.580812e-01
    3.076000e+01    6.580810e-01
    3.078000e+01    6.580808e-01
    3.080000e+01    6.580806e-01
    3.082000e+01    6.580804e-01
    3.084000e+01    6.580802e-01
    3.086000e+01    6.580800e-01
    3.088000e+01    6.580798e-01
    3.090000e+01    6.580796e-01
    3.092000e+01    6.580794e-01
    3.094000e+01    6.580792e-01
    3.096000e+01    6.580790e-01
    3.098000e+01    6.580788e-01
    3.100000e+01    6.580786e-01
    3.102000e+01    6.580784e-01
    3.104000e+01    6.580782e-01
    3.106000e+01    6.580780e-01
    3.108000e+01    6.580778e-01
    3.110000e+01    6.580776e-01
    3.112000e+01    6.580774e-01
    3.114000e+01    6.580772e-01
    3.116000e+01    6.580770e-01
    3.118000e+01    6.580768e-01
    3.120000e+01    6.580766e-01
    3.122000e+01    6.580764e-01
    3.124000e+01    6.580762e-01
    3.126000e+01    6.580760e-01
    3.128000e+01    6.580757e-01
    3.130000e+01    6.580755e-01
    3.132000e+01    6.580753e-01
    3.134000e+01    6.580751e-01
    3.136000e+01    6.580749e-01
    3.138000e+01    6.580747e-01
    3.140000e+01    6.580745e-01
    3.142000e+01    6.580743e-01
    3.144000e+01    6.580741e-01
    3.146000e+01    6.580739e-01
    3.148000e+01    6.580737e-01
    3.150000e+01    6.580735e-01
    3.152000e+01    6.580733e-01
    3.154000e+01    6.580730e-01
    3.156000e+01    6.580728e-01
    3.158000e+01    6.580726e-01
    3.160000e+01    6.580724e-01
    3.162000e+01    6.580722e-01
    3.164000e+01    6.580720e-01
    3.166000e+01    6.580718e-01
    3.168000e+01    6.580716e-01
    3.170000e+01    6.580714e-01
    3.172000e+01    6.580712e-01
    3.174000e+01    6.580710e-01
    3.176000e+01    6.580707e-01
    3.178000e+01    6.580705e-01
    3.180000e+01    6.580703e-01
    3.182000e+01    6.580701e-01
    3.184000e+01    6.580699e-01
    3.186000e+01    6.580697e-01
    3.188000e+01    6.580695e-01
    3.190000e+01    6.580693e-01
    3.192000e+01    6.580691e-01
    3.194000e+01    6.580689e-01
    3.196000e+01    6.580686e-01
    3.198000e+01    6.580684e-01
    3.200000e+01    6.580682e-01
    3.202000e+01    6.580680e-01
    3.204000e+01    6.580678e-01
    3.206000e+01    6.580676e-01
    3.208000e+01    6.580674e-01
    3.210000e+01    6.580672e-01
    3.212000e+01    6.580669e-01
    3.214000e+01    6.580667e-01
    3.216000e+01    6.580665e-01
    3.218000e+01    6.580663e-01
    3.220000e+01    6.580661e-01
    3.222000e+01    6.580659e-01
    3.224000e+01    6.580657e-01
    3.226000e+01    6.580655e-01
    3.228000e+01    6.580653e-01
    3.230000e+01    6.580651e-01
    3.232000e+01    6.580648e-01
    3.234000e+01    6.580646e-01
    3.236000e+01    6.580644e-01
    3.238000e+01    6.580642e-01
    3.240000e+01    6.580640e-01
    3.242000e+01    6.580638e-01
    3.244000e+01    6.580636e-01
    3.246000e+01    6.580634e-01
    3.248000e+01    6.580632e-01
    3.250000e+01    6.580629e-01
    3.252000e+01    6.580627e-01
    3.254000e+01    6.580625e-01
    3.256000e+01    6.580623e-01
    3.258000e+01    6.580621e-01
    3.260000e+01    6.580619e-01
    3.262000e+01    6.580617e-01
    3.264000e+01    6.580615e-01
    3.266000e+01    6.580613e-01
    3.268000e+01    6.580611e-01
    3.270000e+01    6.580608e-01
    3.272000e+01    6.580606e-01
    3.274000e+01    6.580604e-01
    3.276000e+01    6.580602e-01
    3.278000e+01    6.580600e-01
    3.280000e+01    6.580598e-01
    3.282000e+01    6.580596e-01
    3.284000e+01    6.580594e-01
    3.286000e+01    6.580592e-01
    3.288000e+01    6.580590e-01
    3.290000e+01    6.580588e-01
    3.292000e+01    6.580586e-01
    3.294000e+01    6.580584e-01
    3.296000e+01    6.580582e-01
    3.298000e+01    6.580579e-01
    3.300000e+01    6.580577e-01
    3.302000e+01    6.580575e-01
    3.304000e+01    6.580573e-01
    3.306000e+01    6.580571e-01
    3.308000e+01    6.580569e-01
    3.310000e+01    6.580567e-01
    3.312000e+01    6.580565e-01
    3.314000e+01    6.580563e-01
    3.316000e+01    6.580561e-01
    3.318000e+01    6.580559e-01
    3.320000e+01    6.580556e-01
    3.322000e+01    6.580554e-01
    3.324000e+01    6.580552e-01
    3.326000e+01    6.580550e-01
    3.328000e+01    6.580548e-01
    3.330000e+01    6.580546e-01
    3.332000e+01    6.580544e-01
    3.334000e+01    6.580542e-01
    3.336000e+01    6.580540e-01
    3.338000e+01    6.580537e-01
    3.340000e+01    6.580535e-01
    3.342000e+01    6.580533e-01
    3.344000e+01    6.580531e-01
    3.346000e+01    6.580529e-01
    3.348000e+01    6.580527e-01
    3.350000e+01    6.580525e-01
    3.352000e+01    6.580523e-01
    3.354000e+01    6.580520e-01
    3.356000e+01    6.580518e-01
    3.358000e+01    6.580516e-01
    3.360000e+01    6.580514e-01
    3.362000e+01    6.580512e-01
    3.364000e+01    6.580510e-01
    3.366000e+01    6.580508e-01
    3.368000e+01    6.580506e-01
    3.370000e+01    6.580503e-01
    3.372000e+01    6.580501e-01
    3.374000e+01    6.580499e-01
    3.376000e+01    6.580497e-01
    3.378000e+01    6.580495e-01
    3.380000e+01    6.580493e-01
    3.382000e+01    6.580491e-01
    3.384000e+01    6.580489e-01
    3.386000e+01    6.580487e-01
    3.388000e+01    6.580485e-01
    3.390000e+01    6.580482e-01
    3.392000e+01    6.580480e-01
    3.394000e+01    6.580478e-01
    3.396000e+01    6.580476e-01
    3.398000e+01    6.580474e-01
    3.400000e+01    6.580472e-01
    3.402000e+01    6.580470e-01
    3.404000e+01    6.580468e-01
    3.406000e+01    6.580466e-01
    3.408000e+01    6.580464e-01
    3.410000e+01    6.580462e-01
    3.412000e+01    6.580460e-01
    3.414000e+01    6.580458e-01
    3.416000e+01    6.580456e-01
    3.418000e+01    6.580454e-01
    3.420000e+01    6.580452e-01
    3.422000e+01    6.580449e-01
    3.424000e+01    6.580447e-01
    3.426000e+01    6.580445e-01
    3.428000e+01    6.580443e-01
    3.430000e+01    6.580441e-01
    3.432000e+01    6.580439e-01
    3.434000e+01    6.580437e-01
    3.436000e+01    6.580435e-01
    3.438000e+01    6.580433e-01
    3.440000e+01    6.580431e-01
    3.442000e+01    6.580429e-01
    3.444000e+01    6.580427e-01
    3.446000e+01    6.580425e-01
    3.448000e+01    6.580423e-01
    3.450000e+01    6.580421e-01
    3.452000e+01    6.580419e-01
    3.454000e+01    6.580417e-01
    3.456000e+01    6.580415e-01
    3.458000e+01    6.580414e-01
    3.460000e+01    6.580412e-01
    3.462000e+01    6.580410e-01
    3.464000e+01    6.580408e-01
    3.466000e+01    6.580406e-01
    3.468000e+01    6.580404e-01
    3.470000e+01    6.580402e-01
    3.472000e+01    6.580400e-01
    3.474000e+01    6.580398e-01
    3.476000e+01    6.580396e-01
    3.478000e+01    6.580394e-01
    3.480000e+01    6.580392e-01
    3.482000e+01    6.580390e-01
    3.484000e+01    6.580388e-01
    3.486000e+01    6.580386e-01
    3.488000e+01    6.580385e-01
    3.490000e+01    6.580383e-01
    3.492000e+01    6.580381e-01
    3.494000e+01    6.580379e-01
    3.496000e+01    6.580377e-01
    3.498000e+01    6.580375e-01
    3.500000e+01    6.580373e-01
    3.502000e+01    6.580371e-01
    3.504000e+01    6.580369e-01
    3.506000e+01    6.580368e-01
    3.508000e+01    6.580366e-01
    3.510000e+01    6.580364e-01
    3.512000e+01    6.580362e-01
    3.514000e+01    6.580360e-01
    3.516000e+01    6.580358e-01
    3.518000e+01    6.580356e-01
    3.520000e+01    6.580355e-01
    3.522000e+01    6.580353e-01
    3.524000e+01    6.580351e-01
    3.526000e+01    6.580349e-01
    3.528000e+01    6.580347e-01
    3.530000e+01    6.580345e-01
    3.532000e+01    6.580344e-01
    3.534000e+01    6.580342e-01
    3.536000e+01    6.580340e-01
    3.538000e+01    6.580338e-01
    3.540000e+01    6.580336e-01
    3.542000e+01    6.580335e-01
    3.544000e+01    6.580333e-01
    3.546000e+01    6.580331e-01
    3.548000e+01    6.580329e-01
    3.550000e+01    6.580327e-01
    3.552000e+01    6.580326e-01
    3.554000e+01    6.580324e-01
    3.556000e+01    6.580322e-01
    3.558000e+01    6.580320e-01
    3.560000e+01    6.580319e-01
    3.562000e+01    6.580317e-01
    3.564000e+01    6.580315e-01
    3.566000e+01    6.580313e-01
    3.568000e+01    6.580312e-01
    3.570000e+01    6.580310e-01
    3.572000e+01    6.580308e-01
    3.574000e+01    6.580306e-01
    3.576000e+01    6.580305e-01
    3.578000e+01    6.580303e-01
    3.580000e+01    6.580301e-01
    3.582000e+01    6.580299e-01
    3.584000e+01    6.580298e-01
    3.586000e+01    6.580296e-01
    3.588000e+01    6.580294e-01
    3.590000e+01    6.580293e-01
    3.592000e+01    6.580291e-01
    3.594000e+01    6.580289e-01
    3.596000e+01    6.580288e-01
    3.598000e+01    6.580286e-01
    3.600000e+01    6.580284e-01
    3.602000e+01    6.580283e-01
    3.604000e+01    6.580281e-01
    3.606000e+01    6.580279e-01
    3.608000e+01    6.580278e-01
    3.610000e+01    6.580276e-01
    3.612000e+01    6.580274e-01
    3.614000e+01    6.580273e-01
    3.616000e+01    6.580271e-01
    3.618000e+01    6.580269e-01
    3.620000e+01    6.580268e-01
    3.622000e+01    6.580266e-01
    3.624000e+01    6.580265e-01
    3.626000e+01    6.580263e-01
    3.628000e+01    6.580261e-01
    3.630000e+01    6.580260e-01
    3.632000e+01    6.580258e-01
    3.634000e+01    6.580257e-01
    3.636000e+01    6.580255e-01
    3.638000e+01    6.580253e-01
    3.640000e+01    6.580252e-01
    3.642000e+01    6.580250e-01
    3.644000e+01    6.580249e-01
    3.646000e+01    6.580247e-01
    3.648000e+01    6.580246e-01
    3.650000e+01    6.580244e-01
    3.652000e+01    6.580242e-01
    3.654000e+01    6.580241e-01
    3.656000e+01    6.580239e-01
    3.658000e+01    6.580238e-01
    3.660000e+01    6.580236e-01
    3.662000e+01    6.580235e-01
    3.664000e+01    6.580233e-01
    3.666000e+01    6.580232e-01
    3.668000e+01    6.580230e-01
    3.670000e+01    6.580229e-01
    3.672000e+01    6.580227e-01
    3.674000e+01    6.580225e-01
    3.676000e+01    6.580224e-01
    3.678000e+01    6.580222e-01
    3.680000e+01    6.580221e-01
    3.682000e+01    6.580219e-01
    3.684000e+01    6.580218e-01
    3.686000e+01    6.580216e-01
    3.688000e+01    6.580215e-01
    3.690000e+01    6.580213e-01
    3.692000e+01    6.580212e-01
    3.694000e+01    6.580210e-01
    3.696000e+01    6.580209e-01
    3.698000e+01    6.580207e-01
    3.700000e+01    6.580206e-01
    3.702000e+01    6.580204e-01
    3.704000e+01    6.580203e-01
    3.706000e+01    6.580201e-01
    3.708000e+01    6.580200e-01
    3.710000e+01    6.580198e-01
    3.712000e+01    6.580197e-01
    3.714000e+01    6.580195e-01
    3.716000e+01    6.580194e-01
    3.718000e+01    6.580193e-01
    3.720000e+01    6.580191e-01
    3.722000e+01    6.580190e-01
    3.724000e+01    6.580188e-01
    3.726000e+01    6.580187e-01
    3.728000e+01    6.580185e-01
    3.730000e+01    6.580184e-01
    3.732000e+01    6.580182e-01
    3.734000e+01    6.580181e-01
    3.736000e+01    6.580180e-01
    3.738000e+01    6.580178e-01
    3.740000e+01    6.580177e-01
    3.742000e+01    6.580175e-01
    3.744000e+01    6.580174e-01
    3.746000e+01    6.580172e-01
    3.748000e+01    6.580171e-01
    3.750000e+01    6.580170e-01
    3.752000e+01    6.580168e-01
    3.754000e+01    6.580167e-01
    3.756000e+01    6.580165e-01
    3.758000e+01    6.580164e-01
    3.760000e+01    6.580163e-01
    3.762000e+01    6.580161e-01
    3.764000e+01    6.580160e-01
    3.766000e+01    6.580158e-01
    3.768000e+01    6.580157e-01
    3.770000e+01    6.580156e-01
    3.772000e+01    6.580154e-01
    3.774000e+01    6.580153e-01
    3.776000e+01    6.580152e-01
    3.778000e+01    6.580150e-01
    3.780000e+01    6.580149e-01
    3.782000e+01    6.580147e-01
    3.784000e+01    6.580146e-01
    3.786000e+01    6.580145e-01
    3.788000e+01    6.580143e-01
    3.790000e+01    6.580142e-01
    3.792000e+01    6.580141e-01
    3.794000e+01    6.580139e-01
    3.796000e+01    6.580138e-01
    3.798000e+01    6.580137e-01
    3.800000e+01    6.580135e-01
    3.802000e+01    6.580134e-01
    3.804000e+01    6.580133e-01
    3.806000e+01    6.580131e-01
    3.808000e+01    6.580130e-01
    3.810000e+01    6.580129e-01
    3.812000e+01    6.580127e-01
    3.814000e+01    6.580126e-01
    3.816000e+01    6.580125e-01
    3.818000e+01    6.580123e-01
    3.820000e+01    6.580122e-01
    3.822000e+01    6.580121e-01
    3.824000e+01    6.580120e-01
    3.826000e+01    6.580118e-01
    3.828000e+01    6.580117e-01
    3.830000e+01    6.580116e-01
    3.832000e+01    6.580114e-01
    3.834000e+01    6.580113e-01
    3.836000e+01    6.580112e-01
    3.838000e+01    6.580111e-01
    3.840000e+01    6.580109e-01
    3.842000e+01    6.580108e-01
    3.844000e+01    6.580107e-01
    3.846000e+01    6.580105e-01
    3.848000e+01    6.580104e-01
    3.850000e+01    6.580103e-01
    3.852000e+01    6.580102e-01
    3.854000e+01    6.580100e-01
    3.856000e+01    6.580099e-01
    3.858000e+01    6.580098e-01
    3.860000e+01    6.580097e-01
    3.862000e+01    6.580095e-01
    3.864000e+01    6.580094e-01
    3.866000e+01    6.580093e-01
    3.868000e+01    6.580092e-01
    3.870000e+01    6.580090e-01
    3.872000e+01    6.580089e-01
    3.874000e+01    6.580088e-01
    3.876000e+01    6.580087e-01
    3.878000e+01    6.580086e-01
    3.880000e+01    6.580084e-01
    3.882000e+01    6.580083e-01
    3.884000e+01    6.580082e-01
    3.886000e+01    6.580081e-01
    3.888000e+01    6.580080e-01
    3.890000e+01    6.580078e-01
    3.892000e+01    6.580077e-01
    3.894000e+01    6.580076e-01
    3.896000e+01    6.580075e-01
    3.898000e+01    6.580073e-01
    3.900000e+01    6.580072e-01
    3.902000e+01    6.580071e-01
    3.904000e+01    6.580070e-01
    3.906000e+01    6.580069e-01
    3.908000e+01    6.580067e-01
    3.910000e+01    6.580066e-01
    3.912000e+01    6.580065e-01
    3.914000e+01    6.580064e-01
    3.916000e+01    6.580063e-01
    3.918000e+01    6.580061e-01
    3.920000e+01    6.580060e-01
    3.922000e+01    6.580059e-01
    3.924000e+01    6.580058e-01
    3.926000e+01    6.580057e-01
    3.928000e+01    6.580055e-01
    3.930000e+01    6.580054e-01
    3.932000e+01    6.580053e-01
    3.934000e+01    6.580052e-01
    3.936000e+01    6.580051e-01
    3.938000e+01    6.580050e-01
    3.940000e+01    6.580048e-01
    3.942000e+01    6.580047e-01
    3.944000e+01    6.580046e-01
    3.946000e+01    6.580045e-01
    3.948000e+01    6.580044e-01
    3.950000e+01    6.580042e-01
    3.952000e+01    6.580041e-01
    3.954000e+01    6.580040e-01
    3.956000e+01    6.580039e-01
    3.958000e+01    6.580038e-01
    3.960000e+01    6.580037e-01
    3.962000e+01    6.580035e-01
    3.964000e+01    6.580034e-01
    3.966000e+01    6.580033e-01
    3.968000e+01    6.580032e-01
    3.970000e+01    6.580031e-01
    3.972000e+01    6.580030e-01
    3.974000e+01    6.580029e-01
    3.976000e+01    6.580027e-01
    3.978000e+01    6.580026e-01
    3.980000e+01    6.580025e-01
    3.982000e+01    6.580024e-01
    3.984000e+01    6.580023e-01
    3.986000e+01    6.580022e-01
    3.988000e+01    6.580020e-01
    3.990000e+01    6.580019e-01
    3.992000e+01    6.580018e-01
    3.994000e+01    6.580017e-01
    3.996000e+01    6.580016e-01
    3.998000e+01    6.580015e-01
