    0.000000e+00             nan
    2.000000e-02    5.289191e-05
    4.000000e-02    6.309665e-04
    6.000000e-02    2.467828e-03
    8.000000e-02    6.093627e-03
    1.000000e-01    1.171269e-02
    1.200000e-01    1.926517e-02
    1.400000e-01    2.853376e-02
    1.600000e-01    3.923027e-02
    1.800000e-01    5.105510e-02
    2.000000e-01    6.373006e-02
    2.200000e-01    7.701108e-02
    2.400000e-01    9.068985e-02
    2.600000e-01    1.045916e-01
    2.800000e-01    1.185723e-01
    3.000000e-01    1.325161e-01
    3.200000e-01    1.463317e-01
    3.400000e-01    1.599494e-01
    3.600000e-01    1.733166e-01
    3.800000e-01    1.863935e-01
    4.000000e-01    1.991509e-01
    4.200000e-01    2.115681e-01
    4.400000e-01    2.236318e-01
    4.600000e-01    2.353339e-01
    4.800000e-01    2.466707e-01
    5.000000e-01    2.576418e-01
    5.200000e-01    2.682497e-01
    5.400000e-01    2.784990e-01
    5.600000e-01    2.883960e-01
    5.800000e-01    2.979483e-01
    6.000000e-01    3.071638e-01
    6.200000e-01    3.160512e-01
    6.400000e-01    3.246192e-01
    6.600000e-01    3.328772e-01
    6.800000e-01    3.408342e-01
    7.000000e-01    3.484995e-01
    7.200000e-01    3.558819e-01
    7.400000e-01    3.629900e-01
    7.600000e-01    3.698331e-01
    7.800000e-01    3.764204e-01
    8.000000e-01    3.827608e-01
    8.200000e-01    3.888630e-01
    8.400000e-01    3.947352e-01
    8.600000e-01    4.003857e-01
    8.800000e-01    4.058223e-01
    9.000000e-01    4.110528e-01
    9.200000e-01    4.160845e-01
    9.400000e-01    4.209248e-01
    9.600000e-01    4.255804e-01
    9.800000e-01    4.300582e-01
    1.000000e+00    4.343646e-01
    1.020000e+00    4.385059e-01
    1.040000e+00    4.424881e-01
    1.060000e+00    4.463175e-01
    1.080000e+00    4.499997e-01
    1.100000e+00    4.535401e-01
    1.120000e+00    4.569437e-01
    1.140000e+00    4.602156e-01
    1.160000e+00    4.633608e-01
    1.180000e+00    4.663841e-01
    1.200000e+00    4.692901e-01
    1.220000e+00    4.720833e-01
    1.240000e+00    4.747678e-01
    1.260000e+00    4.773479e-01
    1.280000e+00    4.798274e-01
    1.300000e+00    4.822100e-01
    1.320000e+00    4.844995e-01
    1.340000e+00    4.866994e-01
    1.360000e+00    4.888129e-01
    1.380000e+00    4.908436e-01
    1.400000e+00    4.927944e-01
    1.420000e+00    4.946685e-01
    1.440000e+00    4.964687e-01
    1.460000e+00    4.981980e-01
    1.480000e+00    4.998590e-01
    1.500000e+00    5.014542e-01
    1.520000e+00    5.029863e-01
    1.540000e+00    5.044575e-01
    1.560000e+00    5.058701e-01
    1.580000e+00    5.072260e-01
    1.600000e+00    5.085273e-01
    1.620000e+00    5.097759e-01
    1.640000e+00    5.109738e-01
    1.660000e+00    5.121227e-01
    1.680000e+00    5.132245e-01
    1.700000e+00    5.142811e-01
    1.720000e+00    5.152942e-01
    1.740000e+00    5.162656e-01
    1.760000e+00    5.171968e-01
    1.780000e+00    5.180896e-01
    1.800000e+00    5.189453e-01
    1.820000e+00    5.197653e-01
    1.840000e+00    5.205507e-01
    1.860000e+00    5.213026e-01
    1.880000e+00    5.220221e-01
    1.900000e+00    5.227102e-01
    1.920000e+00    5.233681e-01
    1.940000e+00    5.239970e-01
    1.960000e+00    5.245981e-01
    1.980000e+00    5.251729e-01
    2.000000e+00    5.257226e-01
    2.020000e+00    5.262486e-01
    2.040000e+00    5.267518e-01
    2.060000e+00    5.272329e-01
    2.080000e+00    5.276922e-01
    2.100000e+00    5.281301e-01
    2.120000e+00    5.285471e-01
    2.140000e+00    5.289440e-01
    2.160000e+00    5.293213e-01
    2.180000e+00    5.296799e-01
    2.200000e+00    5.300205e-01
    2.220000e+00    5.303437e-01
    2.240000e+00    5.306503e-01
    2.260000e+00    5.309408e-01
    2.280000e+00    5.312159e-01
    2.300000e+00    5.314760e-01
    2.320000e+00    5.317216e-01
    2.340000e+00    5.319534e-01
    2.360000e+00    5.321717e-01
    2.380000e+00    5.323772e-01
    2.400000e+00    5.325701e-01
    2.420000e+00    5.327510e-01
    2.440000e+00    5.329202e-01
    2.460000e+00    5.330783e-01
    2.480000e+00    5.332256e-01
    2.500000e+00    5.333625e-01
    2.520000e+00    5.334894e-01
    2.540000e+00    5.336066e-01
    2.560000e+00    5.337146e-01
    2.580000e+00    5.338138e-01
    2.600000e+00    5.339044e-01
    2.620000e+00    5.339868e-01
    2.640000e+00    5.340613e-01
    2.660000e+00    5.341279e-01
    2.680000e+00    5.341872e-01
    2.700000e+00    5.342394e-01
    2.720000e+00    5.342849e-01
    2.740000e+00    5.343240e-01
    2.760000e+00    5.343568e-01
    2.780000e+00    5.343835e-01
    2.800000e+00    5.344044e-01
    2.820000e+00    5.344195e-01
    2.840000e+00    5.344292e-01
    2.860000e+00    5.344335e-01
    2.880000e+00    5.344328e-01
    2.900000e+00    5.344272e-01
    2.920000e+00    5.344169e-01
    2.940000e+00    5.344021e-01
    2.960000e+00    5.343830e-01
    2.980000e+00    5.343598e-01
    3.000000e+00    5.343326e-01
    3.020000e+00    5.343015e-01
    3.040000e+00    5.342666e-01
    3.060000e+00    5.342278e-01
    3.080000e+00    5.341855e-01
    3.100000e+00    5.341396e-01
    3.120000e+00    5.340906e-01
    3.140000e+00    5.340385e-01
    3.160000e+00    5.339836e-01
    3.180000e+00    5.339259e-01
    3.200000e+00    5.338657e-01
    3.220000e+00    5.338032e-01
    3.240000e+00    5.337384e-01
    3.260000e+00    5.336716e-01
    3.280000e+00    5.336028e-01
    3.300000e+00    5.335323e-01
    3.320000e+00    5.334604e-01
    3.340000e+00    5.333876e-01
    3.360000e+00    5.333143e-01
    3.380000e+00    5.332402e-01
    3.400000e+00    5.331653e-01
    3.420000e+00    5.330892e-01
    3.440000e+00    5.330113e-01
    3.460000e+00    5.329318e-01
    3.480000e+00    5.328510e-01
    3.500000e+00    5.327693e-01
    3.520000e+00    5.326869e-01
    3.540000e+00    5.326039e-01
    3.560000e+00    5.325204e-01
    3.580000e+00    5.324364e-01
    3.600000e+00    5.323519e-01
    3.620000e+00    5.322670e-01
    3.640000e+00    5.321817e-01
    3.660000e+00    5.320958e-01
    3.680000e+00    5.320094e-01
    3.700000e+00    5.319226e-01
    3.720000e+00    5.318353e-01
    3.740000e+00    5.317475e-01
    3.760000e+00    5.316594e-01
    3.780000e+00    5.315708e-01
    3.800000e+00    5.314820e-01
    3.820000e+00    5.313928e-01
    3.840000e+00    5.313034e-01
    3.860000e+00    5.312138e-01
    3.880000e+00    5.311240e-01
    3.900000e+00    5.310340e-01
    3.920000e+00    5.309440e-01
    3.940000e+00    5.308538e-01
    3.960000e+00    5.307637e-01
    3.980000e+00    5.306737e-01
    4.000000e+00    5.305839e-01
    4.020000e+00    5.304943e-01
    4.040000e+00    5.304050e-01
    4.060000e+00    5.303160e-01
    4.080000e+00    5.302273e-01
    4.100000e+00    5.301389e-01
    4.120000e+00    5.300508e-01
    4.140000e+00    5.299630e-01
    4.160000e+00    5.298754e-01
    4.180000e+00    5.297880e-01
    4.200000e+00    5.297008e-01
    4.220000e+00    5.296137e-01
    4.240000e+00    5.295267e-01
    4.260000e+00    5.294399e-01
    4.280000e+00    5.293532e-01
    4.300000e+00    5.292667e-01
    4.320000e+00    5.291805e-01
    4.340000e+00    5.290945e-01
    4.360000e+00    5.290088e-01
    4.380000e+00    5.289235e-01
    4.400000e+00    5.288385e-01
    4.420000e+00    5.287540e-01
    4.440000e+00    5.286698e-01
    4.460000e+00    5.285861e-01
    4.480000e+00    5.285029e-01
    4.500000e+00    5.284201e-01
    4.520000e+00    5.283379e-01
    4.540000e+00    5.282564e-01
    4.560000e+00    5.281757e-01
    4.580000e+00    5.280958e-01
    4.600000e+00    5.280167e-01
    4.620000e+00    5.279384e-01
    4.640000e+00    5.278608e-01
    4.660000e+00    5.277838e-01
    4.680000e+00    5.277073e-01
    4.700000e+00    5.276314e-01
    4.720000e+00    5.275561e-01
    4.740000e+00    5.274813e-01
    4.760000e+00    5.274072e-01
    4.780000e+00    5.273337e-01
    4.800000e+00    5.272609e-01
    4.820000e+00    5.271887e-01
    4.840000e+00    5.271172e-01
    4.860000e+00    5.270464e-01
    4.880000e+00    5.269762e-01
    4.900000e+00    5.269067e-01
    4.920000e+00    5.268379e-01
    4.940000e+00    5.267698e-01
    4.960000e+00    5.267024e-01
    4.980000e+00    5.266356e-01
    5.000000e+00    5.265695e-01
    5.020000e+00    5.265040e-01
    5.040000e+00    5.264392e-01
    5.060000e+00    5.263751e-01
    5.080000e+00    5.263116e-01
    5.100000e+00    5.262488e-01
    5.120000e+00    5.261867e-01
    5.140000e+00    5.261251e-01
    5.160000e+00    5.260643e-01
    5.180000e+00    5.260040e-01
    5.200000e+00    5.259444e-01
    5.220000e+00    5.258855e-01
    5.240000e+00    5.258271e-01
    5.260000e+00    5.257694e-01
    5.280000e+00    5.257122e-01
    5.300000e+00    5.256556e-01
    5.320000e+00    5.255996e-01
    5.340000e+00    5.255441e-01
    5.360000e+00    5.254892e-01
    5.380000e+00    5.254348e-01
    5.400000e+00    5.253809e-01
    5.420000e+00    5.253275e-01
    5.440000e+00    5.252747e-01
    5.460000e+00    5.252223e-01
    5.480000e+00    5.251703e-01
    5.500000e+00    5.251189e-01
    5.520000e+00    5.250679e-01
    5.540000e+00    5.250174e-01
    5.560000e+00    5.249674e-01
    5.580000e+00    5.249178e-01
    5.600000e+00    5.248687e-01
    5.620000e+00    5.248200e-01
    5.640000e+00    5.247718e-01
    5.660000e+00    5.247239e-01
    5.680000e+00    5.246766e-01
    5.700000e+00    5.246296e-01
    5.720000e+00    5.245831e-01
    5.740000e+00    5.245369e-01
    5.760000e+00    5.244912e-01
    5.780000e+00    5.244458e-01
    5.800000e+00    5.244008e-01
    5.820000e+00    5.243562e-01
    5.840000e+00    5.243119e-01
    5.860000e+00    5.242680e-01
    5.880000e+00    5.242245e-01
    5.900000e+00    5.241814e-01
    5.920000e+00    5.241386e-01
    5.940000e+00    5.240963e-01
    5.960000e+00    5.240544e-01
    5.980000e+00    5.240129e-01
    6.000000e+00    5.239719e-01
    6.020000e+00    5.239313e-01
    6.040000e+00    5.238912e-01
    6.060000e+00    5.238514e-01
    6.080000e+00    5.238121e-01
    6.100000e+00    5.237732e-01
    6.120000e+00    5.237347e-01
    6.140000e+00    5.236965e-01
    6.160000e+00    5.236588e-01
    6.180000e+00    5.236214e-01
    6.200000e+00    5.235845e-01
    6.220000e+00    5.235478e-01
    6.240000e+00    5.235116e-01
    6.260000e+00    5.234757e-01
    6.280000e+00    5.234402e-01
    6.300000e+00    5.234050e-01
    6.320000e+00    5.233701e-01
    6.340000e+00    5.233354e-01
    6.360000e+00    5.233009e-01
    6.380000e+00    5.232666e-01
    6.400000e+00    5.232325e-01
    6.420000e+00    5.231987e-01
    6.440000e+00    5.231651e-01
    6.460000e+00    5.231318e-01
    6.480000e+00    5.230986e-01
    6.500000e+00    5.230658e-01
    6.520000e+00    5.230331e-01
    6.540000e+00    5.230008e-01
    6.560000e+00    5.229687e-01
    6.580000e+00    5.229368e-01
    6.600000e+00    5.229052e-01
    6.620000e+00    5.228739e-01
    6.640000e+00    5.228428e-01
    6.660000e+00    5.228120e-01
    6.680000e+00    5.227815e-01
    6.700000e+00    5.227512e-01
    6.720000e+00    5.227211e-01
    6.740000e+00    5.226912e-01
    6.760000e+00    5.226615e-01
    6.780000e+00    5.226320e-01
    6.800000e+00    5.226028e-01
    6.820000e+00    5.225738e-01
    6.840000e+00    5.225450e-01
    6.860000e+00    5.225166e-01
    6.880000e+00    5.224884e-01
    6.900000e+00    5.224605e-01
    6.920000e+00    5.224329e-01
    6.940000e+00    5.224055e-01
    6.960000e+00    5.223785e-01
    6.980000e+00    5.223517e-01
    7.000000e+00    5.223252e-01
    7.020000e+00    5.222989e-01
    7.040000e+00    5.222730e-01
    7.060000e+00    5.222473e-01
    7.080000e+00    5.222219e-01
    7.100000e+00    5.221967e-01
    7.120000e+00    5.221718e-01
    7.140000e+00    5.221472e-01
    7.160000e+00    5.221228e-01
    7.180000e+00    5.220985e-01
    7.200000e+00    5.220744e-01
    7.220000e+00    5.220505e-01
    7.240000e+00    5.220269e-01
    7.260000e+00    5.220037e-01
    7.280000e+00    5.219810e-01
    7.300000e+00    5.219587e-01
    7.320000e+00    5.219369e-01
    7.340000e+00    5.219154e-01
    7.360000e+00    5.218942e-01
    7.380000e+00    5.218734e-01
    7.400000e+00    5.218528e-01
    7.420000e+00    5.218325e-01
    7.440000e+00    5.218124e-01
    7.460000e+00    5.217925e-01
    7.480000e+00    5.217729e-01
    7.500000e+00    5.217534e-01
    7.520000e+00    5.217342e-01
    7.540000e+00    5.217151e-01
    7.560000e+00    5.216963e-01
    7.580000e+00    5.216777e-01
    7.600000e+00    5.216593e-01
    7.620000e+00    5.216411e-01
    7.640000e+00    5.216231e-01
    7.660000e+00    5.216053e-01
    7.680000e+00    5.215877e-01
    7.700000e+00    5.215702e-01
    7.720000e+00    5.215529e-01
    7.740000e+00    5.215358e-01
    7.760000e+00    5.215189e-01
    7.780000e+00    5.215022e-01
    7.800000e+00    5.214857e-01
    7.820000e+00    5.214694e-01
    7.840000e+00    5.214533e-01
    7.860000e+00    5.214374e-01
    7.880000e+00    5.214217e-01
    7.900000e+00    5.214062e-01
    7.920000e+00    5.213910e-01
    7.940000e+00    5.213759e-01
    7.960000e+00    5.213611e-01
    7.980000e+00    5.213464e-01
    8.000000e+00    5.213320e-01
    8.020000e+00    5.213178e-01
    8.040000e+00    5.213037e-01
    8.060000e+00    5.212899e-01
    8.080000e+00    5.212762e-01
    8.100000e+00    5.212628e-01
    8.120000e+00    5.212495e-01
    8.140000e+00    5.212363e-01
    8.160000e+00    5.212234e-01
    8.180000e+00    5.212106e-01
    8.200000e+00    5.211980e-01
    8.220000e+00    5.211855e-01
    8.240000e+00    5.211732e-01
    8.260000e+00    5.211611e-01
    8.280000e+00    5.211490e-01
    8.300000e+00    5.211370e-01
    8.320000e+00    5.211250e-01
    8.340000e+00    5.211129e-01
    8.360000e+00    5.211006e-01
    8.380000e+00    5.210883e-01
    8.400000e+00    5.210758e-01
    8.420000e+00    5.210632e-01
    8.440000e+00    5.210505e-01
    8.460000e+00    5.210378e-01
    8.480000e+00    5.210252e-01
    8.500000e+00    5.210125e-01
    8.520000e+00    5.209999e-01
    8.540000e+00    5.209875e-01
    8.560000e+00    5.209751e-01
    8.580000e+00    5.209628e-01
    8.600000e+00    5.209506e-01
    8.620000e+00    5.209386e-01
    8.640000e+00    5.209267e-01
    8.660000e+00    5.209150e-01
    8.680000e+00    5.209034e-01
    8.700000e+00    5.208920e-01
    8.720000e+00    5.208807e-01
    8.740000e+00    5.208695e-01
    8.760000e+00    5.208584e-01
    8.780000e+00    5.208475e-01
    8.800000e+00    5.208368e-01
    8.820000e+00    5.208261e-01
    8.840000e+00    5.208156e-01
    8.860000e+00    5.208052e-01
    8.880000e+00    5.207949e-01
    8.900000e+00    5.207847e-01
    8.920000e+00    5.207746e-01
    8.940000e+00    5.207647e-01
    8.960000e+00    5.207548e-01
    8.980000e+00    5.207450e-01
    9.000000e+00    5.207352e-01
    9.020000e+00    5.207256e-01
    9.040000e+00    5.207160e-01
    9.060000e+00    5.207065e-01
    9.080000e+00    5.206971e-01
    9.100000e+00    5.206877e-01
    9.120000e+00    5.206784e-01
    9.140000e+00    5.206691e-01
    9.160000e+00    5.206600e-01
    9.180000e+00    5.206508e-01
    9.200000e+00    5.206418e-01
    9.220000e+00    5.206328e-01
    9.240000e+00    5.206239e-01
    9.260000e+00    5.206150e-01
    9.280000e+00    5.206062e-01
    9.300000e+00    5.205974e-01
    9.320000e+00    5.205887e-01
    9.340000e+00    5.205800e-01
    9.360000e+00    5.205714e-01
    9.380000e+00    5.205629e-01
    9.400000e+00    5.205543e-01
    9.420000e+00    5.205459e-01
    9.440000e+00    5.205375e-01
    9.460000e+00    5.205292e-01
    9.480000e+00    5.205209e-01
    9.500000e+00    5.205126e-01
    9.520000e+00    5.205044e-01
    9.540000e+00    5.204963e-01
    9.560000e+00    5.204882e-01
    9.580000e+00    5.204801e-01
    9.600000e+00    5.204721e-01
    9.620000e+00    5.204642e-01
    9.640000e+00    5.204563e-01
    9.660000e+00    5.204485e-01
    9.680000e+00    5.204407e-01
    9.700000e+00    5.204329e-01
    9.720000e+00    5.204252e-01
    9.740000e+00    5.204176e-01
    9.760000e+00    5.204100e-01
    9.780000e+00    5.204025e-01
    9.800000e+00    5.203950e-01
    9.820000e+00    5.203875e-01
    9.840000e+00    5.203802e-01
    9.860000e+00    5.203728e-01
    9.880000e+00    5.203655e-01
    9.900000e+00    5.203583e-01
    9.920000e+00    5.203511e-01
    9.940000e+00    5.203440e-01
    9.960000e+00    5.203369e-01
    9.980000e+00    5.203299e-01
    1.000000e+01    5.203229e-01
    1.002000e+01    5.203160e-01
    1.004000e+01    5.203091e-01
    1.006000e+01    5.203022e-01
    1.008000e+01    5.202954e-01
    1.010000e+01    5.202887e-01
    1.012000e+01    5.202820e-01
    1.014000e+01    5.202753e-01
    1.016000e+01    5.202687e-01
    1.018000e+01    5.202622e-01
    1.020000e+01    5.202557e-01
    1.022000e+01    5.202492e-01
    1.024000e+01    5.202428e-01
    1.026000e+01    5.202365e-01
    1.028000e+01    5.202301e-01
    1.030000e+01    5.202239e-01
    1.032000e+01    5.202177e-01
    1.034000e+01    5.202115e-01
    1.036000e+01    5.202054e-01
    1.038000e+01    5.201993e-01
    1.040000e+01    5.201933e-01
    1.042000e+01    5.201873e-01
    1.044000e+01    5.201813e-01
    1.046000e+01    5.201755e-01
    1.048000e+01    5.201696e-01
    1.050000e+01    5.201638e-01
    1.052000e+01    5.201581e-01
    1.054000e+01    5.201524e-01
    1.056000e+01    5.201468e-01
    1.058000e+01    5.201412e-01
    1.060000e+01    5.201356e-01
    1.062000e+01    5.201302e-01
    1.064000e+01    5.201247e-01
    1.066000e+01    5.201194e-01
    1.068000e+01    5.201140e-01
    1.070000e+01    5.201088e-01
    1.072000e+01    5.201036e-01
    1.074000e+01    5.200984e-01
    1.076000e+01    5.200933e-01
    1.078000e+01    5.200883e-01
    1.080000e+01    5.200833e-01
    1.082000e+01    5.200784e-01
    1.084000e+01    5.200735e-01
    1.086000e+01    5.200687e-01
    1.088000e+01    5.200639e-01
    1.090000e+01    5.200592e-01
    1.092000e+01    5.200546e-01
    1.094000e+01    5.200500e-01
    1.096000e+01    5.200455e-01
    1.098000e+01    5.200410e-01
    1.100000e+01    5.200366e-01
    1.102000e+01    5.200322e-01
    1.104000e+01    5.200279e-01
    1.106000e+01    5.200237e-01
    1.108000e+01    5.200195e-01
    1.110000e+01    5.200153e-01
    1.112000e+01    5.200112e-01
    1.114000e+01    5.200072e-01
    1.116000e+01    5.200032e-01
    1.118000e+01    5.199992e-01
    1.120000e+01    5.199953e-01
    1.122000e+01    5.199915e-01
    1.124000e+01    5.199877e-01
    1.126000e+01    5.199840e-01
    1.128000e+01    5.199803e-01
    1.130000e+01    5.199766e-01
    1.132000e+01    5.199730e-01
    1.134000e+01    5.199694e-01
    1.136000e+01    5.199659e-01
    1.138000e+01    5.199625e-01
    1.140000e+01    5.199590e-01
    1.142000e+01    5.199557e-01
    1.144000e+01    5.199523e-01
    1.146000e+01    5.199490e-01
    1.148000e+01    5.199458e-01
    1.150000e+01    5.199425e-01
    1.152000e+01    5.199394e-01
    1.154000e+01    5.199362e-01
    1.156000e+01    5.199331e-01
    1.158000e+01    5.199301e-01
    1.160000e+01    5.199271e-01
    1.162000e+01    5.199241e-01
    1.164000e+01    5.199211e-01
    1.166000e+01    5.199182e-01
    1.168000e+01    5.199153e-01
    1.170000e+01    5.199125e-01
    1.172000e+01    5.199097e-01
    1.174000e+01    5.199069e-01
    1.176000e+01    5.199042e-01
    1.178000e+01    5.199014e-01
    1.180000e+01    5.198988e-01
    1.182000e+01    5.198961e-01
    1.184000e+01    5.198935e-01
    1.186000e+01    5.198909e-01
    1.188000e+01    5.198884e-01
    1.190000e+01    5.198858e-01
    1.192000e+01    5.198834e-01
    1.194000e+01    5.198809e-01
    1.196000e+01    5.198785e-01
    1.198000e+01    5.198760e-01
    1.200000e+01    5.198737e-01
    1.202000e+01    5.198713e-01
    1.204000e+01    5.198690e-01
    1.206000e+01    5.198667e-01
    1.208000e+01    5.198644e-01
    1.210000e+01    5.198622e-01
    1.212000e+01    5.198600e-01
    1.214000e+01    5.198578e-01
    1.216000e+01    5.198556e-01
    1.218000e+01    5.198535e-01
    1.220000e+01    5.198513e-01
    1.222000e+01    5.198492e-01
    1.224000e+01    5.198472e-01
    1.226000e+01    5.198451e-01
    1.228000e+01    5.198431e-01
    1.230000e+01    5.198411e-01
    1.232000e+01    5.198391e-01
    1.234000e+01    5.198371e-01
    1.236000e+01    5.198352e-01
    1.238000e+01    5.198333e-01
    1.240000e+01    5.198314e-01
    1.242000e+01    5.198295e-01
    1.244000e+01    5.198276e-01
    1.246000e+01    5.198258e-01
    1.248000e+01    5.198239e-01
    1.250000e+01    5.198221e-01
    1.252000e+01    5.198203e-01
    1.254000e+01    5.198185e-01
    1.256000e+01    5.198166e-01
    1.258000e+01    5.198148e-01
    1.260000e+01    5.198131e-01
    1.262000e+01    5.198113e-01
    1.264000e+01    5.198095e-01
    1.266000e+01    5.198078e-01
    1.268000e+01    5.198060e-01
    1.270000e+01    5.198043e-01
    1.272000e+01    5.198025e-01
    1.274000e+01    5.198008e-01
    1.276000e+01    5.197991e-01
    1.278000e+01    5.197974e-01
    1.280000e+01    5.197957e-01
    1.282000e+01    5.197941e-01
    1.284000e+01    5.197924e-01
    1.286000e+01    5.197908e-01
    1.288000e+01    5.197892e-01
    1.290000e+01    5.197875e-01
    1.292000e+01    5.197859e-01
    1.294000e+01    5.197843e-01
    1.296000e+01    5.197828e-01
    1.298000e+01    5.197812e-01
    1.300000e+01    5.197797e-01
    1.302000e+01    5.197781e-01
    1.304000e+01    5.197766e-01
    1.306000e+01    5.197751e-01
    1.308000e+01    5.197736e-01
    1.310000e+01    5.197721e-01
    1.312000e+01    5.197706e-01
    1.314000e+01    5.197692e-01
    1.316000e+01    5.197678e-01
    1.318000e+01    5.197663e-01
    1.320000e+01    5.197649e-01
    1.322000e+01    5.197635e-01
    1.324000e+01    5.197621e-01
    1.326000e+01    5.197608e-01
    1.328000e+01    5.197594e-01
    1.330000e+01    5.197581e-01
    1.332000e+01    5.197567e-01
    1.334000e+01    5.197554e-01
    1.336000e+01    5.197541e-01
    1.338000e+01    5.197528e-01
    1.340000e+01    5.197515e-01
    1.342000e+01    5.197503e-01
    1.344000e+01    5.197490e-01
    1.346000e+01    5.197478e-01
    1.348000e+01    5.197465e-01
    1.350000e+01    5.197453e-01
    1.352000e+01    5.197441e-01
    1.354000e+01    5.197429e-01
    1.356000e+01    5.197418e-01
    1.358000e+01    5.197406e-01
    1.360000e+01    5.197394e-01
    1.362000e+01    5.197383e-01
    1.364000e+01    5.197372e-01
    1.366000e+01    5.197360e-01
    1.368000e+01    5.197349e-01
    1.370000e+01    5.197338e-01
    1.372000e+01    5.197327e-01
    1.374000e+01    5.197317e-01
    1.376000e+01    5.197306e-01
    1.378000e+01    5.197295e-01
    1.380000e+01    5.197285e-01
    1.382000e+01    5.197275e-01
    1.384000e+01    5.197264e-01
    1.386000e+01    5.197254e-01
    1.388000e+01    5.197244e-01
    1.390000e+01    5.197234e-01
    1.392000e+01    5.197225e-01
    1.394000e+01    5.197215e-01
    1.396000e+01    5.197205e-01
    1.398000e+01    5.197196e-01
    1.400000e+01    5.197186e-01
    1.402000e+01    5.197177e-01
    1.404000e+01    5.197168e-01
    1.406000e+01    5.197158e-01
    1.408000e+01    5.197148e-01
    1.410000e+01    5.197138e-01
    1.412000e+01    5.197127e-01
    1.414000e+01    5.197117e-01
    1.416000e+01    5.197106e-01
    1.418000e+01    5.197095e-01
    1.420000e+01    5.197084e-01
    1.422000e+01    5.197073e-01
    1.424000e+01    5.197061e-01
    1.426000e+01    5.197050e-01
    1.428000e+01    5.197039e-01
    1.430000e+01    5.197027e-01
    1.432000e+01    5.197016e-01
    1.434000e+01    5.197004e-01
    1.436000e+01    5.196993e-01
    1.438000e+01    5.196982e-01
    1.440000e+01    5.196970e-01
    1.442000e+01    5.196959e-01
    1.444000e+01    5.196948e-01
    1.446000e+01    5.196937e-01
    1.448000e+01    5.196926e-01
    1.450000e+01    5.196915e-01
    1.452000e+01    5.196904e-01
    1.454000e+01    5.196893e-01
    1.456000e+01    5.196882e-01
    1.458000e+01    5.196871e-01
    1.460000e+01    5.196861e-01
    1.462000e+01    5.196850e-01
    1.464000e+01    5.196840e-01
    1.466000e+01    5.196830e-01
    1.468000e+01    5.196819e-01
    1.470000e+01    5.196809e-01
    1.472000e+01    5.196799e-01
    1.474000e+01    5.196789e-01
    1.476000e+01    5.196779e-01
    1.478000e+01    5.196770e-01
    1.480000e+01    5.196760e-01
    1.482000e+01    5.196750e-01
    1.484000e+01    5.196741e-01
    1.486000e+01    5.196732e-01
    1.488000e+01    5.196722e-01
    1.490000e+01    5.196713e-01
    1.492000e+01    5.196704e-01
    1.494000e+01    5.196695e-01
    1.496000e+01    5.196686e-01
    1.498000e+01    5.196677e-01
    1.500000e+01    5.196668e-01
    1.502000e+01    5.196660e-01
    1.504000e+01    5.196651e-01
    1.506000e+01    5.196643e-01
    1.508000e+01    5.196634e-01
    1.510000e+01    5.196626e-01
    1.512000e+01    5.196618e-01
    1.514000e+01    5.196610e-01
    1.516000e+01    5.196602e-01
    1.518000e+01    5.196594e-01
    1.520000e+01    5.196586e-01
    1.522000e+01    5.196578e-01
    1.524000e+01    5.196570e-01
    1.526000e+01    5.196563e-01
    1.528000e+01    5.196555e-01
    1.530000e+01    5.196548e-01
    1.532000e+01    5.196541e-01
    1.534000e+01    5.196533e-01
    1.536000e+01    5.196526e-01
    1.538000e+01    5.196519e-01
    1.540000e+01    5.196512e-01
    1.542000e+01    5.196505e-01
    1.544000e+01    5.196498e-01
    1.546000e+01    5.196491e-01
    1.548000e+01    5.196484e-01
    1.550000e+01    5.196478e-01
    1.552000e+01    5.196471e-01
    1.554000e+01    5.196465e-01
    1.556000e+01    5.196458e-01
    1.558000e+01    5.196452e-01
    1.560000e+01    5.196446e-01
    1.562000e+01    5.196439e-01
    1.564000e+01    5.196433e-01
    1.566000e+01    5.196427e-01
    1.568000e+01    5.196421e-01
    1.570000e+01    5.196415e-01
    1.572000e+01    5.196409e-01
    1.574000e+01    5.196403e-01
    1.576000e+01    5.196397e-01
    1.578000e+01    5.196392e-01
    1.580000e+01    5.196386e-01
    1.582000e+01    5.196380e-01
    1.584000e+01    5.196375e-01
    1.586000e+01    5.196369e-01
    1.588000e+01    5.196364e-01
    1.590000e+01    5.196359e-01
    1.592000e+01    5.196353e-01
    1.594000e+01    5.196348e-01
    1.596000e+01    5.196343e-01
    1.598000e+01    5.196338e-01
    1.600000e+01    5.196333e-01
    1.602000e+01    5.196328e-01
    1.604000e+01    5.196323e-01
    1.606000e+01    5.196318e-01
    1.608000e+01    5.196313e-01
    1.610000e+01    5.196308e-01
    1.612000e+01    5.196303e-01
    1.614000e+01    5.196299e-01
    1.616000e+01    5.196294e-01
    1.618000e+01    5.196289e-01
    1.620000e+01    5.196285e-01
    1.622000e+01    5.196280e-01
    1.624000e+01    5.196276e-01
    1.626000e+01    5.196271e-01
    1.628000e+01    5.196267e-01
    1.630000e+01    5.196263e-01
    1.632000e+01    5.196258e-01
    1.634000e+01    5.196254e-01
    1.636000e+01    5.196250e-01
    1.638000e+01    5.196246e-01
    1.640000e+01    5.196242e-01
    1.642000e+01    5.196238e-01
    1.644000e+01    5.196234e-01
    1.646000e+01    5.196230e-01
    1.648000e+01    5.196226e-01
    1.650000e+01    5.196222e-01
    1.652000e+01    5.196218e-01
    1.654000e+01    5.196214e-01
    1.656000e+01    5.196210e-01
    1.658000e+01    5.196207e-01
    1.660000e+01    5.196203e-01
    1.662000e+01    5.196199e-01
    1.664000e+01    5.196196e-01
    1.666000e+01    5.196192e-01
    1.668000e+01    5.196189e-01
    1.670000e+01    5.196185e-01
    1.672000e+01    5.196182e-01
    1.674000e+01    5.196178e-01
    1.676000e+01    5.196175e-01
    1.678000e+01    5.196171e-01
    1.680000e+01    5.196168e-01
    1.682000e+01    5.196165e-01
    1.684000e+01    5.196162e-01
    1.686000e+01    5.196158e-01
    1.688000e+01    5.196155e-01
    1.690000e+01    5.196152e-01
    1.692000e+01    5.196149e-01
    1.694000e+01    5.196146e-01
    1.696000e+01    5.196143e-01
    1.698000e+01    5.196140e-01
    1.700000e+01    5.196137e-01
    1.702000e+01    5.196134e-01
    1.704000e+01    5.196131e-01
    1.706000e+01    5.196128e-01
    1.708000e+01    5.196125e-01
    1.710000e+01    5.196122e-01
    1.712000e+01    5.196119e-01
    1.714000e+01    5.196117e-01
    1.716000e+01    5.196114e-01
    1.718000e+01    5.196111e-01
    1.720000e+01    5.196108e-01
    1.722000e+01    5.196106e-01
    1.724000e+01    5.196103e-01
    1.726000e+01    5.196100e-01
    1.728000e+01    5.196098e-01
    1.730000e+01    5.196095e-01
    1.732000e+01    5.196093e-01
    1.734000e+01    5.196090e-01
    1.736000e+01    5.196088e-01
    1.738000e+01    5.196085e-01
    1.740000e+01    5.196083e-01
    1.742000e+01    5.196080e-01
    1.744000e+01    5.196078e-01
    1.746000e+01    5.196076e-01
    1.748000e+01    5.196073e-01
    1.750000e+01    5.196071e-01
    1.752000e+01    5.196069e-01
    1.754000e+01    5.196066e-01
    1.756000e+01    5.196064e-01
    1.758000e+01    5.196062e-01
    1.760000e+01    5.196060e-01
    1.762000e+01    5.196058e-01
    1.764000e+01    5.196056e-01
    1.766000e+01    5.196053e-01
    1.768000e+01    5.196051e-01
    1.770000e+01    5.196049e-01
    1.772000e+01    5.196047e-01
    1.774000e+01    5.196045e-01
    1.776000e+01    5.196043e-01
    1.778000e+01    5.196041e-01
    1.780000e+01    5.196039e-01
    1.782000e+01    5.196037e-01
    1.784000e+01    5.196035e-01
    1.786000e+01    5.196033e-01
    1.788000e+01    5.196032e-01
    1.790000e+01    5.196030e-01
    1.792000e+01    5.196028e-01
    1.794000e+01    5.196026e-01
    1.796000e+01    5.196024e-01
    1.798000e+01    5.196023e-01
    1.800000e+01    5.196021e-01
    1.802000e+01    5.196019e-01
    1.804000e+01    5.196017e-01
    1.806000e+01    5.196016e-01
    1.808000e+01    5.196014e-01
    1.810000e+01    5.196012e-01
    1.812000e+01    5.196011e-01
    1.814000e+01    5.196009e-01
    1.816000e+01    5.196007e-01
    1.818000e+01    5.196006e-01
    1.820000e+01    5.196004e-01
    1.822000e+01    5.196003e-01
    1.824000e+01    5.196001e-01
    1.826000e+01    5.196000e-01
    1.828000e+01    5.195998e-01
    1.830000e+01    5.195997e-01
    1.832000e+01    5.195995e-01
    1.834000e+01    5.195994e-01
    1.836000e+01    5.195992e-01
    1.838000e+01    5.195991e-01
    1.840000e+01    5.195989e-01
    1.842000e+01    5.195988e-01
    1.844000e+01    5.195987e-01
    1.846000e+01    5.195985e-01
    1.848000e+01    5.195984e-01
    1.850000e+01    5.195983e-01
    1.852000e+01    5.195981e-01
    1.854000e+01    5.195980e-01
    1.856000e+01    5.195979e-01
    1.858000e+01    5.195977e-01
    1.860000e+01    5.195976e-01
    1.862000e+01    5.195975e-01
    1.864000e+01    5.195974e-01
    1.866000e+01    5.195973e-01
    1.868000e+01    5.195971e-01
    1.870000e+01    5.195970e-01
    1.872000e+01    5.195969e-01
    1.874000e+01    5.195968e-01
    1.876000e+01    5.195967e-01
    1.878000e+01    5.195966e-01
    1.880000e+01    5.195964e-01
    1.882000e+01    5.195963e-01
    1.884000e+01    5.195962e-01
    1.886000e+01    5.195961e-01
    1.888000e+01    5.195960e-01
    1.890000e+01    5.195959e-01
    1.892000e+01    5.195958e-01
    1.894000e+01    5.195957e-01
    1.896000e+01    5.195956e-01
    1.898000e+01    5.195955e-01
    1.900000e+01    5.195954e-01
    1.902000e+01    5.195953e-01
    1.904000e+01    5.195952e-01
    1.906000e+01    5.195951e-01
    1.908000e+01    5.195950e-01
    1.910000e+01    5.195949e-01
    1.912000e+01    5.195948e-01
    1.914000e+01    5.195947e-01
    1.916000e+01    5.195946e-01
    1.918000e+01    5.195945e-01
    1.920000e+01    5.195944e-01
    1.922000e+01    5.195943e-01
    1.924000e+01    5.195942e-01
    1.926000e+01    5.195942e-01
    1.928000e+01    5.195941e-01
    1.930000e+01    5.195940e-01
    1.932000e+01    5.195939e-01
    1.934000e+01    5.195938e-01
    1.936000e+01    5.195937e-01
    1.938000e+01    5.195937e-01
    1.940000e+01    5.195936e-01
    1.942000e+01    5.195935e-01
    1.944000e+01    5.195934e-01
    1.946000e+01    5.195933e-01
    1.948000e+01    5.195933e-01
    1.950000e+01    5.195932e-01
    1.952000e+01    5.195931e-01
    1.954000e+01    5.195930e-01
    1.956000e+01    5.195929e-01
    1.958000e+01    5.195929e-01
    1.960000e+01    5.195928e-01
    1.962000e+01    5.195927e-01
    1.964000e+01    5.195927e-01
    1.966000e+01    5.195926e-01
    1.968000e+01    5.195925e-01
    1.970000e+01    5.195924e-01
    1.972000e+01    5.195924e-01
    1.974000e+01    5.195923e-01
    1.976000e+01    5.195922e-01
    1.978000e+01    5.195922e-01
    1.980000e+01    5.195921e-01
    1.982000e+01    5.195920e-01
    1.984000e+01    5.195920e-01
    1.986000e+01    5.195919e-01
    1.988000e+01    5.195919e-01
    1.990000e+01    5.195918e-01
    1.992000e+01    5.195917e-01
    1.994000e+01    5.195917e-01
    1.996000e+01    5.195916e-01
    1.998000e+01    5.195915e-01
    2.000000e+01    5.195915e-01
    2.002000e+01    5.195914e-01
    2.004000e+01    5.195914e-01
    2.006000e+01    5.195913e-01
    2.008000e+01    5.195913e-01
    2.010000e+01    5.195912e-01
    2.012000e+01    5.195911e-01
    2.014000e+01    5.195911e-01
    2.016000e+01    5.195910e-01
    2.018000e+01    5.195910e-01
    2.020000e+01    5.195909e-01
    2.022000e+01    5.195909e-01
    2.024000e+01    5.195908e-01
    2.026000e+01    5.195908e-01
    2.028000e+01    5.195907e-01
    2.030000e+01    5.195907e-01
    2.032000e+01    5.195906e-01
    2.034000e+01    5.195906e-01
    2.036000e+01    5.195905e-01
    2.038000e+01    5.195905e-01
    2.040000e+01    5.195904e-01
    2.042000e+01    5.195904e-01
    2.044000e+01    5.195903e-01
    2.046000e+01    5.195903e-01
    2.048000e+01    5.195902e-01
    2.050000e+01    5.195902e-01
    2.052000e+01    5.195901e-01
    2.054000e+01    5.195901e-01
    2.056000e+01    5.195900e-01
    2.058000e+01    5.195900e-01
    2.060000e+01    5.195900e-01
    2.062000e+01    5.195899e-01
    2.064000e+01    5.195899e-01
    2.066000e+01    5.195898e-01
    2.068000e+01    5.195898e-01
    2.070000e+01    5.195897e-01
    2.072000e+01    5.195897e-01
    2.074000e+01    5.195897e-01
    2.076000e+01    5.195896e-01
    2.078000e+01    5.195896e-01
    2.080000e+01    5.195895e-01
    2.082000e+01    5.195895e-01
    2.084000e+01    5.195895e-01
    2.086000e+01    5.195894e-01
    2.088000e+01    5.195894e-01
    2.090000e+01    5.195894e-01
    2.092000e+01    5.195893e-01
    2.094000e+01    5.195893e-01
    2.096000e+01    5.195892e-01
    2.098000e+01    5.195892e-01
    2.100000e+01    5.195892e-01
    2.102000e+01    5.195891e-01
    2.104000e+01    5.195891e-01
    2.106000e+01    5.195891e-01
    2.108000e+01    5.195890e-01
    2.110000e+01    5.195890e-01
    2.112000e+01    5.195890e-01
    2.114000e+01    5.195889e-01
    2.116000e+01    5.195889e-01
    2.118000e+01    5.195889e-01
    2.120000e+01    5.195888e-01
    2.122000e+01    5.195888e-01
    2.124000e+01    5.195888e-01
    2.126000e+01    5.195887e-01
    2.128000e+01    5.195887e-01
    2.130000e+01    5.195887e-01
    2.132000e+01    5.195886e-01
    2.134000e+01    5.195886e-01
    2.136000e+01    5.195886e-01
    2.138000e+01    5.195886e-01
    2.140000e+01    5.195885e-01
    2.142000e+01    5.195885e-01
    2.144000e+01    5.195885e-01
    2.146000e+01    5.195884e-01
    2.148000e+01    5.195884e-01
    2.150000e+01    5.195884e-01
    2.152000e+01    5.195884e-01
    2.154000e+01    5.195883e-01
    2.156000e+01    5.195883e-01
    2.158000e+01    5.195883e-01
    2.160000e+01    5.195882e-01
    2.162000e+01    5.195882e-01
    2.164000e+01    5.195882e-01
    2.166000e+01    5.195882e-01
    2.168000e+01    5.195881e-01
    2.170000e+01    5.195881e-01
    2.172000e+01    5.195881e-01
    2.174000e+01    5.195881e-01
    2.176000e+01    5.195880e-01
    2.178000e+01    5.195880e-01
    2.180000e+01    5.195880e-01
    2.182000e+01    5.195880e-01
    2.184000e+01    5.195880e-01
    2.186000e+01    5.195879e-01
    2.188000e+01    5.195879e-01
    2.190000e+01    5.195879e-01
    2.192000e+01    5.195879e-01
    2.194000e+01    5.195878e-01
    2.196000e+01    5.195878e-01
    2.198000e+01    5.195878e-01
    2.200000e+01    5.195878e-01
    2.202000e+01    5.195877e-01
    2.204000e+01    5.195877e-01
    2.206000e+01    5.195877e-01
    2.208000e+01    5.195877e-01
    2.210000e+01    5.195877e-01
    2.212000e+01    5.195876e-01
    2.214000e+01    5.195876e-01
    2.216000e+01    5.195876e-01
    2.218000e+01    5.195876e-01
    2.220000e+01    5.195876e-01
    2.222000e+01    5.195875e-01
    2.224000e+01    5.195875e-01
    2.226000e+01    5.195875e-01
    2.228000e+01    5.195875e-01
    2.230000e+01    5.195875e-01
    2.232000e+01    5.195875e-01
    2.234000e+01    5.195874e-01
    2.236000e+01    5.195874e-01
    2.238000e+01    5.195874e-01
    2.240000e+01    5.195874e-01
    2.242000e+01    5.195874e-01
    2.244000e+01    5.195873e-01
    2.246000e+01    5.195873e-01
    2.248000e+01    5.195873e-01
    2.250000e+01    5.195873e-01
    2.252000e+01    5.195873e-01
    2.254000e+01    5.195873e-01
    2.256000e+01    5.195872e-01
    2.258000e+01    5.195872e-01
    2.260000e+01    5.195872e-01
    2.262000e+01    5.195872e-01
    2.264000e+01    5.195872e-01
    2.266000e+01    5.195872e-01
    2.268000e+01    5.195872e-01
    2.270000e+01    5.195871e-01
    2.272000e+01    5.195871e-01
    2.274000e+01    5.195871e-01
    2.276000e+01    5.195871e-01
    2.278000e+01    5.195871e-01
    2.280000e+01    5.195871e-01
    2.282000e+01    5.195870e-01
    2.284000e+01    5.195870e-01
    2.286000e+01    5.195870e-01
    2.288000e+01    5.195870e-01
    2.290000e+01    5.195870e-01
    2.292000e+01    5.195870e-01
    2.294000e+01    5.195870e-01
    2.296000e+01    5.195870e-01
    2.298000e+01    5.195869e-01
    2.300000e+01    5.195869e-01
    2.302000e+01    5.195869e-01
    2.304000e+01    5.195869e-01
    2.306000e+01    5.195869e-01
    2.308000e+01    5.195869e-01
    2.310000e+01    5.195869e-01
    2.312000e+01    5.195868e-01
    2.314000e+01    5.195868e-01
    2.316000e+01    5.195868e-01
    2.318000e+01    5.195868e-01
    2.320000e+01    5.195868e-01
    2.322000e+01    5.195868e-01
    2.324000e+01    5.195868e-01
    2.326000e+01    5.195868e-01
    2.328000e+01    5.195868e-01
    2.330000e+01    5.195867e-01
    2.332000e+01    5.195867e-01
    2.334000e+01    5.195867e-01
    2.336000e+01    5.195867e-01
    2.338000e+01    5.195867e-01
    2.340000e+01    5.195867e-01
    2.342000e+01    5.195867e-01
    2.344000e+01    5.195867e-01
    2.346000e+01    5.195867e-01
    2.348000e+01    5.195866e-01
    2.350000e+01    5.195866e-01
    2.352000e+01    5.195866e-01
    2.354000e+01    5.195866e-01
    2.356000e+01    5.195866e-01
    2.358000e+01    5.195866e-01
    2.360000e+01    5.195866e-01
    2.362000e+01    5.195866e-01
    2.364000e+01    5.195866e-01
    2.366000e+01    5.195866e-01
    2.368000e+01    5.195865e-01
    2.370000e+01    5.195865e-01
    2.372000e+01    5.195865e-01
    2.374000e+01    5.195865e-01
    2.376000e+01    5.195865e-01
    2.378000e+01    5.195865e-01
    2.380000e+01    5.195865e-01
    2.382000e+01    5.195865e-01
    2.384000e+01    5.195865e-01
    2.386000e+01    5.195865e-01
    2.388000e+01    5.195865e-01
    2.390000e+01    5.195865e-01
    2.392000e+01    5.195864e-01
    2.394000e+01    5.195864e-01
    2.396000e+01    5.195864e-01
    2.398000e+01    5.195864e-01
    2.400000e+01    5.195864e-01
    2.402000e+01    5.195864e-01
    2.404000e+01    5.195864e-01
    2.406000e+01    5.195864e-01
    2.408000e+01    5.195864e-01
    2.410000e+01    5.195864e-01
    2.412000e+01    5.195864e-01
    2.414000e+01    5.195864e-01
    2.416000e+01    5.195864e-01
    2.418000e+01    5.195863e-01
    2.420000e+01    5.195863e-01
    2.422000e+01    5.195863e-01
    2.424000e+01    5.195863e-01
    2.426000e+01    5.195863e-01
    2.428000e+01    5.195863e-01
    2.430000e+01    5.195863e-01
    2.432000e+01    5.195863e-01
    2.434000e+01    5.195863e-01
    2.436000e+01    5.195863e-01
    2.438000e+01    5.195863e-01
    2.440000e+01    5.195863e-01
    2.442000e+01    5.195863e-01
    2.444000e+01    5.195863e-01
    2.446000e+01    5.195862e-01
    2.448000e+01    5.195862e-01
    2.450000e+01    5.195862e-01
    2.452000e+01    5.195862e-01
    2.454000e+01    5.195862e-01
    2.456000e+01    5.195862e-01
    2.458000e+01    5.195862e-01
    2.460000e+01    5.195862e-01
    2.462000e+01    5.195862e-01
    2.464000e+01    5.195862e-01
    2.466000e+01    5.195862e-01
    2.468000e+01    5.195862e-01
    2.470000e+01    5.195862e-01
    2.472000e+01    5.195862e-01
    2.474000e+01    5.195862e-01
    2.476000e+01    5.195862e-01
    2.478000e+01    5.195862e-01
    2.480000e+01    5.195862e-01
    2.482000e+01    5.195861e-01
    2.484000e+01    5.195861e-01
    2.486000e+01    5.195861e-01
    2.488000e+01    5.195861e-01
    2.490000e+01    5.195861e-01
    2.492000e+01    5.195861e-01
    2.494000e+01    5.195861e-01
    2.496000e+01    5.195861e-01
    2.498000e+01    5.195861e-01
    2.500000e+01    5.195861e-01
    2.502000e+01    5.195861e-01
    2.504000e+01    5.195861e-01
    2.506000e+01    5.195861e-01
    2.508000e+01    5.195861e-01
    2.510000e+01    5.195861e-01
    2.512000e+01    5.195861e-01
    2.514000e+01    5.195861e-01
    2.516000e+01    5.195861e-01
    2.518000e+01    5.195861e-01
    2.520000e+01    5.195861e-01
    2.522000e+01    5.195861e-01
    2.524000e+01    5.195860e-01
    2.526000e+01    5.195860e-01
    2.528000e+01    5.195860e-01
    2.530000e+01    5.195860e-01
    2.532000e+01    5.195860e-01
    2.534000e+01    5.195860e-01
    2.536000e+01    5.195860e-01
    2.538000e+01    5.195860e-01
    2.540000e+01    5.195860e-01
    2.542000e+01    5.195860e-01
    2.544000e+01    5.195860e-01
    2.546000e+01    5.195860e-01
    2.548000e+01    5.195860e-01
    2.550000e+01    5.195860e-01
    2.552000e+01    5.195860e-01
    2.554000e+01    5.195860e-01
    2.556000e+01    5.195860e-01
    2.558000e+01    5.195860e-01
    2.560000e+01    5.195860e-01
    2.562000e+01    5.195860e-01
    2.564000e+01    5.195860e-01
    2.566000e+01    5.195860e-01
    2.568000e+01    5.195860e-01
    2.570000e+01    5.195860e-01
    2.572000e+01    5.195860e-01
    2.574000e+01    5.195860e-01
    2.576000e+01    5.195859e-01
    2.578000e+01    5.195859e-01
    2.580000e+01    5.195859e-01
    2.582000e+01    5.195859e-01
    2.584000e+01    5.195859e-01
    2.586000e+01    5.195859e-01
    2.588000e+01    5.195859e-01
    2.590000e+01    5.195859e-01
    2.592000e+01    5.195859e-01
    2.594000e+01    5.195859e-01
    2.596000e+01    5.195859e-01
    2.598000e+01    5.195859e-01
    2.600000e+01    5.195859e-01
    2.602000e+01    5.195859e-01
    2.604000e+01    5.195859e-01
    2.606000e+01    5.195859e-01
    2.608000e+01    5.195859e-01
    2.610000e+01    5.195859e-01
    2.612000e+01    5.195859e-01
    2.614000e+01    5.195859e-01
    2.616000e+01    5.195859e-01
    2.618000e+01    5.195859e-01
    2.620000e+01    5.195859e-01
    2.622000e+01    5.195859e-01
    2.624000e+01    5.195859e-01
    2.626000e+01    5.195859e-01
    2.628000e+01    5.195859e-01
    2.630000e+01    5.195859e-01
    2.632000e+01    5.195859e-01
    2.634000e+01    5.195859e-01
    2.636000e+01    5.195859e-01
    2.638000e+01    5.195859e-01
    2.640000e+01    5.195859e-01
    2.642000e+01    5.195859e-01
    2.644000e+01    5.195859e-01
    2.646000e+01    5.195859e-01
    2.648000e+01    5.195859e-01
    2.650000e+01    5.195858e-01
    2.652000e+01    5.195858e-01
    2.654000e+01    5.195858e-01
    2.656000e+01    5.195858e-01
    2.658000e+01    5.195858e-01
    2.660000e+01    5.195858e-01
    2.662000e+01    5.195858e-01
    2.664000e+01    5.195858e-01
    2.666000e+01    5.195858e-01
    2.668000e+01    5.195858e-01
    2.670000e+01    5.195858e-01
    2.672000e+01    5.195858e-01
    2.674000e+01    5.195858e-01
    2.676000e+01    5.195858e-01
    2.678000e+01    5.195858e-01
    2.680000e+01    5.195858e-01
    2.682000e+01    5.195858e-01
    2.684000e+01    5.195858e-01
    2.686000e+01    5.195858e-01
    2.688000e+01    5.195858e-01
    2.690000e+01    5.195858e-01
    2.692000e+01    5.195858e-01
    2.694000e+01    5.195858e-01
    2.696000e+01    5.195858e-01
    2.698000e+01    5.195858e-01
    2.700000e+01    5.195858e-01
    2.702000e+01    5.195858e-01
    2.704000e+01    5.195858e-01
    2.706000e+01    5.195858e-01
    2.708000e+01    5.195858e-01
    2.710000e+01    5.195858e-01
    2.712000e+01    5.195858e-01
    2.714000e+01    5.195858e-01
    2.716000e+01    5.195858e-01
    2.718000e+01    5.195858e-01
    2.720000e+01    5.195858e-01
    2.722000e+01    5.195858e-01
    2.724000e+01    5.195858e-01
    2.726000e+01    5.195858e-01
    2.728000e+01    5.195858e-01
    2.730000e+01    5.195858e-01
    2.732000e+01    5.195858e-01
    2.734000e+01    5.195858e-01
    2.736000e+01    5.195858e-01
    2.738000e+01    5.195858e-01
    2.740000e+01    5.195858e-01
    2.742000e+01    5.195858e-01
    2.744000e+01    5.195858e-01
    2.746000e+01    5.195858e-01
    2.748000e+01    5.195858e-01
    2.750000e+01    5.195858e-01
    2.752000e+01    5.195858e-01
    2.754000e+01    5.195858e-01
    2.756000e+01    5.195858e-01
    2.758000e+01    5.195858e-01
    2.760000e+01    5.195858e-01
    2.762000e+01    5.195858e-01
    2.764000e+01    5.195858e-01
    2.766000e+01    5.195857e-01
    2.768000e+01    5.195857e-01
    2.770000e+01    5.195857e-01
    2.772000e+01    5.195857e-01
    2.774000e+01    5.195857e-01
    2.776000e+01    5.195857e-01
    2.778000e+01    5.195857e-01
    2.780000e+01    5.195857e-01
    2.782000e+01    5.195857e-01
    2.784000e+01    5.195857e-01
    2.786000e+01    5.195857e-01
    2.788000e+01    5.195857e-01
    2.790000e+01    5.195857e-01
    2.792000e+01    5.195857e-01
    2.794000e+01    5.195857e-01
    2.796000e+01    5.195857e-01
    2.798000e+01    5.195857e-01
    2.800000e+01    5.195857e-01
    2.802000e+01    5.195857e-01
    2.804000e+01    5.195857e-01
    2.806000e+01    5.195857e-01
    2.808000e+01    5.195857e-01
    2.810000e+01    5.195857e-01
    2.812000e+01    5.195857e-01
    2.814000e+01    5.195857e-01
    2.816000e+01    5.195857e-01
    2.818000e+01    5.195857e-01
    2.820000e+01    5.195857e-01
    2.822000e+01    5.195857e-01
    2.824000e+01    5.195857e-01
    2.826000e+01    5.195857e-01
    2.828000e+01    5.195857e-01
    2.830000e+01    5.195857e-01
    2.832000e+01    5.195857e-01
    2.834000e+01    5.195857e-01
    2.836000e+01    5.195857e-01
    2.838000e+01    5.195857e-01
    2.840000e+01    5.195857e-01
    2.842000e+01    5.195857e-01
    2.844000e+01    5.195857e-01
    2.846000e+01    5.195857e-01
    2.848000e+01    5.195857e-01
    2.850000e+01    5.195857e-01
    2.852000e+01    5.195857e-01
    2.854000e+01    5.195857e-01
    2.856000e+01    5.195857e-01
    2.858000e+01    5.195857e-01
    2.860000e+01    5.195857e-01
    2.862000e+01    5.195857e-01
    2.864000e+01    5.195857e-01
    2.866000e+01    5.195857e-01
    2.868000e+01    5.195857e-01
    2.870000e+01    5.195857e-01
    2.872000e+01    5.195857e-01
    2.874000e+01    5.195857e-01
    2.876000e+01    5.195857e-01
    2.878000e+01    5.195857e-01
    2.880000e+01    5.195857e-01
    2.882000e+01    5.195857e-01
    2.884000e+01    5.195857e-01
    2.886000e+01    5.195857e-01
    2.888000e+01    5.195857e-01
    2.890000e+01    5.195857e-01
    2.892000e+01    5.195857e-01
    2.894000e+01    5.195857e-01
    2.896000e+01    5.195857e-01
    2.898000e+01    5.195857e-01
    2.900000e+01    5.195857e-01
    2.902000e+01    5.195857e-01
    2.904000e+01    5.195857e-01
    2.906000e+01    5.195857e-01
    2.908000e+01    5.195857e-01
    2.910000e+01    5.195857e-01
    2.912000e+01    5.195857e-01
    2.914000e+01    5.195857e-01
    2.916000e+01    5.195857e-01
    2.918000e+01    5.195857e-01
    2.920000e+01    5.195857e-01
    2.922000e+01    5.195857e-01
    2.924000e+01    5.195857e-01
    2.926000e+01    5.195857e-01
    2.928000e+01    5.195857e-01
    2.930000e+01    5.195857e-01
    2.932000e+01    5.195857e-01
    2.934000e+01    5.195857e-01
    2.936000e+01    5.195857e-01
    2.938000e+01    5.195857e-01
    2.940000e+01    5.195857e-01
    2.942000e+01    5.195857e-01
    2.944000e+01    5.195857e-01
    2.946000e+01    5.195857e-01
    2.948000e+01    5.195857e-01
    2.950000e+01    5.195857e-01
    2.952000e+01    5.195857e-01
    2.954000e+01    5.195857e-01
    2.956000e+01    5.195857e-01
    2.958000e+01    5.195857e-01
    2.960000e+01    5.195857e-01
    2.962000e+01    5.195857e-01
    2.964000e+01    5.195857e-01
    2.966000e+01    5.195857e-01
    2.968000e+01    5.195857e-01
    2.970000e+01    5.195857e-01
    2.972000e+01    5.195857e-01
    2.974000e+01    5.195857e-01
    2.976000e+01    5.195857e-01
    2.978000e+01    5.195857e-01
    2.980000e+01    5.195857e-01
    2.982000e+01    5.195857e-01
    2.984000e+01    5.195857e-01
    2.986000e+01    5.195857e-01
    2.988000e+01    5.195857e-01
    2.990000e+01    5.195857e-01
    2.992000e+01    5.195857e-01
    2.994000e+01    5.195857e-01
    2.996000e+01    5.195857e-01
    2.998000e+01    5.195857e-01
    3.000000e+01    5.195857e-01
    3.002000e+01    5.195857e-01
    3.004000e+01    5.195857e-01
    3.006000e+01    5.195857e-01
    3.008000e+01    5.195857e-01
    3.010000e+01    5.195857e-01
    3.012000e+01    5.195857e-01
    3.014000e+01    5.195857e-01
    3.016000e+01    5.195857e-01
    3.018000e+01    5.195857e-01
    3.020000e+01    5.195857e-01
    3.022000e+01    5.195857e-01
    3.024000e+01    5.195857e-01
    3.026000e+01    5.195857e-01
    3.028000e+01    5.195857e-01
    3.030000e+01    5.195857e-01
    3.032000e+01    5.195857e-01
    3.034000e+01    5.195857e-01
    3.036000e+01    5.195857e-01
    3.038000e+01    5.195857e-01
    3.040000e+01    5.195857e-01
    3.042000e+01    5.195857e-01
    3.044000e+01    5.195857e-01
    3.046000e+01    5.195857e-01
    3.048000e+01    5.195857e-01
    3.050000e+01    5.195857e-01
    3.052000e+01    5.195857e-01
    3.054000e+01    5.195857e-01
    3.056000e+01    5.195857e-01
    3.058000e+01    5.195857e-01
    3.060000e+01    5.195857e-01
    3.062000e+01    5.195857e-01
    3.064000e+01    5.195857e-01
    3.066000e+01    5.195857e-01
    3.068000e+01    5.195857e-01
    3.070000e+01    5.195857e-01
    3.072000e+01    5.195857e-01
    3.074000e+01    5.195857e-01
    3.076000e+01    5.195857e-01
    3.078000e+01    5.195856e-01
    3.080000e+01    5.195856e-01
    3.082000e+01    5.195856e-01
    3.084000e+01    5.195856e-01
    3.086000e+01    5.195856e-01
    3.088000e+01    5.195856e-01
    3.090000e+01    5.195856e-01
    3.092000e+01    5.195856e-01
    3.094000e+01    5.195856e-01
    3.096000e+01    5.195856e-01
    3.098000e+01    5.195856e-01
    3.100000e+01    5.195856e-01
    3.102000e+01    5.195856e-01
    3.104000e+01    5.195856e-01
    3.106000e+01    5.195856e-01
    3.108000e+01    5.195856e-01
    3.110000e+01    5.195856e-01
    3.112000e+01    5.195856e-01
    3.114000e+01    5.195856e-01
    3.116000e+01    5.195856e-01
    3.118000e+01    5.195856e-01
    3.120000e+01    5.195856e-01
    3.122000e+01    5.195856e-01
    3.124000e+01    5.195856e-01
    3.126000e+01    5.195856e-01
    3.128000e+01    5.195856e-01
    3.130000e+01    5.195856e-01
    3.132000e+01    5.195856e-01
    3.134000e+01    5.195856e-01
    3.136000e+01    5.195856e-01
    3.138000e+01    5.195856e-01
    3.140000e+01    5.195856e-01
    3.142000e+01    5.195856e-01
    3.144000e+01    5.195856e-01
    3.146000e+01    5.195856e-01
    3.148000e+01    5.195856e-01
    3.150000e+01    5.195856e-01
    3.152000e+01    5.195856e-01
    3.154000e+01    5.195856e-01
    3.156000e+01    5.195856e-01
    3.158000e+01    5.195856e-01
    3.160000e+01    5.195856e-01
    3.162000e+01    5.195856e-01
    3.164000e+01    5.195856e-01
    3.166000e+01    5.195856e-01
    3.168000e+01    5.195856e-01
    3.170000e+01    5.195856e-01
    3.172000e+01    5.195856e-01
    3.174000e+01    5.195856e-01
    3.176000e+01    5.195856e-01
    3.178000e+01    5.195856e-01
    3.180000e+01    5.195856e-01
    3.182000e+01    5.195856e-01
    3.184000e+01    5.195856e-01
    3.186000e+01    5.195856e-01
    3.188000e+01    5.195856e-01
    3.190000e+01    5.195856e-01
    3.192000e+01    5.195856e-01
    3.194000e+01    5.195856e-01
    3.196000e+01    5.195856e-01
    3.198000e+01    5.195856e-01
    3.200000e+01    5.195856e-01
    3.202000e+01    5.195856e-01
    3.204000e+01    5.195856e-01
    3.206000e+01    5.195856e-01
    3.208000e+01    5.195856e-01
    3.210000e+01    5.195856e-01
    3.212000e+01    5.195856e-01
    3.214000e+01    5.195856e-01
    3.216000e+01    5.195856e-01
    3.218000e+01    5.195856e-01
    3.220000e+01    5.195856e-01
    3.222000e+01    5.195856e-01
    3.224000e+01    5.195856e-01
    3.226000e+01    5.195856e-01
    3.228000e+01    5.195856e-01
    3.230000e+01    5.195856e-01
    3.232000e+01    5.195856e-01
    3.234000e+01    5.195856e-01
    3.236000e+01    5.195856e-01
    3.238000e+01    5.195856e-01
    3.240000e+01    5.195856e-01
    3.242000e+01    5.195856e-01
    3.244000e+01    5.195856e-01
    3.246000e+01    5.195856e-01
    3.248000e+01    5.195856e-01
    3.250000e+01    5.195856e-01
    3.252000e+01    5.195856e-01
    3.254000e+01    5.195856e-01
    3.256000e+01    5.195856e-01
    3.258000e+01    5.195856e-01
    3.260000e+01    5.195856e-01
    3.262000e+01    5.195856e-01
    3.264000e+01    5.195856e-01
    3.266000e+01    5.195856e-01
    3.268000e+01    5.195856e-01
    3.270000e+01    5.195856e-01
    3.272000e+01    5.195856e-01
    3.274000e+01    5.195856e-01
    3.276000e+01    5.195856e-01
    3.278000e+01    5.195856e-01
    3.280000e+01    5.195856e-01
    3.282000e+01    5.195856e-01
    3.284000e+01    5.195856e-01
    3.286000e+01    5.195856e-01
    3.288000e+01    5.195856e-01
    3.290000e+01    5.195856e-01
    3.292000e+01    5.195856e-01
    3.294000e+01    5.195856e-01
    3.296000e+01    5.195856e-01
    3.298000e+01    5.195856e-01
    3.300000e+01    5.195856e-01
    3.302000e+01    5.195856e-01
    3.304000e+01    5.195856e-01
    3.306000e+01    5.195856e-01
    3.308000e+01    5.195856e-01
    3.310000e+01    5.195856e-01
    3.312000e+01    5.195856e-01
    3.314000e+01    5.195856e-01
    3.316000e+01    5.195856e-01
    3.318000e+01    5.195856e-01
    3.320000e+01    5.195856e-01
    3.322000e+01    5.195856e-01
    3.324000e+01    5.195856e-01
    3.326000e+01    5.195856e-01
    3.328000e+01    5.195856e-01
    3.330000e+01    5.195856e-01
    3.332000e+01    5.195856e-01
    3.334000e+01    5.195856e-01
    3.336000e+01    5.195856e-01
    3.338000e+01    5.195856e-01
    3.340000e+01    5.195856e-01
    3.342000e+01    5.195856e-01
    3.344000e+01    5.195856e-01
    3.346000e+01    5.195856e-01
    3.348000e+01    5.195856e-01
    3.350000e+01    5.195856e-01
    3.352000e+01    5.195856e-01
    3.354000e+01    5.195856e-01
    3.356000e+01    5.195856e-01
    3.358000e+01    5.195856e-01
    3.360000e+01    5.195856e-01
    3.362000e+01    5.195856e-01
    3.364000e+01    5.195856e-01
    3.366000e+01    5.195856e-01
    3.368000e+01    5.195856e-01
    3.370000e+01    5.195856e-01
    3.372000e+01    5.195856e-01
    3.374000e+01    5.195856e-01
    3.376000e+01    5.195856e-01
    3.378000e+01    5.195856e-01
    3.380000e+01    5.195856e-01
    3.382000e+01    5.195856e-01
    3.384000e+01    5.195856e-01
    3.386000e+01    5.195856e-01
    3.388000e+01    5.195856e-01
    3.390000e+01    5.195856e-01
    3.392000e+01    5.195856e-01
    3.394000e+01    5.195856e-01
    3.396000e+01    5.195856e-01
    3.398000e+01    5.195856e-01
    3.400000e+01    5.195856e-01
    3.402000e+01    5.195856e-01
    3.404000e+01    5.195856e-01
    3.406000e+01    5.195856e-01
    3.408000e+01    5.195856e-01
    3.410000e+01    5.195856e-01
    3.412000e+01    5.195856e-01
    3.414000e+01    5.195856e-01
    3.416000e+01    5.195856e-01
    3.418000e+01    5.195856e-01
    3.420000e+01    5.195856e-01
    3.422000e+01    5.195856e-01
    3.424000e+01    5.195856e-01
    3.426000e+01    5.195856e-01
    3.428000e+01    5.195856e-01
    3.430000e+01    5.195856e-01
    3.432000e+01    5.195856e-01
    3.434000e+01    5.195856e-01
    3.436000e+01    5.195856e-01
    3.438000e+01    5.195856e-01
    3.440000e+01    5.195856e-01
    3.442000e+01    5.195856e-01
    3.444000e+01    5.195856e-01
    3.446000e+01    5.195856e-01
    3.448000e+01    5.195856e-01
    3.450000e+01    5.195856e-01
    3.452000e+01    5.195856e-01
    3.454000e+01    5.195856e-01
    3.456000e+01    5.195856e-01
    3.458000e+01    5.195856e-01
    3.460000e+01    5.195856e-01
    3.462000e+01    5.195856e-01
    3.464000e+01    5.195856e-01
    3.466000e+01    5.195856e-01
    3.468000e+01    5.195856e-01
    3.470000e+01    5.195856e-01
    3.472000e+01    5.195856e-01
    3.474000e+01    5.195856e-01
    3.476000e+01    5.195856e-01
    3.478000e+01    5.195856e-01
    3.480000e+01    5.195856e-01
    3.482000e+01    5.195856e-01
    3.484000e+01    5.195856e-01
    3.486000e+01    5.195856e-01
    3.488000e+01    5.195856e-01
    3.490000e+01    5.195856e-01
    3.492000e+01    5.195856e-01
    3.494000e+01    5.195856e-01
    3.496000e+01    5.195856e-01
    3.498000e+01    5.195856e-01
    3.500000e+01    5.195856e-01
    3.502000e+01    5.195856e-01
    3.504000e+01    5.195856e-01
    3.506000e+01    5.195856e-01
    3.508000e+01    5.195856e-01
    3.510000e+01    5.195856e-01
    3.512000e+01    5.195856e-01
    3.514000e+01    5.195856e-01
    3.516000e+01    5.195856e-01
    3.518000e+01    5.195856e-01
    3.520000e+01    5.195856e-01
    3.522000e+01    5.195856e-01
    3.524000e+01    5.195856e-01
    3.526000e+01    5.195856e-01
    3.528000e+01    5.195856e-01
    3.530000e+01    5.195856e-01
    3.532000e+01    5.195856e-01
    3.534000e+01    5.195856e-01
    3.536000e+01    5.195856e-01
    3.538000e+01    5.195856e-01
    3.540000e+01    5.195856e-01
    3.542000e+01    5.195856e-01
    3.544000e+01    5.195856e-01
    3.546000e+01    5.195856e-01
    3.548000e+01    5.195856e-01
    3.550000e+01    5.195856e-01
    3.552000e+01    5.195856e-01
    3.554000e+01    5.195856e-01
    3.556000e+01    5.195856e-01
    3.558000e+01    5.195856e-01
    3.560000e+01    5.195856e-01
    3.562000e+01    5.195856e-01
    3.564000e+01    5.195856e-01
    3.566000e+01    5.195856e-01
    3.568000e+01    5.195856e-01
    3.570000e+01    5.195856e-01
    3.572000e+01    5.195856e-01
    3.574000e+01    5.195856e-01
    3.576000e+01    5.195856e-01
    3.578000e+01    5.195856e-01
    3.580000e+01    5.195856e-01
    3.582000e+01    5.195856e-01
    3.584000e+01    5.195856e-01
    3.586000e+01    5.195856e-01
    3.588000e+01    5.195856e-01
    3.590000e+01    5.195856e-01
    3.592000e+01    5.195856e-01
    3.594000e+01    5.195856e-01
    3.596000e+01    5.195856e-01
    3.598000e+01    5.195856e-01
    3.600000e+01    5.195856e-01
    3.602000e+01    5.195856e-01
    3.604000e+01    5.195856e-01
    3.606000e+01    5.195856e-01
    3.608000e+01    5.195856e-01
    3.610000e+01    5.195856e-01
    3.612000e+01    5.195856e-01
    3.614000e+01    5.195856e-01
    3.616000e+01    5.195856e-01
    3.618000e+01    5.195856e-01
    3.620000e+01    5.195856e-01
    3.622000e+01    5.195856e-01
    3.624000e+01    5.195856e-01
    3.626000e+01    5.195856e-01
    3.628000e+01    5.195856e-01
    3.630000e+01    5.195856e-01
    3.632000e+01    5.195856e-01
    3.634000e+01    5.195856e-01
    3.636000e+01    5.195856e-01
    3.638000e+01    5.195856e-01
    3.640000e+01    5.195856e-01
    3.642000e+01    5.195856e-01
    3.644000e+01    5.195856e-01
    3.646000e+01    5.195856e-01
    3.648000e+01    5.195856e-01
    3.650000e+01    5.195856e-01
    3.652000e+01    5.195856e-01
    3.654000e+01    5.195856e-01
    3.656000e+01    5.195856e-01
    3.658000e+01    5.195856e-01
    3.660000e+01    5.195856e-01
    3.662000e+01    5.195856e-01
    3.664000e+01    5.195856e-01
    3.666000e+01    5.195856e-01
    3.668000e+01    5.195856e-01
    3.670000e+01    5.195856e-01
    3.672000e+01    5.195856e-01
    3.674000e+01    5.195856e-01
    3.676000e+01    5.195856e-01
    3.678000e+01    5.195856e-01
    3.680000e+01    5.195856e-01
    3.682000e+01    5.195856e-01
    3.684000e+01    5.195856e-01
    3.686000e+01    5.195856e-01
    3.688000e+01    5.195856e-01
    3.690000e+01    5.195856e-01
    3.692000e+01    5.195856e-01
    3.694000e+01    5.195856e-01
    3.696000e+01    5.195856e-01
    3.698000e+01    5.195856e-01
    3.700000e+01    5.195856e-01
    3.702000e+01    5.195856e-01
    3.704000e+01    5.195856e-01
    3.706000e+01    5.195856e-01
    3.708000e+01    5.195856e-01
    3.710000e+01    5.195856e-01
    3.712000e+01    5.195856e-01
    3.714000e+01    5.195856e-01
    3.716000e+01    5.195856e-01
    3.718000e+01    5.195856e-01
    3.720000e+01    5.195856e-01
    3.722000e+01    5.195856e-01
    3.724000e+01    5.195856e-01
    3.726000e+01    5.195856e-01
    3.728000e+01    5.195856e-01
    3.730000e+01    5.195856e-01
    3.732000e+01    5.195856e-01
    3.734000e+01    5.195856e-01
    3.736000e+01    5.195856e-01
    3.738000e+01    5.195856e-01
    3.740000e+01    5.195856e-01
    3.742000e+01    5.195856e-01
    3.744000e+01    5.195856e-01
    3.746000e+01    5.195856e-01
    3.748000e+01    5.195856e-01
    3.750000e+01    5.195856e-01
    3.752000e+01    5.195856e-01
    3.754000e+01    5.195856e-01
    3.756000e+01    5.195856e-01
    3.758000e+01    5.195856e-01
    3.760000e+01    5.195856e-01
    3.762000e+01    5.195856e-01
    3.764000e+01    5.195856e-01
    3.766000e+01    5.195856e-01
    3.768000e+01    5.195856e-01
    3.770000e+01    5.195856e-01
    3.772000e+01    5.195856e-01
    3.774000e+01    5.195856e-01
    3.776000e+01    5.195856e-01
    3.778000e+01    5.195856e-01
    3.780000e+01    5.195856e-01
    3.782000e+01    5.195856e-01
    3.784000e+01    5.195856e-01
    3.786000e+01    5.195856e-01
    3.788000e+01    5.195856e-01
    3.790000e+01    5.195856e-01
    3.792000e+01    5.195856e-01
    3.794000e+01    5.195856e-01
    3.796000e+01    5.195856e-01
    3.798000e+01    5.195856e-01
    3.800000e+01    5.195856e-01
    3.802000e+01    5.195856e-01
    3.804000e+01    5.195856e-01
    3.806000e+01    5.195856e-01
    3.808000e+01    5.195856e-01
    3.810000e+01    5.195856e-01
    3.812000e+01    5.195856e-01
    3.814000e+01    5.195856e-01
    3.816000e+01    5.195856e-01
    3.818000e+01    5.195856e-01
    3.820000e+01    5.195856e-01
    3.822000e+01    5.195856e-01
    3.824000e+01    5.195856e-01
    3.826000e+01    5.195856e-01
    3.828000e+01    5.195856e-01
    3.830000e+01    5.195856e-01
    3.832000e+01    5.195856e-01
    3.834000e+01    5.195856e-01
    3.836000e+01    5.195856e-01
    3.838000e+01    5.195856e-01
    3.840000e+01    5.195856e-01
    3.842000e+01    5.195856e-01
    3.844000e+01    5.195856e-01
    3.846000e+01    5.195856e-01
    3.848000e+01    5.195856e-01
    3.850000e+01    5.195856e-01
    3.852000e+01    5.195856e-01
    3.854000e+01    5.195856e-01
    3.856000e+01    5.195856e-01
    3.858000e+01    5.195856e-01
    3.860000e+01    5.195856e-01
    3.862000e+01    5.195856e-01
    3.864000e+01    5.195856e-01
    3.866000e+01    5.195856e-01
    3.868000e+01    5.195856e-01
    3.870000e+01    5.195856e-01
    3.872000e+01    5.195856e-01
    3.874000e+01    5.195856e-01
    3.876000e+01    5.195856e-01
    3.878000e+01    5.195856e-01
    3.880000e+01    5.195856e-01
    3.882000e+01    5.195856e-01
    3.884000e+01    5.195856e-01
    3.886000e+01    5.195856e-01
    3.888000e+01    5.195856e-01
    3.890000e+01    5.195856e-01
    3.892000e+01    5.195856e-01
    3.894000e+01    5.195856e-01
    3.896000e+01    5.195856e-01
    3.898000e+01    5.195856e-01
    3.900000e+01    5.195856e-01
    3.902000e+01    5.195856e-01
    3.904000e+01    5.195856e-01
    3.906000e+01    5.195856e-01
    3.908000e+01    5.195856e-01
    3.910000e+01    5.195856e-01
    3.912000e+01    5.195856e-01
    3.914000e+01    5.195856e-01
    3.916000e+01    5.195856e-01
    3.918000e+01    5.195856e-01
    3.920000e+01    5.195856e-01
    3.922000e+01    5.195856e-01
    3.924000e+01    5.195856e-01
    3.926000e+01    5.195856e-01
    3.928000e+01    5.195856e-01
    3.930000e+01    5.195856e-01
    3.932000e+01    5.195856e-01
    3.934000e+01    5.195856e-01
    3.936000e+01    5.195856e-01
    3.938000e+01    5.195856e-01
    3.940000e+01    5.195856e-01
    3.942000e+01    5.195856e-01
    3.944000e+01    5.195856e-01
    3.946000e+01    5.195856e-01
    3.948000e+01    5.195856e-01
    3.950000e+01    5.195856e-01
    3.952000e+01    5.195856e-01
    3.954000e+01    5.195856e-01
    3.956000e+01    5.195856e-01
    3.958000e+01    5.195856e-01
    3.960000e+01    5.195856e-01
    3.962000e+01    5.195856e-01
    3.964000e+01    5.195856e-01
    3.966000e+01    5.195856e-01
    3.968000e+01    5.195856e-01
    3.970000e+01    5.195856e-01
    3.972000e+01    5.195856e-01
    3.974000e+01    5.195856e-01
    3.976000e+01    5.195856e-01
    3.978000e+01    5.195856e-01
    3.980000e+01    5.195856e-01
    3.982000e+01    5.195856e-01
    3.984000e+01    5.195856e-01
    3.986000e+01    5.195856e-01
    3.988000e+01    5.195856e-01
    3.990000e+01    5.195856e-01
    3.992000e+01    5.195856e-01
    3.994000e+01    5.195856e-01
    3.996000e+01    5.195856e-01
    3.998000e+01    5.195856e-01
