-1.3322676295501878e-15 1.0000000000000002
0.6085270535010991 0.39732746955344744
0.9533087567020413 -0.24086603518267946
1.5179290881420309 -0.7227672530446556
2.0591858822578972 -0.27638700947226
2.4325637592503924 0.18538565629228687
2.9628225979867437 0.5323071718538568
3.5039639025282714 0.2138024357239512
3.799311173179711 -0.10115020297699595
4.393177786938903 -0.41491880920162383
4.922355507347447 -0.1757442489851151
5.276261374018232 0.0953991880920162
5.857903034378375 0.31326116373477675
6.417732241443422 0.10723951285520972
6.766802776692038 -0.10351826792963492
7.274631380231692 -0.24205006765899872
7.802751743154798 -0.1082543978349122
8.208420604927284 0.07171853856562915
8.71874409691572 0.18183355886332886
9.227000395618024 0.08592692828146142
9.541926600381835 -0.027740189445196073
10.172931410764374 -0.14022327469553453
10.75339690942723 -0.039580514208389816
11.070271503265335 0.040933694181326086
11.615262064270702 0.10605548037889057
12.158886376839831 0.035013531799729325
12.49188270222556 -0.027740189445196073
13.070791865713222 -0.0822056833558864
13.5629264328679 -0.03484438430311232
13.91462254119833 0.01606901217861978
14.459423015464743 0.06224627875507438
15.213877282377414 0.0030446549391067723
15.933308067637611 -0.04668470906630584
16.618535120307087 -0.005243572395128515
17.338892578419685 0.037381596752368074
18.163785862536393 -0.001691474966170503
18.883418614956735 -0.03129228687415431
20.16577939721119 0.02198917456021654
21.675483919255907 -0.017083897158322037
23.08053381108467 0.01370094722598103
24.625511303626737 -0.009979702300406013
26.100691321708734 0.010148849797023018
27.50526599669011 -0.0064276048714480005
28.839888751736027 0.005412719891745521
30.349878403889168 -0.005243572395128737
31.719595923114664 0.004228687415426258
33.089135236022386 -0.00405953991880903
34.353473419339664 0.0030446549391067723
35.687929848489 -0.001691474966170503
37.127801254810095 -0.0005074424898510177
38.49744749150847 0.001860622462787731
39.796821036899395 0.0006765899864682456
