    0.000000e+00    1.0000000000e+00    0.0000000000e+00
    2.000000e-02    9.9960014783e-01    3.9985217448e-04
    4.000000e-02    9.9840236226e-01    1.5976377374e-03
    6.000000e-02    9.9641187158e-01    3.5881284186e-03
    8.000000e-02    9.9363707027e-01    6.3629297263e-03
    1.000000e-01    9.9008910362e-01    9.9108963757e-03
    1.200000e-01    9.8578143609e-01    1.4218563907e-02
    1.400000e-01    9.8072945846e-01    1.9270541535e-02
    1.600000e-01    9.7495015366e-01    2.5049846343e-02
    1.800000e-01    9.6846182250e-01    3.1538177502e-02
    2.000000e-01    9.6128386321e-01    3.8716136795e-02
    2.200000e-01    9.5343659591e-01    4.6563404094e-02
    2.400000e-01    9.4494112384e-01    5.5058876164e-02
    2.600000e-01    9.3581922378e-01    6.4180776225e-02
    2.800000e-01    9.2609325923e-01    7.3906740765e-02
    3.000000e-01    9.1578611092e-01    8.4213889080e-02
    3.200000e-01    9.0492111993e-01    9.5078880070e-02
    3.400000e-01    8.9352204009e-01    1.0647795991e-01
    3.600000e-01    8.8161299661e-01    1.1838700339e-01
    3.800000e-01    8.6921844893e-01    1.3078155107e-01
    4.000000e-01    8.5636315629e-01    1.4363684371e-01
    4.200000e-01    8.4307214492e-01    1.5692785508e-01
    4.400000e-01    8.2937067621e-01    1.7062932379e-01
    4.600000e-01    8.1528421541e-01    1.8471578459e-01
    4.800000e-01    8.0083840048e-01    1.9916159952e-01
    5.000000e-01    7.8605901110e-01    2.1394098890e-01
    5.200000e-01    7.7097193766e-01    2.2902806234e-01
    5.400000e-01    7.5560315013e-01    2.4439684987e-01
    5.600000e-01    7.3997866703e-01    2.6002133297e-01
    5.800000e-01    7.2412452428e-01    2.7587547572e-01
    6.000000e-01    7.0806674411e-01    2.9193325589e-01
    6.200000e-01    6.9183130401e-01    3.0816869599e-01
    6.400000e-01    6.7544410582e-01    3.2455589418e-01
    6.600000e-01    6.5893094484e-01    3.4106905516e-01
    6.800000e-01    6.4231747929e-01    3.5768252071e-01
    7.000000e-01    6.2562919980e-01    3.7437080020e-01
    7.200000e-01    6.0889139935e-01    3.9110860065e-01
    7.400000e-01    5.9212914339e-01    4.0787085661e-01
    7.600000e-01    5.7536724044e-01    4.2463275956e-01
    7.800000e-01    5.5863021303e-01    4.4136978697e-01
    8.000000e-01    5.4194226914e-01    4.5805773086e-01
    8.200000e-01    5.2532727417e-01    4.7467272583e-01
    8.400000e-01    5.0880872339e-01    4.9119127661e-01
    8.600000e-01    4.9240971509e-01    5.0759028491e-01
    8.800000e-01    4.7615292429e-01    5.2384707571e-01
    9.000000e-01    4.6006057715e-01    5.3993942285e-01
    9.200000e-01    4.4415442618e-01    5.5584557382e-01
    9.400000e-01    4.2845572605e-01    5.7154427395e-01
    9.600000e-01    4.1298521036e-01    5.8701478964e-01
    9.800000e-01    3.9776306919e-01    6.0223693081e-01
    1.000000e+00    3.8280892741e-01    6.1719107259e-01
    1.020000e+00    3.6814182406e-01    6.3185817594e-01
    1.040000e+00    3.5378019251e-01    6.4621980749e-01
    1.060000e+00    3.3974184163e-01    6.6025815837e-01
    1.080000e+00    3.2604393790e-01    6.7395606210e-01
    1.100000e+00    3.1270298854e-01    6.8729701146e-01
    1.120000e+00    2.9973482563e-01    7.0026517437e-01
    1.140000e+00    2.8715459126e-01    7.1284540874e-01
    1.160000e+00    2.7497672374e-01    7.2502327626e-01
    1.180000e+00    2.6321494485e-01    7.3678505515e-01
    1.200000e+00    2.5188224816e-01    7.4811775184e-01
    1.220000e+00    2.4099088847e-01    7.5900911153e-01
    1.240000e+00    2.3055237228e-01    7.6944762772e-01
    1.260000e+00    2.2057744938e-01    7.7942255062e-01
    1.280000e+00    2.1107610557e-01    7.8892389443e-01
    1.300000e+00    2.0205755641e-01    7.9794244359e-01
    1.320000e+00    1.9353024217e-01    8.0646975783e-01
    1.340000e+00    1.8550182378e-01    8.1449817622e-01
    1.360000e+00    1.7797917993e-01    8.2202082007e-01
    1.380000e+00    1.7096840531e-01    8.2903159469e-01
    1.400000e+00    1.6447480984e-01    8.3552519016e-01
    1.420000e+00    1.5850291903e-01    8.4149708097e-01
    1.440000e+00    1.5305647548e-01    8.4694352452e-01
    1.460000e+00    1.4813844127e-01    8.5186155873e-01
    1.480000e+00    1.4375100163e-01    8.5624899837e-01
    1.500000e+00    1.3989556942e-01    8.6010443058e-01
    1.520000e+00    1.3657279078e-01    8.6342720922e-01
    1.540000e+00    1.3378255175e-01    8.6621744825e-01
    1.560000e+00    1.3152398583e-01    8.6847601417e-01
    1.580000e+00    1.2979548258e-01    8.7020451742e-01
    1.600000e+00    1.2859469711e-01    8.7140530289e-01
    1.620000e+00    1.2791856053e-01    8.7208143947e-01
    1.640000e+00    1.2776329129e-01    8.7223670871e-01
    1.660000e+00    1.2812440740e-01    8.7187559260e-01
    1.680000e+00    1.2899673954e-01    8.7100326046e-01
    1.700000e+00    1.3037444491e-01    8.6962555509e-01
    1.720000e+00    1.3225102201e-01    8.6774897799e-01
    1.740000e+00    1.3461932609e-01    8.6538067391e-01
    1.760000e+00    1.3747158538e-01    8.6252841462e-01
    1.780000e+00    1.4079941806e-01    8.5920058194e-01
    1.800000e+00    1.4459384989e-01    8.5540615011e-01
    1.820000e+00    1.4884533253e-01    8.5115466747e-01
    1.840000e+00    1.5354376242e-01    8.4645623758e-01
    1.860000e+00    1.5867850036e-01    8.4132149964e-01
    1.880000e+00    1.6423839152e-01    8.3576160848e-01
    1.900000e+00    1.7021178610e-01    8.2978821390e-01
    1.920000e+00    1.7658656038e-01    8.2341343962e-01
    1.940000e+00    1.8335013835e-01    8.1664986165e-01
    1.960000e+00    1.9048951360e-01    8.0951048640e-01
    1.980000e+00    1.9799127179e-01    8.0200872821e-01
    2.000000e+00    2.0584161334e-01    7.9415838666e-01
    2.020000e+00    2.1402637647e-01    7.8597362353e-01
    2.040000e+00    2.2253106059e-01    7.7746893941e-01
    2.060000e+00    2.3134084986e-01    7.6865915014e-01
    2.080000e+00    2.4044063703e-01    7.5955936297e-01
    2.100000e+00    2.4981504741e-01    7.5018495259e-01
    2.120000e+00    2.5944846304e-01    7.4055153696e-01
    2.140000e+00    2.6932504690e-01    7.3067495310e-01
    2.160000e+00    2.7942876727e-01    7.2057123273e-01
    2.180000e+00    2.8974342209e-01    7.1025657791e-01
    2.200000e+00    3.0025266334e-01    6.9974733666e-01
    2.220000e+00    3.1094002138e-01    6.8905997862e-01
    2.240000e+00    3.2178892924e-01    6.7821107076e-01
    2.260000e+00    3.3278274684e-01    6.6721725316e-01
    2.280000e+00    3.4390478500e-01    6.5609521500e-01
    2.300000e+00    3.5513832943e-01    6.4486167057e-01
    2.320000e+00    3.6646666437e-01    6.3353333563e-01
    2.340000e+00    3.7787309613e-01    6.2212690387e-01
    2.360000e+00    3.8934097633e-01    6.1065902367e-01
    2.380000e+00    4.0085372485e-01    5.9914627515e-01
    2.400000e+00    4.1239485244e-01    5.8760514756e-01
    2.420000e+00    4.2394798311e-01    5.7605201689e-01
    2.440000e+00    4.3549687596e-01    5.6450312404e-01
    2.460000e+00    4.4702544681e-01    5.5297455319e-01
    2.480000e+00    4.5851778924e-01    5.4148221076e-01
    2.500000e+00    4.6995819531e-01    5.3004180469e-01
    2.520000e+00    4.8133117572e-01    5.1866882428e-01
    2.540000e+00    4.9262147950e-01    5.0737852050e-01
    2.560000e+00    5.0381411323e-01    4.9618588677e-01
    2.580000e+00    5.1489435962e-01    4.8510564038e-01
    2.600000e+00    5.2584779560e-01    4.7415220440e-01
    2.620000e+00    5.3666030981e-01    4.6333969019e-01
    2.640000e+00    5.4731811948e-01    4.5268188052e-01
    2.660000e+00    5.5780778671e-01    4.4219221329e-01
    2.680000e+00    5.6811623407e-01    4.3188376593e-01
    2.700000e+00    5.7823075960e-01    4.2176924040e-01
    2.720000e+00    5.8813905109e-01    4.1186094891e-01
    2.740000e+00    5.9782919975e-01    4.0217080025e-01
    2.760000e+00    6.0728971309e-01    3.9271028691e-01
    2.780000e+00    6.1650952719e-01    3.8349047281e-01
    2.800000e+00    6.2547801820e-01    3.7452198180e-01
    2.820000e+00    6.3418501309e-01    3.6581498691e-01
    2.840000e+00    6.4262079975e-01    3.5737920025e-01
    2.860000e+00    6.5077613629e-01    3.4922386371e-01
    2.880000e+00    6.5864225958e-01    3.4135774042e-01
    2.900000e+00    6.6621089308e-01    3.3378910692e-01
    2.920000e+00    6.7347425389e-01    3.2652574611e-01
    2.940000e+00    6.8042505905e-01    3.1957494095e-01
    2.960000e+00    6.8705653109e-01    3.1294346891e-01
    2.980000e+00    6.9336240278e-01    3.0663759722e-01
    3.000000e+00    6.9933692117e-01    3.0066307883e-01
    3.020000e+00    7.0497485083e-01    2.9502514917e-01
    3.040000e+00    7.1027147635e-01    2.8972852365e-01
    3.060000e+00    7.1522260412e-01    2.8477739588e-01
    3.080000e+00    7.1982456328e-01    2.8017543672e-01
    3.100000e+00    7.2407420602e-01    2.7592579398e-01
    3.120000e+00    7.2796890707e-01    2.7203109293e-01
    3.140000e+00    7.3150656254e-01    2.6849343746e-01
    3.160000e+00    7.3468558793e-01    2.6531441207e-01
    3.180000e+00    7.3750491554e-01    2.6249508446e-01
    3.200000e+00    7.3996399113e-01    2.6003600887e-01
    3.220000e+00    7.4206276986e-01    2.5793723014e-01
    3.240000e+00    7.4380171164e-01    2.5619828836e-01
    3.260000e+00    7.4518177574e-01    2.5481822426e-01
    3.280000e+00    7.4620441476e-01    2.5379558524e-01
    3.300000e+00    7.4687156800e-01    2.5312843200e-01
    3.320000e+00    7.4718565419e-01    2.5281434581e-01
    3.340000e+00    7.4714956363e-01    2.5285043637e-01
    3.360000e+00    7.4676664968e-01    2.5323335032e-01
    3.380000e+00    7.4604071978e-01    2.5395928022e-01
    3.400000e+00    7.4497602585e-01    2.5502397415e-01
    3.420000e+00    7.4357725417e-01    2.5642274583e-01
    3.440000e+00    7.4184951476e-01    2.5815048524e-01
    3.460000e+00    7.3979833023e-01    2.6020166977e-01
    3.480000e+00    7.3742962424e-01    2.6257037576e-01
    3.500000e+00    7.3474970936e-01    2.6525029064e-01
    3.520000e+00    7.3176527468e-01    2.6823472532e-01
    3.540000e+00    7.2848337284e-01    2.7151662716e-01
    3.560000e+00    7.2491140681e-01    2.7508859319e-01
    3.580000e+00    7.2105711619e-01    2.7894288381e-01
    3.600000e+00    7.1692856323e-01    2.8307143677e-01
    3.620000e+00    7.1253411853e-01    2.8746588147e-01
    3.640000e+00    7.0788244643e-01    2.9211755357e-01
    3.660000e+00    7.0298249009e-01    2.9701750991e-01
    3.680000e+00    6.9784345638e-01    3.0215654362e-01
    3.700000e+00    6.9247480052e-01    3.0752519948e-01
    3.720000e+00    6.8688621047e-01    3.1311378953e-01
    3.740000e+00    6.8108759124e-01    3.1891240876e-01
    3.760000e+00    6.7508904891e-01    3.2491095109e-01
    3.780000e+00    6.6890087466e-01    3.3109912534e-01
    3.800000e+00    6.6253352857e-01    3.3746647143e-01
    3.820000e+00    6.5599762342e-01    3.4400237658e-01
    3.840000e+00    6.4930390836e-01    3.5069609164e-01
    3.860000e+00    6.4246325262e-01    3.5753674738e-01
    3.880000e+00    6.3548662912e-01    3.6451337088e-01
    3.900000e+00    6.2838509815e-01    3.7161490185e-01
    3.920000e+00    6.2116979103e-01    3.7883020897e-01
    3.940000e+00    6.1385189391e-01    3.8614810609e-01
    3.960000e+00    6.0644263152e-01    3.9355736848e-01
    3.980000e+00    5.9895325115e-01    4.0104674885e-01
    4.000000e+00    5.9139500663e-01    4.0860499337e-01
    4.020000e+00    5.8377914253e-01    4.1622085747e-01
    4.040000e+00    5.7611687849e-01    4.2388312151e-01
    4.060000e+00    5.6841939376e-01    4.3158060624e-01
    4.080000e+00    5.6069781188e-01    4.3930218812e-01
    4.100000e+00    5.5296318567e-01    4.4703681433e-01
    4.120000e+00    5.4522648234e-01    4.5477351766e-01
    4.140000e+00    5.3749856903e-01    4.6250143097e-01
    4.160000e+00    5.2979019842e-01    4.7020980158e-01
    4.180000e+00    5.2211199482e-01    4.7788800518e-01
    4.200000e+00    5.1447444046e-01    4.8552555954e-01
    4.220000e+00    5.0688786214e-01    4.9311213786e-01
    4.240000e+00    4.9936241823e-01    5.0063758177e-01
    4.260000e+00    4.9190808600e-01    5.0809191400e-01
    4.280000e+00    4.8453464938e-01    5.1546535062e-01
    4.300000e+00    4.7725168704e-01    5.2274831296e-01
    4.320000e+00    4.7006856089e-01    5.2993143911e-01
    4.340000e+00    4.6299440503e-01    5.3700559497e-01
    4.360000e+00    4.5603811507e-01    5.4396188493e-01
    4.380000e+00    4.4920833791e-01    5.5079166209e-01
    4.400000e+00    4.4251346196e-01    5.5748653804e-01
    4.420000e+00    4.3596160782e-01    5.6403839218e-01
    4.440000e+00    4.2956061940e-01    5.7043938060e-01
    4.460000e+00    4.2331805556e-01    5.7668194444e-01
    4.480000e+00    4.1724118216e-01    5.8275881784e-01
    4.500000e+00    4.1133696466e-01    5.8866303534e-01
    4.520000e+00    4.0561206115e-01    5.9438793885e-01
    4.540000e+00    4.0007281593e-01    5.9992718407e-01
    4.560000e+00    3.9472525358e-01    6.0527474642e-01
    4.580000e+00    3.8957507347e-01    6.1042492653e-01
    4.600000e+00    3.8462764487e-01    6.1537235513e-01
    4.620000e+00    3.7988800253e-01    6.2011199747e-01
    4.640000e+00    3.7536084272e-01    6.2463915728e-01
    4.660000e+00    3.7105051987e-01    6.2894948013e-01
    4.680000e+00    3.6696104367e-01    6.3303895633e-01
    4.700000e+00    3.6309607668e-01    6.3690392332e-01
    4.720000e+00    3.5945893244e-01    6.4054106756e-01
    4.740000e+00    3.5605257414e-01    6.4394742586e-01
    4.760000e+00    3.5287961373e-01    6.4712038627e-01
    4.780000e+00    3.4994231155e-01    6.5005768845e-01
    4.800000e+00    3.4724257652e-01    6.5275742348e-01
    4.820000e+00    3.4478196667e-01    6.5521803333e-01
    4.840000e+00    3.4256169032e-01    6.5743830968e-01
    4.860000e+00    3.4058260766e-01    6.5941739234e-01
    4.880000e+00    3.3884523279e-01    6.6115476721e-01
    4.900000e+00    3.3734973627e-01    6.6265026373e-01
    4.920000e+00    3.3609594807e-01    6.6390405193e-01
    4.940000e+00    3.3508336105e-01    6.6491663895e-01
    4.960000e+00    3.3431113480e-01    6.6568886520e-01
    4.980000e+00    3.3377809998e-01    6.6622190002e-01
    5.000000e+00    3.3348276300e-01    6.6651723700e-01
    5.020000e+00    3.3342331118e-01    6.6657668882e-01
    5.040000e+00    3.3359761829e-01    6.6640238171e-01
    5.060000e+00    3.3400325046e-01    6.6599674954e-01
    5.080000e+00    3.3463747250e-01    6.6536252750e-01
    5.100000e+00    3.3549725451e-01    6.6450274549e-01
    5.120000e+00    3.3657927895e-01    6.6342072105e-01
    5.140000e+00    3.3787994794e-01    6.6212005206e-01
    5.160000e+00    3.3939539097e-01    6.6060460903e-01
    5.180000e+00    3.4112147285e-01    6.5887852715e-01
    5.200000e+00    3.4305380200e-01    6.5694619800e-01
    5.220000e+00    3.4518773903e-01    6.5481226097e-01
    5.240000e+00    3.4751840552e-01    6.5248159448e-01
    5.260000e+00    3.5004069314e-01    6.4995930686e-01
    5.280000e+00    3.5274927295e-01    6.4725072705e-01
    5.300000e+00    3.5563860494e-01    6.4436139506e-01
    5.320000e+00    3.5870294775e-01    6.4129705225e-01
    5.340000e+00    3.6193636865e-01    6.3806363135e-01
    5.360000e+00    3.6533275360e-01    6.3466724640e-01
    5.380000e+00    3.6888581756e-01    6.3111418244e-01
    5.400000e+00    3.7258911487e-01    6.2741088513e-01
    5.420000e+00    3.7643604979e-01    6.2356395021e-01
    5.440000e+00    3.8041988717e-01    6.1958011283e-01
    5.460000e+00    3.8453376321e-01    6.1546623679e-01
    5.480000e+00    3.8877069621e-01    6.1122930379e-01
    5.500000e+00    3.9312359755e-01    6.0687640245e-01
    5.520000e+00    3.9758528256e-01    6.0241471744e-01
    5.540000e+00    4.0214848152e-01    5.9785151848e-01
    5.560000e+00    4.0680585064e-01    5.9319414936e-01
    5.580000e+00    4.1154998305e-01    5.8845001695e-01
    5.600000e+00    4.1637341974e-01    5.8362658026e-01
    5.620000e+00    4.2126866053e-01    5.7873133947e-01
    5.640000e+00    4.2622817498e-01    5.7377182502e-01
    5.660000e+00    4.3124441317e-01    5.6875558683e-01
    5.680000e+00    4.3630981652e-01    5.6369018348e-01
    5.700000e+00    4.4141682842e-01    5.5858317158e-01
    5.720000e+00    4.4655790484e-01    5.5344209516e-01
    5.740000e+00    4.5172552473e-01    5.4827447527e-01
    5.760000e+00    4.5691220040e-01    5.4308779960e-01
    5.780000e+00    4.6211048766e-01    5.3788951234e-01
    5.800000e+00    4.6731299584e-01    5.3268700416e-01
    5.820000e+00    4.7251239769e-01    5.2748760231e-01
    5.840000e+00    4.7770143899e-01    5.2229856101e-01
    5.860000e+00    4.8287294808e-01    5.1712705192e-01
    5.880000e+00    4.8801984509e-01    5.1198015491e-01
    5.900000e+00    4.9313515105e-01    5.0686484895e-01
    5.920000e+00    4.9821199667e-01    5.0178800333e-01
    5.940000e+00    5.0324363098e-01    4.9675636902e-01
    5.960000e+00    5.0822342965e-01    4.9177657035e-01
    5.980000e+00    5.1314490309e-01    4.8685509691e-01
    6.000000e+00    5.1800170429e-01    4.8199829571e-01
    6.020000e+00    5.2278763638e-01    4.7721236362e-01
    6.040000e+00    5.2749665987e-01    4.7250334013e-01
    6.060000e+00    5.3212289967e-01    4.6787710033e-01
    6.080000e+00    5.3666065179e-01    4.6333934821e-01
    6.100000e+00    5.4110438967e-01    4.5889561033e-01
    6.120000e+00    5.4544877032e-01    4.5455122968e-01
    6.140000e+00    5.4968864007e-01    4.5031135993e-01
    6.160000e+00    5.5381903997e-01    4.4618096003e-01
    6.180000e+00    5.5783521098e-01    4.4216478902e-01
    6.200000e+00    5.6173259872e-01    4.3826740128e-01
    6.220000e+00    5.6550685794e-01    4.3449314206e-01
    6.240000e+00    5.6915385666e-01    4.3084614334e-01
    6.260000e+00    5.7266967993e-01    4.2733032007e-01
    6.280000e+00    5.7605063332e-01    4.2394936668e-01
    6.300000e+00    5.7929324599e-01    4.2070675401e-01
    6.320000e+00    5.8239427347e-01    4.1760572653e-01
    6.340000e+00    5.8535070011e-01    4.1464929989e-01
    6.360000e+00    5.8815974110e-01    4.1184025890e-01
    6.380000e+00    5.9081884425e-01    4.0918115575e-01
    6.400000e+00    5.9332569140e-01    4.0667430860e-01
    6.420000e+00    5.9567819942e-01    4.0432180058e-01
    6.440000e+00    5.9787452096e-01    4.0212547904e-01
    6.460000e+00    5.9991304481e-01    4.0008695519e-01
    6.480000e+00    6.0179239597e-01    3.9820760403e-01
    6.500000e+00    6.0351143533e-01    3.9648856467e-01
    6.520000e+00    6.0506925906e-01    3.9493074094e-01
    6.540000e+00    6.0646519769e-01    3.9353480231e-01
    6.560000e+00    6.0769881483e-01    3.9230118517e-01
    6.580000e+00    6.0876990558e-01    3.9123009442e-01
    6.600000e+00    6.0967849470e-01    3.9032150530e-01
    6.620000e+00    6.1042483437e-01    3.8957516563e-01
    6.640000e+00    6.1100940170e-01    3.8899059830e-01
    6.660000e+00    6.1143289601e-01    3.8856710399e-01
    6.680000e+00    6.1169623571e-01    3.8830376429e-01
    6.700000e+00    6.1180055498e-01    3.8819944502e-01
    6.720000e+00    6.1174720014e-01    3.8825279986e-01
    6.740000e+00    6.1153772580e-01    3.8846227420e-01
    6.760000e+00    6.1117389071e-01    3.8882610929e-01
    6.780000e+00    6.1065765340e-01    3.8934234660e-01
    6.800000e+00    6.0999116753e-01    3.9000883247e-01
    6.820000e+00    6.0917677707e-01    3.9082322293e-01
    6.840000e+00    6.0821701122e-01    3.9178298878e-01
    6.860000e+00    6.0711457913e-01    3.9288542087e-01
    6.880000e+00    6.0587236441e-01    3.9412763559e-01
    6.900000e+00    6.0449341947e-01    3.9550658053e-01
    6.920000e+00    6.0298095964e-01    3.9701904036e-01
    6.940000e+00    6.0133835716e-01    3.9866164284e-01
    6.960000e+00    5.9956913496e-01    4.0043086504e-01
    6.980000e+00    5.9767696032e-01    4.0232303968e-01
    7.000000e+00    5.9566563837e-01    4.0433436163e-01
    7.020000e+00    5.9353910550e-01    4.0646089450e-01
    7.040000e+00    5.9130142257e-01    4.0869857743e-01
    7.060000e+00    5.8895676806e-01    4.1104323194e-01
    7.080000e+00    5.8650943114e-01    4.1349056886e-01
    7.100000e+00    5.8396380460e-01    4.1603619540e-01
    7.120000e+00    5.8132437772e-01    4.1867562228e-01
    7.140000e+00    5.7859572910e-01    4.2140427090e-01
    7.160000e+00    5.7578251937e-01    4.2421748063e-01
    7.180000e+00    5.7288948392e-01    4.2711051608e-01
    7.200000e+00    5.6992142556e-01    4.3007857444e-01
    7.220000e+00    5.6688320714e-01    4.3311679286e-01
    7.240000e+00    5.6377974420e-01    4.3622025580e-01
    7.260000e+00    5.6061599757e-01    4.3938400243e-01
    7.280000e+00    5.5739696599e-01    4.4260303401e-01
    7.300000e+00    5.5412767878e-01    4.4587232122e-01
    7.320000e+00    5.5081318847e-01    4.4918681153e-01
    7.340000e+00    5.4745856353e-01    4.5254143647e-01
    7.360000e+00    5.4406888109e-01    4.5593111891e-01
    7.380000e+00    5.4064921981e-01    4.5935078019e-01
    7.400000e+00    5.3720465264e-01    4.6279534736e-01
    7.420000e+00    5.3374023990e-01    4.6625976010e-01
    7.440000e+00    5.3026102218e-01    4.6973897782e-01
    7.460000e+00    5.2677201356e-01    4.7322798644e-01
    7.480000e+00    5.2327819477e-01    4.7672180523e-01
    7.500000e+00    5.1978450657e-01    4.8021549343e-01
    7.520000e+00    5.1629584318e-01    4.8370415682e-01
    7.540000e+00    5.1281704584e-01    4.8718295416e-01
    7.560000e+00    5.0935289657e-01    4.9064710343e-01
    7.580000e+00    5.0590811198e-01    4.9409188802e-01
    7.600000e+00    5.0248733733e-01    4.9751266267e-01
    7.620000e+00    4.9909514062e-01    5.0090485938e-01
    7.640000e+00    4.9573600697e-01    5.0426399303e-01
    7.660000e+00    4.9241433309e-01    5.0758566691e-01
    7.680000e+00    4.8913442196e-01    5.1086557804e-01
    7.700000e+00    4.8590047767e-01    5.1409952233e-01
    7.720000e+00    4.8271660046e-01    5.1728339954e-01
    7.740000e+00    4.7958678195e-01    5.2041321805e-01
    7.760000e+00    4.7651490059e-01    5.2348509941e-01
    7.780000e+00    4.7350471723e-01    5.2649528277e-01
    7.800000e+00    4.7055987102e-01    5.2944012898e-01
    7.820000e+00    4.6768387540e-01    5.3231612460e-01
    7.840000e+00    4.6488011439e-01    5.3511988561e-01
    7.860000e+00    4.6215183905e-01    5.3784816095e-01
    7.880000e+00    4.5950216417e-01    5.4049783583e-01
    7.900000e+00    4.5693406519e-01    5.4306593481e-01
    7.920000e+00    4.5445037535e-01    5.4554962465e-01
    7.940000e+00    4.5205378302e-01    5.4794621698e-01
    7.960000e+00    4.4974682932e-01    5.5025317068e-01
    7.980000e+00    4.4753190593e-01    5.5246809407e-01
    8.000000e+00    4.4541125316e-01    5.5458874684e-01
    8.020000e+00    4.4338695821e-01    5.5661304179e-01
    8.040000e+00    4.4146095368e-01    5.5853904632e-01
    8.060000e+00    4.3963501632e-01    5.6036498368e-01
    8.080000e+00    4.3791076601e-01    5.6208923399e-01
    8.100000e+00    4.3628966497e-01    5.6371033503e-01
    8.120000e+00    4.3477301714e-01    5.6522698286e-01
    8.140000e+00    4.3336196791e-01    5.6663803209e-01
    8.160000e+00    4.3205750394e-01    5.6794249606e-01
    8.180000e+00    4.3086045331e-01    5.6913954669e-01
    8.200000e+00    4.2977148581e-01    5.7022851419e-01
    8.220000e+00    4.2879111354e-01    5.7120888646e-01
    8.240000e+00    4.2791969160e-01    5.7208030840e-01
    8.260000e+00    4.2715741914e-01    5.7284258086e-01
    8.280000e+00    4.2650434048e-01    5.7349565952e-01
    8.300000e+00    4.2596034653e-01    5.7403965347e-01
    8.320000e+00    4.2552517641e-01    5.7447482359e-01
    8.340000e+00    4.2519841919e-01    5.7480158081e-01
    8.360000e+00    4.2497951587e-01    5.7502048413e-01
    8.380000e+00    4.2486776162e-01    5.7513223838e-01
    8.400000e+00    4.2486230805e-01    5.7513769195e-01
    8.420000e+00    4.2496216583e-01    5.7503783417e-01
    8.440000e+00    4.2516620731e-01    5.7483379269e-01
    8.460000e+00    4.2547316948e-01    5.7452683052e-01
    8.480000e+00    4.2588165694e-01    5.7411834306e-01
    8.500000e+00    4.2639014516e-01    5.7360985484e-01
    8.520000e+00    4.2699698378e-01    5.7300301622e-01
    8.540000e+00    4.2770040011e-01    5.7229959989e-01
    8.560000e+00    4.2849850279e-01    5.7150149721e-01
    8.580000e+00    4.2938928553e-01    5.7061071447e-01
    8.600000e+00    4.3037063100e-01    5.6962936900e-01
    8.620000e+00    4.3144031483e-01    5.6855968517e-01
    8.640000e+00    4.3259600976e-01    5.6740399024e-01
    8.660000e+00    4.3383528984e-01    5.6616471016e-01
    8.680000e+00    4.3515563476e-01    5.6484436524e-01
    8.700000e+00    4.3655443429e-01    5.6344556571e-01
    8.720000e+00    4.3802899273e-01    5.6197100727e-01
    8.740000e+00    4.3957653355e-01    5.6042346645e-01
    8.760000e+00    4.4119420397e-01    5.5880579603e-01
    8.780000e+00    4.4287907975e-01    5.5712092025e-01
    8.800000e+00    4.4462816990e-01    5.5537183010e-01
    8.820000e+00    4.4643842150e-01    5.5356157850e-01
    8.840000e+00    4.4830672460e-01    5.5169327540e-01
    8.860000e+00    4.5022991708e-01    5.4977008292e-01
    8.880000e+00    4.5220478955e-01    5.4779521045e-01
    8.900000e+00    4.5422809035e-01    5.4577190965e-01
    8.920000e+00    4.5629653045e-01    5.4370346955e-01
    8.940000e+00    4.5840678843e-01    5.4159321157e-01
    8.960000e+00    4.6055551543e-01    5.3944448457e-01
    8.980000e+00    4.6273934011e-01    5.3726065989e-01
    9.000000e+00    4.6495487359e-01    5.3504512641e-01
    9.020000e+00    4.6719871432e-01    5.3280128568e-01
    9.040000e+00    4.6946745303e-01    5.3053254697e-01
    9.060000e+00    4.7175767753e-01    5.2824232247e-01
    9.080000e+00    4.7406597753e-01    5.2593402247e-01
    9.100000e+00    4.7638894941e-01    5.2361105059e-01
    9.120000e+00    4.7872320093e-01    5.2127679907e-01
    9.140000e+00    4.8106535584e-01    5.1893464416e-01
    9.160000e+00    4.8341205852e-01    5.1658794148e-01
    9.180000e+00    4.8575997843e-01    5.1424002157e-01
    9.200000e+00    4.8810581459e-01    5.1189418541e-01
    9.220000e+00    4.9044629987e-01    5.0955370013e-01
    9.240000e+00    4.9277820532e-01    5.0722179468e-01
    9.260000e+00    4.9509834428e-01    5.0490165572e-01
    9.280000e+00    4.9740357647e-01    5.0259642353e-01
    9.300000e+00    4.9969081197e-01    5.0030918803e-01
    9.320000e+00    5.0195701504e-01    4.9804298496e-01
    9.340000e+00    5.0419920790e-01    4.9580079210e-01
    9.360000e+00    5.0641447433e-01    4.9358552567e-01
    9.380000e+00    5.0859996320e-01    4.9140003680e-01
    9.400000e+00    5.1075289184e-01    4.8924710816e-01
    9.420000e+00    5.1287054933e-01    4.8712945067e-01
    9.440000e+00    5.1495029957e-01    4.8504970043e-01
    9.460000e+00    5.1698958430e-01    4.8301041570e-01
    9.480000e+00    5.1898592598e-01    4.8101407402e-01
    9.500000e+00    5.2093693045e-01    4.7906306955e-01
    9.520000e+00    5.2284028954e-01    4.7715971046e-01
    9.540000e+00    5.2469378349e-01    4.7530621651e-01
    9.560000e+00    5.2649528324e-01    4.7350471676e-01
    9.580000e+00    5.2824275254e-01    4.7175724746e-01
    9.600000e+00    5.2993424993e-01    4.7006575007e-01
    9.620000e+00    5.3156793061e-01    4.6843206939e-01
    9.640000e+00    5.3314204808e-01    4.6685795192e-01
    9.660000e+00    5.3465495568e-01    4.6534504432e-01
    9.680000e+00    5.3610510796e-01    4.6389489204e-01
    9.700000e+00    5.3749106188e-01    4.6250893812e-01
    9.720000e+00    5.3881147789e-01    4.6118852211e-01
    9.740000e+00    5.4006512086e-01    4.5993487914e-01
    9.760000e+00    5.4125086076e-01    4.5874913924e-01
    9.780000e+00    5.4236767333e-01    4.5763232667e-01
    9.800000e+00    5.4341464048e-01    4.5658535952e-01
    9.820000e+00    5.4439095058e-01    4.5560904942e-01
    9.840000e+00    5.4529589864e-01    4.5470410136e-01
    9.860000e+00    5.4612888625e-01    4.5387111375e-01
    9.880000e+00    5.4688942144e-01    4.5311057856e-01
    9.900000e+00    5.4757711836e-01    4.5242288164e-01
    9.920000e+00    5.4819169686e-01    4.5180830314e-01
    9.940000e+00    5.4873298184e-01    4.5126701816e-01
    9.960000e+00    5.4920090253e-01    4.5079909747e-01
    9.980000e+00    5.4959549164e-01    4.5040450836e-01
    1.000000e+01    5.4991688430e-01    4.5008311570e-01
    1.002000e+01    5.5016531692e-01    4.4983468308e-01
    1.004000e+01    5.5034112595e-01    4.4965887405e-01
    1.006000e+01    5.5044474639e-01    4.4955525361e-01
    1.008000e+01    5.5047671034e-01    4.4952328966e-01
    1.010000e+01    5.5043764529e-01    4.4956235471e-01
    1.012000e+01    5.5032827237e-01    4.4967172763e-01
    1.014000e+01    5.5014940444e-01    4.4985059556e-01
    1.016000e+01    5.4990194413e-01    4.5009805587e-01
    1.018000e+01    5.4958688167e-01    4.5041311833e-01
    1.020000e+01    5.4920529275e-01    4.5079470725e-01
    1.022000e+01    5.4875833617e-01    4.5124166383e-01
    1.024000e+01    5.4824725143e-01    4.5175274857e-01
    1.026000e+01    5.4767335628e-01    4.5232664372e-01
    1.028000e+01    5.4703804410e-01    4.5296195590e-01
    1.030000e+01    5.4634278123e-01    4.5365721877e-01
    1.032000e+01    5.4558910428e-01    4.5441089572e-01
    1.034000e+01    5.4477861728e-01    4.5522138272e-01
    1.036000e+01    5.4391298880e-01    4.5608701120e-01
    1.038000e+01    5.4299394903e-01    4.5700605097e-01
    1.040000e+01    5.4202328676e-01    4.5797671324e-01
    1.042000e+01    5.4100284631e-01    4.5899715369e-01
    1.044000e+01    5.3993452446e-01    4.6006547554e-01
    1.046000e+01    5.3882026729e-01    4.6117973271e-01
    1.048000e+01    5.3766206697e-01    4.6233793303e-01
    1.050000e+01    5.3646195854e-01    4.6353804146e-01
    1.052000e+01    5.3522201670e-01    4.6477798330e-01
    1.054000e+01    5.3394435246e-01    4.6605564754e-01
    1.056000e+01    5.3263110990e-01    4.6736889010e-01
    1.058000e+01    5.3128446284e-01    4.6871553716e-01
    1.060000e+01    5.2990661150e-01    4.7009338850e-01
    1.062000e+01    5.2849977918e-01    4.7150022082e-01
    1.064000e+01    5.2706620892e-01    4.7293379108e-01
    1.066000e+01    5.2560816021e-01    4.7439183979e-01
    1.068000e+01    5.2412790561e-01    4.7587209439e-01
    1.070000e+01    5.2262772748e-01    4.7737227252e-01
    1.072000e+01    5.2110991469e-01    4.7889008531e-01
    1.074000e+01    5.1957675935e-01    4.8042324065e-01
    1.076000e+01    5.1803055354e-01    4.8196944646e-01
    1.078000e+01    5.1647358617e-01    4.8352641383e-01
    1.080000e+01    5.1490813969e-01    4.8509186031e-01
    1.082000e+01    5.1333648708e-01    4.8666351292e-01
    1.084000e+01    5.1176088865e-01    4.8823911135e-01
    1.086000e+01    5.1018358906e-01    4.8981641094e-01
    1.088000e+01    5.0860681427e-01    4.9139318573e-01
    1.090000e+01    5.0703276865e-01    4.9296723135e-01
    1.092000e+01    5.0546363205e-01    4.9453636795e-01
    1.094000e+01    5.0390155700e-01    4.9609844300e-01
    1.096000e+01    5.0234866593e-01    4.9765133407e-01
    1.098000e+01    5.0080704850e-01    4.9919295150e-01
    1.100000e+01    4.9927875898e-01    5.0072124102e-01
    1.102000e+01    4.9776581368e-01    5.0223418632e-01
    1.104000e+01    4.9627018850e-01    5.0372981150e-01
    1.106000e+01    4.9479381654e-01    5.0520618346e-01
    1.108000e+01    4.9333858577e-01    5.0666141423e-01
    1.110000e+01    4.9190633687e-01    5.0809366313e-01
    1.112000e+01    4.9049886100e-01    5.0950113900e-01
    1.114000e+01    4.8911789785e-01    5.1088210215e-01
    1.116000e+01    4.8776513361e-01    5.1223486639e-01
    1.118000e+01    4.8644219917e-01    5.1355780083e-01
    1.120000e+01    4.8515066829e-01    5.1484933171e-01
    1.122000e+01    4.8389205601e-01    5.1610794399e-01
    1.124000e+01    4.8266781700e-01    5.1733218300e-01
    1.126000e+01    4.8147934414e-01    5.1852065586e-01
    1.128000e+01    4.8032796711e-01    5.1967203289e-01
    1.130000e+01    4.7921495117e-01    5.2078504883e-01
    1.132000e+01    4.7814149594e-01    5.2185850406e-01
    1.134000e+01    4.7710873437e-01    5.2289126563e-01
    1.136000e+01    4.7611773175e-01    5.2388226825e-01
    1.138000e+01    4.7516948488e-01    5.2483051512e-01
    1.140000e+01    4.7426492130e-01    5.2573507870e-01
    1.142000e+01    4.7340489864e-01    5.2659510136e-01
    1.144000e+01    4.7259020408e-01    5.2740979592e-01
    1.146000e+01    4.7182155390e-01    5.2817844610e-01
    1.148000e+01    4.7109959316e-01    5.2890040684e-01
    1.150000e+01    4.7042489544e-01    5.2957510456e-01
    1.152000e+01    4.6979796272e-01    5.3020203728e-01
    1.154000e+01    4.6921922535e-01    5.3078077465e-01
    1.156000e+01    4.6868904210e-01    5.3131095790e-01
    1.158000e+01    4.6820770037e-01    5.3179229963e-01
    1.160000e+01    4.6777541642e-01    5.3222458358e-01
    1.162000e+01    4.6739233573e-01    5.3260766427e-01
    1.164000e+01    4.6705853350e-01    5.3294146650e-01
    1.166000e+01    4.6677401516e-01    5.3322598484e-01
    1.168000e+01    4.6653871706e-01    5.3346128294e-01
    1.170000e+01    4.6635250715e-01    5.3364749285e-01
    1.172000e+01    4.6621518586e-01    5.3378481414e-01
    1.174000e+01    4.6612648701e-01    5.3387351299e-01
    1.176000e+01    4.6608607876e-01    5.3391392124e-01
    1.178000e+01    4.6609356474e-01    5.3390643526e-01
    1.180000e+01    4.6614848519e-01    5.3385151481e-01
    1.182000e+01    4.6625031819e-01    5.3374968181e-01
    1.184000e+01    4.6639848101e-01    5.3360151899e-01
    1.186000e+01    4.6659233145e-01    5.3340766855e-01
    1.188000e+01    4.6683116934e-01    5.3316883066e-01
    1.190000e+01    4.6711423802e-01    5.3288576198e-01
    1.192000e+01    4.6744072598e-01    5.3255927402e-01
    1.194000e+01    4.6780976848e-01    5.3219023152e-01
    1.196000e+01    4.6822044927e-01    5.3177955073e-01
    1.198000e+01    4.6867180235e-01    5.3132819765e-01
    1.200000e+01    4.6916281378e-01    5.3083718622e-01
    1.202000e+01    4.6969242361e-01    5.3030757639e-01
    1.204000e+01    4.7025952770e-01    5.2974047230e-01
    1.206000e+01    4.7086297978e-01    5.2913702022e-01
    1.208000e+01    4.7150159338e-01    5.2849840662e-01
    1.210000e+01    4.7217414388e-01    5.2782585612e-01
    1.212000e+01    4.7287937065e-01    5.2712062935e-01
    1.214000e+01    4.7361597904e-01    5.2638402096e-01
    1.216000e+01    4.7438264263e-01    5.2561735737e-01
    1.218000e+01    4.7517800529e-01    5.2482199471e-01
    1.220000e+01    4.7600068343e-01    5.2399931657e-01
    1.222000e+01    4.7684926816e-01    5.2315073184e-01
    1.224000e+01    4.7772232749e-01    5.2227767251e-01
    1.226000e+01    4.7861840861e-01    5.2138159139e-01
    1.228000e+01    4.7953604003e-01    5.2046395997e-01
    1.230000e+01    4.8047373393e-01    5.1952626607e-01
    1.232000e+01    4.8142998828e-01    5.1857001172e-01
    1.234000e+01    4.8240328918e-01    5.1759671082e-01
    1.236000e+01    4.8339211301e-01    5.1660788699e-01
    1.238000e+01    4.8439492874e-01    5.1560507126e-01
    1.240000e+01    4.8541020004e-01    5.1458979996e-01
    1.242000e+01    4.8643638759e-01    5.1356361241e-01
    1.244000e+01    4.8747195119e-01    5.1252804881e-01
    1.246000e+01    4.8851535196e-01    5.1148464804e-01
    1.248000e+01    4.8956505447e-01    5.1043494553e-01
    1.250000e+01    4.9061952887e-01    5.0938047113e-01
    1.252000e+01    4.9167725298e-01    5.0832274702e-01
    1.254000e+01    4.9273671432e-01    5.0726328568e-01
    1.256000e+01    4.9379641220e-01    5.0620358780e-01
    1.258000e+01    4.9485485966e-01    5.0514514034e-01
    1.260000e+01    4.9591058543e-01    5.0408941457e-01
    1.262000e+01    4.9696213588e-01    5.0303786412e-01
    1.264000e+01    4.9800807684e-01    5.0199192316e-01
    1.266000e+01    4.9904699547e-01    5.0095300453e-01
    1.268000e+01    5.0007750203e-01    4.9992249797e-01
    1.270000e+01    5.0109823157e-01    4.9890176843e-01
    1.272000e+01    5.0210784568e-01    4.9789215432e-01
    1.274000e+01    5.0310503407e-01    4.9689496593e-01
    1.276000e+01    5.0408851613e-01    4.9591148387e-01
    1.278000e+01    5.0505704250e-01    4.9494295750e-01
    1.280000e+01    5.0600939647e-01    4.9399060353e-01
    1.282000e+01    5.0694439540e-01    4.9305560460e-01
    1.284000e+01    5.0786089210e-01    4.9213910790e-01
    1.286000e+01    5.0875777602e-01    4.9124222398e-01
    1.288000e+01    5.0963397452e-01    4.9036602548e-01
    1.290000e+01    5.1048845402e-01    4.8951154598e-01
    1.292000e+01    5.1132022106e-01    4.8867977894e-01
    1.294000e+01    5.1212832331e-01    4.8787167669e-01
    1.296000e+01    5.1291185055e-01    4.8708814945e-01
    1.298000e+01    5.1366993551e-01    4.8633006449e-01
    1.300000e+01    5.1440175473e-01    4.8559824527e-01
    1.302000e+01    5.1510652924e-01    4.8489347076e-01
    1.304000e+01    5.1578352530e-01    4.8421647470e-01
    1.306000e+01    5.1643205497e-01    4.8356794503e-01
    1.308000e+01    5.1705147663e-01    4.8294852337e-01
    1.310000e+01    5.1764119549e-01    4.8235880451e-01
    1.312000e+01    5.1820066392e-01    4.8179933608e-01
    1.314000e+01    5.1872938186e-01    4.8127061814e-01
    1.316000e+01    5.1922689698e-01    4.8077310302e-01
    1.318000e+01    5.1969280494e-01    4.8030719506e-01
    1.320000e+01    5.2012674946e-01    4.7987325054e-01
    1.322000e+01    5.2052842240e-01    4.7947157760e-01
    1.324000e+01    5.2089756372e-01    4.7910243628e-01
    1.326000e+01    5.2123396141e-01    4.7876603859e-01
    1.328000e+01    5.2153745131e-01    4.7846254869e-01
    1.330000e+01    5.2180791692e-01    4.7819208308e-01
    1.332000e+01    5.2204528910e-01    4.7795471090e-01
    1.334000e+01    5.2224954571e-01    4.7775045429e-01
    1.336000e+01    5.2242071126e-01    4.7757928874e-01
    1.338000e+01    5.2255885634e-01    4.7744114366e-01
    1.340000e+01    5.2266409718e-01    4.7733590282e-01
    1.342000e+01    5.2273659502e-01    4.7726340498e-01
    1.344000e+01    5.2277655543e-01    4.7722344457e-01
    1.346000e+01    5.2278422769e-01    4.7721577231e-01
    1.348000e+01    5.2275990394e-01    4.7724009606e-01
    1.350000e+01    5.2270391844e-01    4.7729608156e-01
    1.352000e+01    5.2261664664e-01    4.7738335336e-01
    1.354000e+01    5.2249850434e-01    4.7750149566e-01
    1.356000e+01    5.2234994668e-01    4.7765005332e-01
    1.358000e+01    5.2217146713e-01    4.7782853287e-01
    1.360000e+01    5.2196359647e-01    4.7803640353e-01
    1.362000e+01    5.2172690168e-01    4.7827309832e-01
    1.364000e+01    5.2146198481e-01    4.7853801519e-01
    1.366000e+01    5.2116948179e-01    4.7883051821e-01
    1.368000e+01    5.2085006124e-01    4.7914993876e-01
    1.370000e+01    5.2050442324e-01    4.7949557676e-01
    1.372000e+01    5.2013329802e-01    4.7986670198e-01
    1.374000e+01    5.1973744467e-01    4.8026255533e-01
    1.376000e+01    5.1931764981e-01    4.8068235019e-01
    1.378000e+01    5.1887472622e-01    4.8112527378e-01
    1.380000e+01    5.1840951147e-01    4.8159048853e-01
    1.382000e+01    5.1792286650e-01    4.8207713350e-01
    1.384000e+01    5.1741567419e-01    4.8258432581e-01
    1.386000e+01    5.1688883795e-01    4.8311116205e-01
    1.388000e+01    5.1634328021e-01    4.8365671979e-01
    1.390000e+01    5.1577994101e-01    4.8422005899e-01
    1.392000e+01    5.1519977646e-01    4.8480022354e-01
    1.394000e+01    5.1460375727e-01    4.8539624273e-01
    1.396000e+01    5.1399286729e-01    4.8600713271e-01
    1.398000e+01    5.1336810194e-01    4.8663189806e-01
    1.400000e+01    5.1273046677e-01    4.8726953323e-01
    1.402000e+01    5.1208097591e-01    4.8791902409e-01
    1.404000e+01    5.1142065060e-01    4.8857934940e-01
    1.406000e+01    5.1075051767e-01    4.8924948233e-01
    1.408000e+01    5.1007160807e-01    4.8992839193e-01
    1.410000e+01    5.0938495537e-01    4.9061504463e-01
    1.412000e+01    5.0869159428e-01    4.9130840572e-01
    1.414000e+01    5.0799255924e-01    4.9200744076e-01
    1.416000e+01    5.0728888288e-01    4.9271111712e-01
    1.418000e+01    5.0658159470e-01    4.9341840530e-01
    1.420000e+01    5.0587171957e-01    4.9412828043e-01
    1.422000e+01    5.0516027638e-01    4.9483972362e-01
    1.424000e+01    5.0444827666e-01    4.9555172334e-01
    1.426000e+01    5.0373672323e-01    4.9626327677e-01
    1.428000e+01    5.0302660887e-01    4.9697339113e-01
    1.430000e+01    5.0231891503e-01    4.9768108497e-01
    1.432000e+01    5.0161461059e-01    4.9838538941e-01
    1.434000e+01    5.0091465055e-01    4.9908534945e-01
    1.436000e+01    5.0021997488e-01    4.9978002512e-01
    1.438000e+01    4.9953150735e-01    5.0046849265e-01
    1.440000e+01    4.9885015434e-01    5.0114984566e-01
    1.442000e+01    4.9817680375e-01    5.0182319625e-01
    1.444000e+01    4.9751232398e-01    5.0248767602e-01
    1.446000e+01    4.9685756281e-01    5.0314243719e-01
    1.448000e+01    4.9621334648e-01    5.0378665352e-01
    1.450000e+01    4.9558047868e-01    5.0441952132e-01
    1.452000e+01    4.9495973969e-01    5.0504026031e-01
    1.454000e+01    4.9435188544e-01    5.0564811456e-01
    1.456000e+01    4.9375764676e-01    5.0624235324e-01
    1.458000e+01    4.9317772849e-01    5.0682227151e-01
    1.460000e+01    4.9261280886e-01    5.0738719114e-01
    1.462000e+01    4.9206353866e-01    5.0793646134e-01
    1.464000e+01    4.9153054068e-01    5.0846945932e-01
    1.466000e+01    4.9101440908e-01    5.0898559092e-01
    1.468000e+01    4.9051570879e-01    5.0948429121e-01
    1.470000e+01    4.9003497502e-01    5.0996502498e-01
    1.472000e+01    4.8957271279e-01    5.1042728721e-01
    1.474000e+01    4.8912939652e-01    5.1087060348e-01
    1.476000e+01    4.8870546961e-01    5.1129453039e-01
    1.478000e+01    4.8830134413e-01    5.1169865587e-01
    1.480000e+01    4.8791740056e-01    5.1208259944e-01
    1.482000e+01    4.8755398753e-01    5.1244601247e-01
    1.484000e+01    4.8721142162e-01    5.1278857838e-01
    1.486000e+01    4.8688998725e-01    5.1311001275e-01
    1.488000e+01    4.8658993654e-01    5.1341006346e-01
    1.490000e+01    4.8631148930e-01    5.1368851070e-01
    1.492000e+01    4.8605483302e-01    5.1394516698e-01
    1.494000e+01    4.8582012287e-01    5.1417987713e-01
    1.496000e+01    4.8560748184e-01    5.1439251816e-01
    1.498000e+01    4.8541700084e-01    5.1458299916e-01
    1.500000e+01    4.8524873886e-01    5.1475126114e-01
    1.502000e+01    4.8510272323e-01    5.1489727677e-01
    1.504000e+01    4.8497894985e-01    5.1502105015e-01
    1.506000e+01    4.8487738348e-01    5.1512261652e-01
    1.508000e+01    4.8479795810e-01    5.1520204190e-01
    1.510000e+01    4.8474057730e-01    5.1525942270e-01
    1.512000e+01    4.8470511467e-01    5.1529488533e-01
    1.514000e+01    4.8469141430e-01    5.1530858570e-01
    1.516000e+01    4.8469929122e-01    5.1530070878e-01
    1.518000e+01    4.8472853198e-01    5.1527146802e-01
    1.520000e+01    4.8477889522e-01    5.1522110478e-01
    1.522000e+01    4.8485011220e-01    5.1514988780e-01
    1.524000e+01    4.8494188752e-01    5.1505811248e-01
    1.526000e+01    4.8505389975e-01    5.1494610025e-01
    1.528000e+01    4.8518580208e-01    5.1481419792e-01
    1.530000e+01    4.8533722314e-01    5.1466277686e-01
    1.532000e+01    4.8550776765e-01    5.1449223235e-01
    1.534000e+01    4.8569701728e-01    5.1430298272e-01
    1.536000e+01    4.8590453138e-01    5.1409546862e-01
    1.538000e+01    4.8612984788e-01    5.1387015212e-01
    1.540000e+01    4.8637248407e-01    5.1362751593e-01
    1.542000e+01    4.8663193751e-01    5.1336806249e-01
    1.544000e+01    4.8690768694e-01    5.1309231306e-01
    1.546000e+01    4.8719919311e-01    5.1280080689e-01
    1.548000e+01    4.8750589979e-01    5.1249410021e-01
    1.550000e+01    4.8782723464e-01    5.1217276536e-01
    1.552000e+01    4.8816261023e-01    5.1183738977e-01
    1.554000e+01    4.8851142492e-01    5.1148857508e-01
    1.556000e+01    4.8887306393e-01    5.1112693607e-01
    1.558000e+01    4.8924690025e-01    5.1075309975e-01
    1.560000e+01    4.8963229568e-01    5.1036770432e-01
    1.562000e+01    4.9002860180e-01    5.0997139820e-01
    1.564000e+01    4.9043516099e-01    5.0956483901e-01
    1.566000e+01    4.9085130742e-01    5.0914869258e-01
    1.568000e+01    4.9127636811e-01    5.0872363189e-01
    1.570000e+01    4.9170966386e-01    5.0829033614e-01
    1.572000e+01    4.9215051032e-01    5.0784948968e-01
    1.574000e+01    4.9259821900e-01    5.0740178100e-01
    1.576000e+01    4.9305209823e-01    5.0694790177e-01
    1.578000e+01    4.9351145418e-01    5.0648854582e-01
    1.580000e+01    4.9397559187e-01    5.0602440813e-01
    1.582000e+01    4.9444381615e-01    5.0555618385e-01
    1.584000e+01    4.9491543263e-01    5.0508456737e-01
    1.586000e+01    4.9538974871e-01    5.0461025129e-01
    1.588000e+01    4.9586607450e-01    5.0413392550e-01
    1.590000e+01    4.9634372376e-01    5.0365627624e-01
    1.592000e+01    4.9682201483e-01    5.0317798517e-01
    1.594000e+01    4.9730027156e-01    5.0269972844e-01
    1.596000e+01    4.9777782418e-01    5.0222217582e-01
    1.598000e+01    4.9825401018e-01    5.0174598982e-01
    1.600000e+01    4.9872817522e-01    5.0127182478e-01
    1.602000e+01    4.9919967387e-01    5.0080032613e-01
    1.604000e+01    4.9966787055e-01    5.0033212945e-01
    1.606000e+01    5.0013214022e-01    4.9986785978e-01
    1.608000e+01    5.0059186924e-01    4.9940813076e-01
    1.610000e+01    5.0104645607e-01    4.9895354393e-01
    1.612000e+01    5.0149531202e-01    4.9850468798e-01
    1.614000e+01    5.0193786197e-01    4.9806213803e-01
    1.616000e+01    5.0237354500e-01    4.9762645500e-01
    1.618000e+01    5.0280181510e-01    4.9719818490e-01
    1.620000e+01    5.0322214175e-01    4.9677785825e-01
    1.622000e+01    5.0363401055e-01    4.9636598945e-01
    1.624000e+01    5.0403692378e-01    4.9596307622e-01
    1.626000e+01    5.0443040091e-01    4.9556959909e-01
    1.628000e+01    5.0481397916e-01    4.9518602084e-01
    1.630000e+01    5.0518721396e-01    4.9481278604e-01
    1.632000e+01    5.0554967941e-01    4.9445032059e-01
    1.634000e+01    5.0590096867e-01    4.9409903133e-01
    1.636000e+01    5.0624069439e-01    4.9375930561e-01
    1.638000e+01    5.0656848907e-01    4.9343151093e-01
    1.640000e+01    5.0688400535e-01    4.9311599465e-01
    1.642000e+01    5.0718691634e-01    4.9281308366e-01
    1.644000e+01    5.0747691589e-01    4.9252308411e-01
    1.646000e+01    5.0775371879e-01    4.9224628121e-01
    1.648000e+01    5.0801706101e-01    4.9198293899e-01
    1.650000e+01    5.0826669987e-01    4.9173330013e-01
    1.652000e+01    5.0850241413e-01    4.9149758587e-01
    1.654000e+01    5.0872400417e-01    4.9127599583e-01
    1.656000e+01    5.0893129201e-01    4.9106870799e-01
    1.658000e+01    5.0912412140e-01    4.9087587860e-01
    1.660000e+01    5.0930235780e-01    4.9069764220e-01
    1.662000e+01    5.0946588836e-01    4.9053411164e-01
    1.664000e+01    5.0961462194e-01    4.9038537806e-01
    1.666000e+01    5.0974848894e-01    4.9025151106e-01
    1.668000e+01    5.0986744127e-01    4.9013255873e-01
    1.670000e+01    5.0997145219e-01    4.9002854781e-01
    1.672000e+01    5.1006051612e-01    4.8993948388e-01
    1.674000e+01    5.1013464851e-01    4.8986535149e-01
    1.676000e+01    5.1019388555e-01    4.8980611445e-01
    1.678000e+01    5.1023828398e-01    4.8976171602e-01
    1.680000e+01    5.1026792081e-01    4.8973207919e-01
    1.682000e+01    5.1028289299e-01    4.8971710701e-01
    1.684000e+01    5.1028331710e-01    4.8971668290e-01
    1.686000e+01    5.1026932904e-01    4.8973067096e-01
    1.688000e+01    5.1024108361e-01    4.8975891639e-01
    1.690000e+01    5.1019875413e-01    4.8980124587e-01
    1.692000e+01    5.1014253203e-01    4.8985746797e-01
    1.694000e+01    5.1007262642e-01    4.8992737358e-01
    1.696000e+01    5.0998926362e-01    4.9001073638e-01
    1.698000e+01    5.0989268665e-01    4.9010731335e-01
    1.700000e+01    5.0978315481e-01    4.9021684519e-01
    1.702000e+01    5.0966094310e-01    4.9033905690e-01
    1.704000e+01    5.0952634169e-01    4.9047365831e-01
    1.706000e+01    5.0937965541e-01    4.9062034459e-01
    1.708000e+01    5.0922120316e-01    4.9077879684e-01
    1.710000e+01    5.0905131731e-01    4.9094868269e-01
    1.712000e+01    5.0887034317e-01    4.9112965683e-01
    1.714000e+01    5.0867863831e-01    4.9132136169e-01
    1.716000e+01    5.0847657201e-01    4.9152342799e-01
    1.718000e+01    5.0826452458e-01    4.9173547542e-01
    1.720000e+01    5.0804288677e-01    4.9195711323e-01
    1.722000e+01    5.0781205907e-01    4.9218794093e-01
    1.724000e+01    5.0757245113e-01    4.9242754887e-01
    1.726000e+01    5.0732448101e-01    4.9267551899e-01
    1.728000e+01    5.0706857462e-01    4.9293142538e-01
    1.730000e+01    5.0680516495e-01    4.9319483505e-01
    1.732000e+01    5.0653469146e-01    4.9346530854e-01
    1.734000e+01    5.0625759938e-01    4.9374240062e-01
    1.736000e+01    5.0597433903e-01    4.9402566097e-01
    1.738000e+01    5.0568536517e-01    4.9431463483e-01
    1.740000e+01    5.0539113628e-01    4.9460886372e-01
    1.742000e+01    5.0509211391e-01    4.9490788609e-01
    1.744000e+01    5.0478876198e-01    4.9521123802e-01
    1.746000e+01    5.0448154615e-01    4.9551845385e-01
    1.748000e+01    5.0417093311e-01    4.9582906689e-01
    1.750000e+01    5.0385738993e-01    4.9614261007e-01
    1.752000e+01    5.0354138341e-01    4.9645861659e-01
    1.754000e+01    5.0322337942e-01    4.9677662058e-01
    1.756000e+01    5.0290384227e-01    4.9709615773e-01
    1.758000e+01    5.0258323403e-01    4.9741676597e-01
    1.760000e+01    5.0226201398e-01    4.9773798602e-01
    1.762000e+01    5.0194063791e-01    4.9805936209e-01
    1.764000e+01    5.0161955757e-01    4.9838044243e-01
    1.766000e+01    5.0129922007e-01    4.9870077993e-01
    1.768000e+01    5.0098006725e-01    4.9901993275e-01
    1.770000e+01    5.0066253519e-01    4.9933746481e-01
    1.772000e+01    5.0034705356e-01    4.9965294644e-01
    1.774000e+01    5.0003404517e-01    4.9996595483e-01
    1.776000e+01    4.9972392538e-01    5.0027607462e-01
    1.778000e+01    4.9941710159e-01    5.0058289841e-01
    1.780000e+01    4.9911397278e-01    5.0088602722e-01
    1.782000e+01    4.9881492902e-01    5.0118507098e-01
    1.784000e+01    4.9852035097e-01    5.0147964903e-01
    1.786000e+01    4.9823060947e-01    5.0176939053e-01
    1.788000e+01    4.9794606512e-01    5.0205393488e-01
    1.790000e+01    4.9766706785e-01    5.0233293215e-01
    1.792000e+01    4.9739395651e-01    5.0260604349e-01
    1.794000e+01    4.9712705856e-01    5.0287294144e-01
    1.796000e+01    4.9686668966e-01    5.0313331034e-01
    1.798000e+01    4.9661315337e-01    5.0338684663e-01
    1.800000e+01    4.9636674082e-01    5.0363325918e-01
    1.802000e+01    4.9612773045e-01    5.0387226955e-01
    1.804000e+01    4.9589638768e-01    5.0410361232e-01
    1.806000e+01    4.9567296474e-01    5.0432703526e-01
    1.808000e+01    4.9545770035e-01    5.0454229965e-01
    1.810000e+01    4.9525081961e-01    5.0474918039e-01
    1.812000e+01    4.9505253372e-01    5.0494746628e-01
    1.814000e+01    4.9486303987e-01    5.0513696013e-01
    1.816000e+01    4.9468252109e-01    5.0531747891e-01
    1.818000e+01    4.9451114612e-01    5.0548885388e-01
    1.820000e+01    4.9434906929e-01    5.0565093071e-01
    1.822000e+01    4.9419643046e-01    5.0580356954e-01
    1.824000e+01    4.9405335495e-01    5.0594664505e-01
    1.826000e+01    4.9391995353e-01    5.0608004647e-01
    1.828000e+01    4.9379632234e-01    5.0620367766e-01
    1.830000e+01    4.9368254296e-01    5.0631745704e-01
    1.832000e+01    4.9357868237e-01    5.0642131763e-01
    1.834000e+01    4.9348479306e-01    5.0651520694e-01
    1.836000e+01    4.9340091304e-01    5.0659908696e-01
    1.838000e+01    4.9332706592e-01    5.0667293408e-01
    1.840000e+01    4.9326326106e-01    5.0673673894e-01
    1.842000e+01    4.9320949365e-01    5.0679050635e-01
    1.844000e+01    4.9316574486e-01    5.0683425514e-01
    1.846000e+01    4.9313198200e-01    5.0686801800e-01
    1.848000e+01    4.9310815871e-01    5.0689184129e-01
    1.850000e+01    4.9309421512e-01    5.0690578488e-01
    1.852000e+01    4.9309007807e-01    5.0690992193e-01
    1.854000e+01    4.9309566138e-01    5.0690433862e-01
    1.856000e+01    4.9311086603e-01    5.0688913397e-01
    1.858000e+01    4.9313558047e-01    5.0686441953e-01
    1.860000e+01    4.9316968084e-01    5.0683031916e-01
    1.862000e+01    4.9321303133e-01    5.0678696867e-01
    1.864000e+01    4.9326548442e-01    5.0673451558e-01
    1.866000e+01    4.9332688122e-01    5.0667311878e-01
    1.868000e+01    4.9339705182e-01    5.0660294818e-01
    1.870000e+01    4.9347581557e-01    5.0652418443e-01
    1.872000e+01    4.9356298152e-01    5.0643701848e-01
    1.874000e+01    4.9365834872e-01    5.0634165128e-01
    1.876000e+01    4.9376170660e-01    5.0623829340e-01
    1.878000e+01    4.9387283540e-01    5.0612716460e-01
    1.880000e+01    4.9399150650e-01    5.0600849350e-01
    1.882000e+01    4.9411748289e-01    5.0588251711e-01
    1.884000e+01    4.9425051952e-01    5.0574948048e-01
    1.886000e+01    4.9439036375e-01    5.0560963625e-01
    1.888000e+01    4.9453675581e-01    5.0546324419e-01
    1.890000e+01    4.9468942913e-01    5.0531057087e-01
    1.892000e+01    4.9484811089e-01    5.0515188911e-01
    1.894000e+01    4.9501252239e-01    5.0498747761e-01
    1.896000e+01    4.9518237953e-01    5.0481762047e-01
    1.898000e+01    4.9535739321e-01    5.0464260679e-01
    1.900000e+01    4.9553726987e-01    5.0446273013e-01
    1.902000e+01    4.9572171185e-01    5.0427828815e-01
    1.904000e+01    4.9591041789e-01    5.0408958211e-01
    1.906000e+01    4.9610308361e-01    5.0389691639e-01
    1.908000e+01    4.9629940190e-01    5.0370059810e-01
    1.910000e+01    4.9649906344e-01    5.0350093656e-01
    1.912000e+01    4.9670175712e-01    5.0329824288e-01
    1.914000e+01    4.9690717049e-01    5.0309282951e-01
    1.916000e+01    4.9711499024e-01    5.0288500976e-01
    1.918000e+01    4.9732490261e-01    5.0267509739e-01
    1.920000e+01    4.9753659386e-01    5.0246340614e-01
    1.922000e+01    4.9774975070e-01    5.0225024930e-01
    1.924000e+01    4.9796406072e-01    5.0203593928e-01
    1.926000e+01    4.9817921284e-01    5.0182078716e-01
    1.928000e+01    4.9839489769e-01    5.0160510231e-01
    1.930000e+01    4.9861080809e-01    5.0138919191e-01
    1.932000e+01    4.9882663941e-01    5.0117336059e-01
    1.934000e+01    4.9904208997e-01    5.0095791003e-01
    1.936000e+01    4.9925686149e-01    5.0074313851e-01
    1.938000e+01    4.9947065942e-01    5.0052934058e-01
    1.940000e+01    4.9968319333e-01    5.0031680667e-01
    1.942000e+01    4.9989417730e-01    5.0010582270e-01
    1.944000e+01    5.0010333025e-01    4.9989666975e-01
    1.946000e+01    5.0031037632e-01    4.9968962368e-01
    1.948000e+01    5.0051504517e-01    4.9948495483e-01
    1.950000e+01    5.0071707235e-01    4.9928292765e-01
    1.952000e+01    5.0091619956e-01    4.9908380044e-01
    1.954000e+01    5.0111217503e-01    4.9888782497e-01
    1.956000e+01    5.0130475372e-01    4.9869524628e-01
    1.958000e+01    5.0149369769e-01    4.9850630231e-01
    1.960000e+01    5.0167877629e-01    4.9832122371e-01
    1.962000e+01    5.0185976648e-01    4.9814023352e-01
    1.964000e+01    5.0203645301e-01    4.9796354699e-01
    1.966000e+01    5.0220862871e-01    4.9779137129e-01
    1.968000e+01    5.0237609465e-01    4.9762390535e-01
    1.970000e+01    5.0253866038e-01    4.9746133962e-01
    1.972000e+01    5.0269614410e-01    4.9730385590e-01
    1.974000e+01    5.0284837282e-01    4.9715162718e-01
    1.976000e+01    5.0299518255e-01    4.9700481745e-01
    1.978000e+01    5.0313641844e-01    4.9686358156e-01
    1.980000e+01    5.0327193489e-01    4.9672806511e-01
    1.982000e+01    5.0340159567e-01    4.9659840433e-01
    1.984000e+01    5.0352527405e-01    4.9647472595e-01
    1.986000e+01    5.0364285287e-01    4.9635714713e-01
    1.988000e+01    5.0375422459e-01    4.9624577541e-01
    1.990000e+01    5.0385929142e-01    4.9614070858e-01
    1.992000e+01    5.0395796528e-01    4.9604203472e-01
    1.994000e+01    5.0405016790e-01    4.9594983210e-01
    1.996000e+01    5.0413583079e-01    4.9586416921e-01
    1.998000e+01    5.0421489528e-01    4.9578510472e-01
