0 0.9999999999999998
0.7924705646634531 0.10567226890756287
1.6413809563095918 -0.7451680672268912
2.47393838320742 -0.09474789915966397
3.348100109609062 0.49516806722689033
4.158279019882849 0.0735294117647054
5.024662038728535 -0.3348739495798325
5.783999434275816 -0.08151260504201674
6.726092260185983 0.2266806722689071
7.579996935660662 0.016806722689075126
8.420200478508377 -0.1514705882352949
9.262790670265304 -0.013445378151261123
10.10520407321414 0.10189075630252042
10.917990618407252 0.014915966386554125
11.81494336865181 -0.0701680672268914
12.64293375134065 -0.005882352941177116
13.48486098506724 0.047058823529411375
14.298015840277209 0.007352941176470118
15.195322168137942 -0.03235294117647136
16.03707261305644 -0.0021008403361351125
16.738511673954296 0.02058823529411713
17.664045281506713 0.0035714285714276706
18.56152839817554 -0.013445378151261345
19.683680625125227 0.0035714285714278926
