0.000013282355652233235 0.9999996679411085
0.2971395782984896 0.8502667265750035
0.5203362826804043 0.7233233801982198
0.7796078650140763 0.6012740197859237
0.9999999999999996 0.4880715689687737
1.4529967318763926 0.3572704626310904
2.0739030268496195 0.22630331000439508
2.963048486575189 0.12701439759853783
4.017625685950653 0.06986409983355923
5.017360038837607 0.0416890049304135
7.163122602119756 0.016974329128695453
9.114835262263389 0.008105583390036308
11.482293623738746 0.004737706694906363
12.999508552840867 0.002742715425811948
14.99977419995391 0.003838472667356152
16.313742522863887 0.0012765492761488417
17.962716427683887 0.0005639508954009553
19.092046724670706 0.0005616264831618256
20.98148439622064 0.0002215610786884259
23.002290542232238 0.001742977120481326
24.99968122346434 0.0011338715475357475
27.981404702086724 0.0006665292679850499
30.31870348270005 0.000892574299840021
32.35113235402529 0.0007627985216340782
34.32795597164751 0.00010161002074315917
36.3877783732701 0.000533607391755897
37.598138345031884 0.001480650596346944
39.995275466094704 0.0012009196187499072
