0.013223734756997896 1.0000568711070326
0.564386044404166 0.7995552677979608
1.6 0.6495297431853622
2.399679872342942 0.5880286549422841
0.12844506609404904 0.9551630434782609
0.2755560371151087 0.8967391304347826
0.38597545359626606 0.8505434782608696
0.8247473454029666 0.7459239130434783
1.0981609897362143 0.7031250000000002
3.387935619865645 0.5339673913043479
4.2592738519729725 0.49592391304347816
5.2392584858454345 0.46059782608695665
6.182847067630663 0.42934782608695654
7.380247631055338 0.3960597826086958
8.68634384665393 0.36413043478260876
9.84717598156065 0.33967391304347827
11.04415791651071 0.3179347826086957
12.204842300191094 0.29755434782608703
13.437900159571324 0.28057065217391297
14.852298024073605 0.26086956521739135
16.339192490297673 0.24116847826086962
17.934782608695652 0.22282608695652173
19.24021394377574 0.2092391304347827
20.79940801008649 0.19497282608695654
22.612438683241077 0.1779891304347826
24.389097929512822 0.16440217391304346
26.12945962451489 0.1521739130434785
27.688481314394917 0.1426630434782611
29.4650420598491 0.13179347826086973
31.096560351450922 0.12228260869565222
32.69178109178308 0.11413043478260876
34.286977206910834 0.10665760869565222
35.845851145564524 0.10122282608695643
37.51354386241407 0.09375000000000022
39.10869072713305 0.0876358695652174
