    0.000000e+00             nan
    2.000000e-02    2.079674e-05
    4.000000e-02    2.612765e-04
    6.000000e-02    1.097785e-03
    8.000000e-02    2.926190e-03
    1.000000e-01    6.065459e-03
    1.200000e-01    1.072144e-02
    1.400000e-01    1.698485e-02
    1.600000e-01    2.484734e-02
    1.800000e-01    3.422641e-02
    2.000000e-01    4.498960e-02
    2.200000e-01    5.697409e-02
    2.400000e-01    7.000242e-02
    2.600000e-01    8.389427e-02
    2.800000e-01    9.847444e-02
    3.000000e-01    1.135781e-01
    3.200000e-01    1.290532e-01
    3.400000e-01    1.447607e-01
    3.600000e-01    1.605762e-01
    3.800000e-01    1.763899e-01
    4.000000e-01    1.921057e-01
    4.200000e-01    2.076409e-01
    4.400000e-01    2.229240e-01
    4.600000e-01    2.378949e-01
    4.800000e-01    2.525032e-01
    5.000000e-01    2.667080e-01
    5.200000e-01    2.804762e-01
    5.400000e-01    2.937822e-01
    5.600000e-01    3.066070e-01
    5.800000e-01    3.189367e-01
    6.000000e-01    3.307626e-01
    6.200000e-01    3.420798e-01
    6.400000e-01    3.528869e-01
    6.600000e-01    3.631854e-01
    6.800000e-01    3.729796e-01
    7.000000e-01    3.822765e-01
    7.200000e-01    3.910850e-01
    7.400000e-01    3.994158e-01
    7.600000e-01    4.072805e-01
    7.800000e-01    4.146918e-01
    8.000000e-01    4.216631e-01
    8.200000e-01    4.282084e-01
    8.400000e-01    4.343425e-01
    8.600000e-01    4.400805e-01
    8.800000e-01    4.454379e-01
    9.000000e-01    4.504299e-01
    9.200000e-01    4.550720e-01
    9.400000e-01    4.593791e-01
    9.600000e-01    4.633664e-01
    9.800000e-01    4.670484e-01
    1.000000e+00    4.704396e-01
    1.020000e+00    4.735544e-01
    1.040000e+00    4.764064e-01
    1.060000e+00    4.790089e-01
    1.080000e+00    4.813748e-01
    1.100000e+00    4.835166e-01
    1.120000e+00    4.854464e-01
    1.140000e+00    4.871760e-01
    1.160000e+00    4.887168e-01
    1.180000e+00    4.900799e-01
    1.200000e+00    4.912758e-01
    1.220000e+00    4.923149e-01
    1.240000e+00    4.932067e-01
    1.260000e+00    4.939607e-01
    1.280000e+00    4.945856e-01
    1.300000e+00    4.950901e-01
    1.320000e+00    4.954822e-01
    1.340000e+00    4.957696e-01
    1.360000e+00    4.959595e-01
    1.380000e+00    4.960591e-01
    1.400000e+00    4.960747e-01
    1.420000e+00    4.960129e-01
    1.440000e+00    4.958794e-01
    1.460000e+00    4.956799e-01
    1.480000e+00    4.954197e-01
    1.500000e+00    4.951040e-01
    1.520000e+00    4.947374e-01
    1.540000e+00    4.943245e-01
    1.560000e+00    4.938697e-01
    1.580000e+00    4.933769e-01
    1.600000e+00    4.928498e-01
    1.620000e+00    4.922920e-01
    1.640000e+00    4.917066e-01
    1.660000e+00    4.910966e-01
    1.680000e+00    4.904646e-01
    1.700000e+00    4.898132e-01
    1.720000e+00    4.891448e-01
    1.740000e+00    4.884617e-01
    1.760000e+00    4.877660e-01
    1.780000e+00    4.870598e-01
    1.800000e+00    4.863449e-01
    1.820000e+00    4.856232e-01
    1.840000e+00    4.848966e-01
    1.860000e+00    4.841666e-01
    1.880000e+00    4.834349e-01
    1.900000e+00    4.827030e-01
    1.920000e+00    4.819721e-01
    1.940000e+00    4.812433e-01
    1.960000e+00    4.805176e-01
    1.980000e+00    4.797958e-01
    2.000000e+00    4.790787e-01
    2.020000e+00    4.783671e-01
    2.040000e+00    4.776618e-01
    2.060000e+00    4.769635e-01
    2.080000e+00    4.762726e-01
    2.100000e+00    4.755897e-01
    2.120000e+00    4.749151e-01
    2.140000e+00    4.742491e-01
    2.160000e+00    4.735921e-01
    2.180000e+00    4.729441e-01
    2.200000e+00    4.723054e-01
    2.220000e+00    4.716761e-01
    2.240000e+00    4.710564e-01
    2.260000e+00    4.704463e-01
    2.280000e+00    4.698458e-01
    2.300000e+00    4.692551e-01
    2.320000e+00    4.686741e-01
    2.340000e+00    4.681025e-01
    2.360000e+00    4.675402e-01
    2.380000e+00    4.669870e-01
    2.400000e+00    4.664431e-01
    2.420000e+00    4.659085e-01
    2.440000e+00    4.653831e-01
    2.460000e+00    4.648670e-01
    2.480000e+00    4.643601e-01
    2.500000e+00    4.638624e-01
    2.520000e+00    4.633737e-01
    2.540000e+00    4.628939e-01
    2.560000e+00    4.624228e-01
    2.580000e+00    4.619602e-01
    2.600000e+00    4.615061e-01
    2.620000e+00    4.610602e-01
    2.640000e+00    4.606226e-01
    2.660000e+00    4.601928e-01
    2.680000e+00    4.597704e-01
    2.700000e+00    4.593551e-01
    2.720000e+00    4.589468e-01
    2.740000e+00    4.585456e-01
    2.760000e+00    4.581514e-01
    2.780000e+00    4.577645e-01
    2.800000e+00    4.573848e-01
    2.820000e+00    4.570122e-01
    2.840000e+00    4.566468e-01
    2.860000e+00    4.562889e-01
    2.880000e+00    4.559387e-01
    2.900000e+00    4.555961e-01
    2.920000e+00    4.552611e-01
    2.940000e+00    4.549333e-01
    2.960000e+00    4.546124e-01
    2.980000e+00    4.542981e-01
    3.000000e+00    4.539903e-01
    3.020000e+00    4.536887e-01
    3.040000e+00    4.533931e-01
    3.060000e+00    4.531034e-01
    3.080000e+00    4.528195e-01
    3.100000e+00    4.525412e-01
    3.120000e+00    4.522685e-01
    3.140000e+00    4.520012e-01
    3.160000e+00    4.517393e-01
    3.180000e+00    4.514826e-01
    3.200000e+00    4.512311e-01
    3.220000e+00    4.509846e-01
    3.240000e+00    4.507429e-01
    3.260000e+00    4.505060e-01
    3.280000e+00    4.502738e-01
    3.300000e+00    4.500461e-01
    3.320000e+00    4.498229e-01
    3.340000e+00    4.496041e-01
    3.360000e+00    4.493897e-01
    3.380000e+00    4.491798e-01
    3.400000e+00    4.489743e-01
    3.420000e+00    4.487732e-01
    3.440000e+00    4.485765e-01
    3.460000e+00    4.483843e-01
    3.480000e+00    4.481966e-01
    3.500000e+00    4.480134e-01
    3.520000e+00    4.478347e-01
    3.540000e+00    4.476606e-01
    3.560000e+00    4.474910e-01
    3.580000e+00    4.473259e-01
    3.600000e+00    4.471652e-01
    3.620000e+00    4.470090e-01
    3.640000e+00    4.468570e-01
    3.660000e+00    4.467093e-01
    3.680000e+00    4.465658e-01
    3.700000e+00    4.464263e-01
    3.720000e+00    4.462909e-01
    3.740000e+00    4.461593e-01
    3.760000e+00    4.460315e-01
    3.780000e+00    4.459074e-01
    3.800000e+00    4.457869e-01
    3.820000e+00    4.456700e-01
    3.840000e+00    4.455565e-01
    3.860000e+00    4.454464e-01
    3.880000e+00    4.453396e-01
    3.900000e+00    4.452361e-01
    3.920000e+00    4.451357e-01
    3.940000e+00    4.450383e-01
    3.960000e+00    4.449440e-01
    3.980000e+00    4.448525e-01
    4.000000e+00    4.447639e-01
    4.020000e+00    4.446781e-01
    4.040000e+00    4.445950e-01
    4.060000e+00    4.445147e-01
    4.080000e+00    4.444370e-01
    4.100000e+00    4.443621e-01
    4.120000e+00    4.442897e-01
    4.140000e+00    4.442200e-01
    4.160000e+00    4.441529e-01
    4.180000e+00    4.440883e-01
    4.200000e+00    4.440262e-01
    4.220000e+00    4.439666e-01
    4.240000e+00    4.439095e-01
    4.260000e+00    4.438546e-01
    4.280000e+00    4.438021e-01
    4.300000e+00    4.437518e-01
    4.320000e+00    4.437036e-01
    4.340000e+00    4.436575e-01
    4.360000e+00    4.436135e-01
    4.380000e+00    4.435714e-01
    4.400000e+00    4.435312e-01
    4.420000e+00    4.434929e-01
    4.440000e+00    4.434564e-01
    4.460000e+00    4.434215e-01
    4.480000e+00    4.433884e-01
    4.500000e+00    4.433568e-01
    4.520000e+00    4.433269e-01
    4.540000e+00    4.432984e-01
    4.560000e+00    4.432714e-01
    4.580000e+00    4.432459e-01
    4.600000e+00    4.432217e-01
    4.620000e+00    4.431989e-01
    4.640000e+00    4.431774e-01
    4.660000e+00    4.431572e-01
    4.680000e+00    4.431382e-01
    4.700000e+00    4.431205e-01
    4.720000e+00    4.431039e-01
    4.740000e+00    4.430884e-01
    4.760000e+00    4.430740e-01
    4.780000e+00    4.430606e-01
    4.800000e+00    4.430482e-01
    4.820000e+00    4.430369e-01
    4.840000e+00    4.430264e-01
    4.860000e+00    4.430169e-01
    4.880000e+00    4.430083e-01
    4.900000e+00    4.430005e-01
    4.920000e+00    4.429936e-01
    4.940000e+00    4.429876e-01
    4.960000e+00    4.429825e-01
    4.980000e+00    4.429783e-01
    5.000000e+00    4.429748e-01
    5.020000e+00    4.429722e-01
    5.040000e+00    4.429704e-01
    5.060000e+00    4.429694e-01
    5.080000e+00    4.429691e-01
    5.100000e+00    4.429695e-01
    5.120000e+00    4.429707e-01
    5.140000e+00    4.429725e-01
    5.160000e+00    4.429750e-01
    5.180000e+00    4.429782e-01
    5.200000e+00    4.429820e-01
    5.220000e+00    4.429864e-01
    5.240000e+00    4.429915e-01
    5.260000e+00    4.429973e-01
    5.280000e+00    4.430037e-01
    5.300000e+00    4.430108e-01
    5.320000e+00    4.430185e-01
    5.340000e+00    4.430270e-01
    5.360000e+00    4.430361e-01
    5.380000e+00    4.430458e-01
    5.400000e+00    4.430562e-01
    5.420000e+00    4.430672e-01
    5.440000e+00    4.430787e-01
    5.460000e+00    4.430909e-01
    5.480000e+00    4.431036e-01
    5.500000e+00    4.431168e-01
    5.520000e+00    4.431305e-01
    5.540000e+00    4.431447e-01
    5.560000e+00    4.431594e-01
    5.580000e+00    4.431745e-01
    5.600000e+00    4.431901e-01
    5.620000e+00    4.432061e-01
    5.640000e+00    4.432226e-01
    5.660000e+00    4.432394e-01
    5.680000e+00    4.432567e-01
    5.700000e+00    4.432743e-01
    5.720000e+00    4.432923e-01
    5.740000e+00    4.433108e-01
    5.760000e+00    4.433295e-01
    5.780000e+00    4.433487e-01
    5.800000e+00    4.433682e-01
    5.820000e+00    4.433880e-01
    5.840000e+00    4.434082e-01
    5.860000e+00    4.434287e-01
    5.880000e+00    4.434495e-01
    5.900000e+00    4.434707e-01
    5.920000e+00    4.434921e-01
    5.940000e+00    4.435138e-01
    5.960000e+00    4.435358e-01
    5.980000e+00    4.435581e-01
    6.000000e+00    4.435806e-01
    6.020000e+00    4.436034e-01
    6.040000e+00    4.436264e-01
    6.060000e+00    4.436496e-01
    6.080000e+00    4.436731e-01
    6.100000e+00    4.436967e-01
    6.120000e+00    4.437205e-01
    6.140000e+00    4.437445e-01
    6.160000e+00    4.437687e-01
    6.180000e+00    4.437930e-01
    6.200000e+00    4.438175e-01
    6.220000e+00    4.438420e-01
    6.240000e+00    4.438667e-01
    6.260000e+00    4.438916e-01
    6.280000e+00    4.439165e-01
    6.300000e+00    4.439415e-01
    6.320000e+00    4.439665e-01
    6.340000e+00    4.439917e-01
    6.360000e+00    4.440169e-01
    6.380000e+00    4.440422e-01
    6.400000e+00    4.440675e-01
    6.420000e+00    4.440929e-01
    6.440000e+00    4.441183e-01
    6.460000e+00    4.441437e-01
    6.480000e+00    4.441692e-01
    6.500000e+00    4.441946e-01
    6.520000e+00    4.442201e-01
    6.540000e+00    4.442455e-01
    6.560000e+00    4.442710e-01
    6.580000e+00    4.442964e-01
    6.600000e+00    4.443217e-01
    6.620000e+00    4.443471e-01
    6.640000e+00    4.443724e-01
    6.660000e+00    4.443977e-01
    6.680000e+00    4.444229e-01
    6.700000e+00    4.444481e-01
    6.720000e+00    4.444732e-01
    6.740000e+00    4.444982e-01
    6.760000e+00    4.445232e-01
    6.780000e+00    4.445481e-01
    6.800000e+00    4.445730e-01
    6.820000e+00    4.445978e-01
    6.840000e+00    4.446225e-01
    6.860000e+00    4.446471e-01
    6.880000e+00    4.446716e-01
    6.900000e+00    4.446960e-01
    6.920000e+00    4.447204e-01
    6.940000e+00    4.447446e-01
    6.960000e+00    4.447688e-01
    6.980000e+00    4.447928e-01
    7.000000e+00    4.448167e-01
    7.020000e+00    4.448406e-01
    7.040000e+00    4.448643e-01
    7.060000e+00    4.448879e-01
    7.080000e+00    4.449113e-01
    7.100000e+00    4.449347e-01
    7.120000e+00    4.449580e-01
    7.140000e+00    4.449811e-01
    7.160000e+00    4.450041e-01
    7.180000e+00    4.450269e-01
    7.200000e+00    4.450497e-01
    7.220000e+00    4.450723e-01
    7.240000e+00    4.450948e-01
    7.260000e+00    4.451172e-01
    7.280000e+00    4.451394e-01
    7.300000e+00    4.451615e-01
    7.320000e+00    4.451835e-01
    7.340000e+00    4.452053e-01
    7.360000e+00    4.452270e-01
    7.380000e+00    4.452486e-01
    7.400000e+00    4.452701e-01
    7.420000e+00    4.452915e-01
    7.440000e+00    4.453127e-01
    7.460000e+00    4.453338e-01
    7.480000e+00    4.453547e-01
    7.500000e+00    4.453756e-01
    7.520000e+00    4.453963e-01
    7.540000e+00    4.454169e-01
    7.560000e+00    4.454374e-01
    7.580000e+00    4.454577e-01
    7.600000e+00    4.454779e-01
    7.620000e+00    4.454980e-01
    7.640000e+00    4.455180e-01
    7.660000e+00    4.455379e-01
    7.680000e+00    4.455576e-01
    7.700000e+00    4.455773e-01
    7.720000e+00    4.455968e-01
    7.740000e+00    4.456162e-01
    7.760000e+00    4.456354e-01
    7.780000e+00    4.456546e-01
    7.800000e+00    4.456736e-01
    7.820000e+00    4.456925e-01
    7.840000e+00    4.457113e-01
    7.860000e+00    4.457300e-01
    7.880000e+00    4.457485e-01
    7.900000e+00    4.457670e-01
    7.920000e+00    4.457853e-01
    7.940000e+00    4.458035e-01
    7.960000e+00    4.458216e-01
    7.980000e+00    4.458395e-01
    8.000000e+00    4.458574e-01
    8.020000e+00    4.458751e-01
    8.040000e+00    4.458928e-01
    8.060000e+00    4.459103e-01
    8.080000e+00    4.459276e-01
    8.100000e+00    4.459449e-01
    8.120000e+00    4.459621e-01
    8.140000e+00    4.459791e-01
    8.160000e+00    4.459960e-01
    8.180000e+00    4.460128e-01
    8.200000e+00    4.460295e-01
    8.220000e+00    4.460460e-01
    8.240000e+00    4.460625e-01
    8.260000e+00    4.460788e-01
    8.280000e+00    4.460950e-01
    8.300000e+00    4.461111e-01
    8.320000e+00    4.461270e-01
    8.340000e+00    4.461429e-01
    8.360000e+00    4.461586e-01
    8.380000e+00    4.461742e-01
    8.400000e+00    4.461896e-01
    8.420000e+00    4.462050e-01
    8.440000e+00    4.462202e-01
    8.460000e+00    4.462353e-01
    8.480000e+00    4.462503e-01
    8.500000e+00    4.462652e-01
    8.520000e+00    4.462800e-01
    8.540000e+00    4.462946e-01
    8.560000e+00    4.463091e-01
    8.580000e+00    4.463235e-01
    8.600000e+00    4.463377e-01
    8.620000e+00    4.463519e-01
    8.640000e+00    4.463659e-01
    8.660000e+00    4.463798e-01
    8.680000e+00    4.463935e-01
    8.700000e+00    4.464072e-01
    8.720000e+00    4.464208e-01
    8.740000e+00    4.464342e-01
    8.760000e+00    4.464476e-01
    8.780000e+00    4.464608e-01
    8.800000e+00    4.464739e-01
    8.820000e+00    4.464870e-01
    8.840000e+00    4.464999e-01
    8.860000e+00    4.465128e-01
    8.880000e+00    4.465256e-01
    8.900000e+00    4.465383e-01
    8.920000e+00    4.465510e-01
    8.940000e+00    4.465635e-01
    8.960000e+00    4.465761e-01
    8.980000e+00    4.465885e-01
    9.000000e+00    4.466009e-01
    9.020000e+00    4.466132e-01
    9.040000e+00    4.466255e-01
    9.060000e+00    4.466377e-01
    9.080000e+00    4.466499e-01
    9.100000e+00    4.466620e-01
    9.120000e+00    4.466741e-01
    9.140000e+00    4.466861e-01
    9.160000e+00    4.466981e-01
    9.180000e+00    4.467100e-01
    9.200000e+00    4.467218e-01
    9.220000e+00    4.467336e-01
    9.240000e+00    4.467453e-01
    9.260000e+00    4.467570e-01
    9.280000e+00    4.467686e-01
    9.300000e+00    4.467802e-01
    9.320000e+00    4.467917e-01
    9.340000e+00    4.468031e-01
    9.360000e+00    4.468145e-01
    9.380000e+00    4.468258e-01
    9.400000e+00    4.468370e-01
    9.420000e+00    4.468482e-01
    9.440000e+00    4.468593e-01
    9.460000e+00    4.468703e-01
    9.480000e+00    4.468812e-01
    9.500000e+00    4.468921e-01
    9.520000e+00    4.469029e-01
    9.540000e+00    4.469136e-01
    9.560000e+00    4.469243e-01
    9.580000e+00    4.469348e-01
    9.600000e+00    4.469453e-01
    9.620000e+00    4.469557e-01
    9.640000e+00    4.469660e-01
    9.660000e+00    4.469762e-01
    9.680000e+00    4.469864e-01
    9.700000e+00    4.469964e-01
    9.720000e+00    4.470064e-01
    9.740000e+00    4.470163e-01
    9.760000e+00    4.470261e-01
    9.780000e+00    4.470357e-01
    9.800000e+00    4.470454e-01
    9.820000e+00    4.470549e-01
    9.840000e+00    4.470643e-01
    9.860000e+00    4.470736e-01
    9.880000e+00    4.470829e-01
    9.900000e+00    4.470920e-01
    9.920000e+00    4.471011e-01
    9.940000e+00    4.471100e-01
    9.960000e+00    4.471189e-01
    9.980000e+00    4.471277e-01
    1.000000e+01    4.471364e-01
    1.002000e+01    4.471450e-01
    1.004000e+01    4.471535e-01
    1.006000e+01    4.471619e-01
    1.008000e+01    4.471702e-01
    1.010000e+01    4.471784e-01
    1.012000e+01    4.471865e-01
    1.014000e+01    4.471945e-01
    1.016000e+01    4.472025e-01
    1.018000e+01    4.472103e-01
    1.020000e+01    4.472181e-01
    1.022000e+01    4.472257e-01
    1.024000e+01    4.472333e-01
    1.026000e+01    4.472408e-01
    1.028000e+01    4.472481e-01
    1.030000e+01    4.472554e-01
    1.032000e+01    4.472627e-01
    1.034000e+01    4.472698e-01
    1.036000e+01    4.472768e-01
    1.038000e+01    4.472837e-01
    1.040000e+01    4.472906e-01
    1.042000e+01    4.472974e-01
    1.044000e+01    4.473041e-01
    1.046000e+01    4.473107e-01
    1.048000e+01    4.473172e-01
    1.050000e+01    4.473236e-01
    1.052000e+01    4.473299e-01
    1.054000e+01    4.473362e-01
    1.056000e+01    4.473424e-01
    1.058000e+01    4.473485e-01
    1.060000e+01    4.473545e-01
    1.062000e+01    4.473604e-01
    1.064000e+01    4.473662e-01
    1.066000e+01    4.473720e-01
    1.068000e+01    4.473777e-01
    1.070000e+01    4.473833e-01
    1.072000e+01    4.473888e-01
    1.074000e+01    4.473943e-01
    1.076000e+01    4.473996e-01
    1.078000e+01    4.474049e-01
    1.080000e+01    4.474101e-01
    1.082000e+01    4.474152e-01
    1.084000e+01    4.474203e-01
    1.086000e+01    4.474253e-01
    1.088000e+01    4.474302e-01
    1.090000e+01    4.474350e-01
    1.092000e+01    4.474398e-01
    1.094000e+01    4.474444e-01
    1.096000e+01    4.474490e-01
    1.098000e+01    4.474536e-01
    1.100000e+01    4.474580e-01
    1.102000e+01    4.474624e-01
    1.104000e+01    4.474667e-01
    1.106000e+01    4.474710e-01
    1.108000e+01    4.474751e-01
    1.110000e+01    4.474793e-01
    1.112000e+01    4.474833e-01
    1.114000e+01    4.474873e-01
    1.116000e+01    4.474912e-01
    1.118000e+01    4.474950e-01
    1.120000e+01    4.474988e-01
    1.122000e+01    4.475025e-01
    1.124000e+01    4.475061e-01
    1.126000e+01    4.475097e-01
    1.128000e+01    4.475132e-01
    1.130000e+01    4.475166e-01
    1.132000e+01    4.475200e-01
    1.134000e+01    4.475233e-01
    1.136000e+01    4.475266e-01
    1.138000e+01    4.475298e-01
    1.140000e+01    4.475329e-01
    1.142000e+01    4.475360e-01
    1.144000e+01    4.475390e-01
    1.146000e+01    4.475420e-01
    1.148000e+01    4.475449e-01
    1.150000e+01    4.475478e-01
    1.152000e+01    4.475505e-01
    1.154000e+01    4.475533e-01
    1.156000e+01    4.475560e-01
    1.158000e+01    4.475586e-01
    1.160000e+01    4.475612e-01
    1.162000e+01    4.475637e-01
    1.164000e+01    4.475662e-01
    1.166000e+01    4.475686e-01
    1.168000e+01    4.475709e-01
    1.170000e+01    4.475733e-01
    1.172000e+01    4.475755e-01
    1.174000e+01    4.475777e-01
    1.176000e+01    4.475799e-01
    1.178000e+01    4.475820e-01
    1.180000e+01    4.475841e-01
    1.182000e+01    4.475861e-01
    1.184000e+01    4.475881e-01
    1.186000e+01    4.475900e-01
    1.188000e+01    4.475919e-01
    1.190000e+01    4.475938e-01
    1.192000e+01    4.475956e-01
    1.194000e+01    4.475973e-01
    1.196000e+01    4.475990e-01
    1.198000e+01    4.476007e-01
    1.200000e+01    4.476023e-01
    1.202000e+01    4.476039e-01
    1.204000e+01    4.476055e-01
    1.206000e+01    4.476070e-01
    1.208000e+01    4.476085e-01
    1.210000e+01    4.476099e-01
    1.212000e+01    4.476113e-01
    1.214000e+01    4.476127e-01
    1.216000e+01    4.476140e-01
    1.218000e+01    4.476153e-01
    1.220000e+01    4.476165e-01
    1.222000e+01    4.476177e-01
    1.224000e+01    4.476189e-01
    1.226000e+01    4.476200e-01
    1.228000e+01    4.476212e-01
    1.230000e+01    4.476222e-01
    1.232000e+01    4.476233e-01
    1.234000e+01    4.476243e-01
    1.236000e+01    4.476253e-01
    1.238000e+01    4.476262e-01
    1.240000e+01    4.476271e-01
    1.242000e+01    4.476280e-01
    1.244000e+01    4.476289e-01
    1.246000e+01    4.476297e-01
    1.248000e+01    4.476305e-01
    1.250000e+01    4.476313e-01
    1.252000e+01    4.476320e-01
    1.254000e+01    4.476328e-01
    1.256000e+01    4.476334e-01
    1.258000e+01    4.476341e-01
    1.260000e+01    4.476348e-01
    1.262000e+01    4.476354e-01
    1.264000e+01    4.476360e-01
    1.266000e+01    4.476365e-01
    1.268000e+01    4.476371e-01
    1.270000e+01    4.476376e-01
    1.272000e+01    4.476381e-01
    1.274000e+01    4.476385e-01
    1.276000e+01    4.476390e-01
    1.278000e+01    4.476394e-01
    1.280000e+01    4.476398e-01
    1.282000e+01    4.476402e-01
    1.284000e+01    4.476405e-01
    1.286000e+01    4.476409e-01
    1.288000e+01    4.476412e-01
    1.290000e+01    4.476415e-01
    1.292000e+01    4.476418e-01
    1.294000e+01    4.476420e-01
    1.296000e+01    4.476423e-01
    1.298000e+01    4.476425e-01
    1.300000e+01    4.476427e-01
    1.302000e+01    4.476429e-01
    1.304000e+01    4.476431e-01
    1.306000e+01    4.476432e-01
    1.308000e+01    4.476433e-01
    1.310000e+01    4.476435e-01
    1.312000e+01    4.476436e-01
    1.314000e+01    4.476436e-01
    1.316000e+01    4.476437e-01
    1.318000e+01    4.476438e-01
    1.320000e+01    4.476438e-01
    1.322000e+01    4.476438e-01
    1.324000e+01    4.476438e-01
    1.326000e+01    4.476438e-01
    1.328000e+01    4.476438e-01
    1.330000e+01    4.476438e-01
    1.332000e+01    4.476438e-01
    1.334000e+01    4.476437e-01
    1.336000e+01    4.476436e-01
    1.338000e+01    4.476435e-01
    1.340000e+01    4.476435e-01
    1.342000e+01    4.476433e-01
    1.344000e+01    4.476432e-01
    1.346000e+01    4.476431e-01
    1.348000e+01    4.476430e-01
    1.350000e+01    4.476428e-01
    1.352000e+01    4.476427e-01
    1.354000e+01    4.476425e-01
    1.356000e+01    4.476423e-01
    1.358000e+01    4.476421e-01
    1.360000e+01    4.476419e-01
    1.362000e+01    4.476417e-01
    1.364000e+01    4.476415e-01
    1.366000e+01    4.476413e-01
    1.368000e+01    4.476410e-01
    1.370000e+01    4.476408e-01
    1.372000e+01    4.476405e-01
    1.374000e+01    4.476403e-01
    1.376000e+01    4.476400e-01
    1.378000e+01    4.476397e-01
    1.380000e+01    4.476394e-01
    1.382000e+01    4.476391e-01
    1.384000e+01    4.476388e-01
    1.386000e+01    4.476385e-01
    1.388000e+01    4.476382e-01
    1.390000e+01    4.476379e-01
    1.392000e+01    4.476376e-01
    1.394000e+01    4.476373e-01
    1.396000e+01    4.476369e-01
    1.398000e+01    4.476366e-01
    1.400000e+01    4.476362e-01
    1.402000e+01    4.476359e-01
    1.404000e+01    4.476355e-01
    1.406000e+01    4.476352e-01
    1.408000e+01    4.476348e-01
    1.410000e+01    4.476344e-01
    1.412000e+01    4.476340e-01
    1.414000e+01    4.476336e-01
    1.416000e+01    4.476333e-01
    1.418000e+01    4.476329e-01
    1.420000e+01    4.476325e-01
    1.422000e+01    4.476321e-01
    1.424000e+01    4.476317e-01
    1.426000e+01    4.476313e-01
    1.428000e+01    4.476309e-01
    1.430000e+01    4.476304e-01
    1.432000e+01    4.476300e-01
    1.434000e+01    4.476296e-01
    1.436000e+01    4.476292e-01
    1.438000e+01    4.476288e-01
    1.440000e+01    4.476283e-01
    1.442000e+01    4.476279e-01
    1.444000e+01    4.476275e-01
    1.446000e+01    4.476270e-01
    1.448000e+01    4.476266e-01
    1.450000e+01    4.476262e-01
    1.452000e+01    4.476257e-01
    1.454000e+01    4.476253e-01
    1.456000e+01    4.476248e-01
    1.458000e+01    4.476244e-01
    1.460000e+01    4.476239e-01
    1.462000e+01    4.476235e-01
    1.464000e+01    4.476230e-01
    1.466000e+01    4.476226e-01
    1.468000e+01    4.476221e-01
    1.470000e+01    4.476217e-01
    1.472000e+01    4.476212e-01
    1.474000e+01    4.476208e-01
    1.476000e+01    4.476203e-01
    1.478000e+01    4.476198e-01
    1.480000e+01    4.476194e-01
    1.482000e+01    4.476189e-01
    1.484000e+01    4.476185e-01
    1.486000e+01    4.476180e-01
    1.488000e+01    4.476175e-01
    1.490000e+01    4.476171e-01
    1.492000e+01    4.476166e-01
    1.494000e+01    4.476162e-01
    1.496000e+01    4.476157e-01
    1.498000e+01    4.476152e-01
