1.1102230246251565e-16 1
0.4043965159684779 0.762666447934529
0.6221484861053507 0.5731033756972088
0.945665698880133 0.3462216086716976
1.3811696391538781 0.1551551656895941
1.7544587308170883 0.0678231612571728
2.214848610535048 0.016307718974599483
2.749896308585649 -0.011330840612368887
3.3844877644131066 -0.028526591431067505
3.9817503110742165 -0.03825779852294153
4.6038987971795935 -0.04575143775110635
5.2198257984238525 -0.0472746181989292
5.866860223973458 -0.04506800299622027
6.607216922438819 -0.03913468740907877
7.639983409373704 -0.02724577031887576
8.660306926586474 -0.013863696862019825
9.643301534632926 -0.007196184155952023
10.514309415180414 -0.003508174597769864
11.435089174616335 0.00017735874753177505
12.368311903774364 -0.0006153389006851029
13.214433844877645 -0.0006574345196452835
13.98589796764828 0.0015429901508638988
14.931563666528412 0.0014959421061435663
