    0.000000e+00    1.0000000000e+00    0.0000000000e+00
    2.000000e-02    9.9960053860e-01    3.9946139538e-04
    4.000000e-02    9.9840844244e-01    1.5915575572e-03
    6.000000e-02    9.9644192485e-01    3.5580751548e-03
    8.000000e-02    9.9372937089e-01    6.2706291056e-03
    1.000000e-01    9.9030696283e-01    9.6930371684e-03
    1.200000e-01    9.8621646337e-01    1.3783536634e-02
    1.400000e-01    9.8150344546e-01    1.8496554539e-02
    1.600000e-01    9.7621586156e-01    2.3784138437e-02
    1.800000e-01    9.7040288272e-01    2.9597117284e-02
    2.000000e-01    9.6411395174e-01    3.5886048256e-02
    2.200000e-01    9.5739797542e-01    4.2602024579e-02
    2.400000e-01    9.5030264694e-01    4.9697353059e-02
    2.600000e-01    9.4287391365e-01    5.7126086355e-02
    2.800000e-01    9.3515558784e-01    6.4844412157e-02
    3.000000e-01    9.2718909278e-01    7.2810907220e-02
    3.200000e-01    9.1901331510e-01    8.0986684897e-02
    3.400000e-01    9.1066452717e-01    8.9335472832e-02
    3.600000e-01    9.0217637646e-01    9.7823623536e-02
    3.800000e-01    8.9357993613e-01    1.0642006387e-01
    4.000000e-01    8.8490379387e-01    1.1509620613e-01
    4.200000e-01    8.7617416060e-01    1.2382583940e-01
    4.400000e-01    8.6741498527e-01    1.3258501473e-01
    4.600000e-01    8.5864807260e-01    1.4135192740e-01
    4.800000e-01    8.4989320850e-01    1.5010679150e-01
    5.000000e-01    8.4116829047e-01    1.5883170953e-01
    5.200000e-01    8.3248945893e-01    1.6751054107e-01
    5.400000e-01    8.2387122608e-01    1.7612877392e-01
    5.600000e-01    8.1532659950e-01    1.8467340050e-01
    5.800000e-01    8.0686719799e-01    1.9313280201e-01
    6.000000e-01    7.9850335844e-01    2.0149664156e-01
    6.200000e-01    7.9024423352e-01    2.0975576648e-01
    6.400000e-01    7.8209788004e-01    2.1790211996e-01
    6.600000e-01    7.7407134167e-01    2.2592865833e-01
    6.800000e-01    7.6617073134e-01    2.3382926866e-01
    7.000000e-01    7.5840131323e-01    2.4159868677e-01
    7.200000e-01    7.5076758344e-01    2.4923241656e-01
    7.400000e-01    7.4327334304e-01    2.5672665696e-01
    7.600000e-01    7.3592175912e-01    2.6407824088e-01
    7.800000e-01    7.2871541771e-01    2.7128458229e-01
    8.000000e-01    7.2165636814e-01    2.7834363186e-01
    8.200000e-01    7.1474616666e-01    2.8525383334e-01
    8.400000e-01    7.0798592695e-01    2.9201407305e-01
    8.600000e-01    7.0137636792e-01    2.9862363208e-01
    8.800000e-01    6.9491785365e-01    3.0508214635e-01
    9.000000e-01    6.8861042612e-01    3.1138957388e-01
    9.200000e-01    6.8245383282e-01    3.1754616718e-01
    9.400000e-01    6.7644755154e-01    3.2355244846e-01
    9.600000e-01    6.7059081368e-01    3.2940918632e-01
    9.800000e-01    6.6488262662e-01    3.3511737338e-01
    1.000000e+00    6.5932179620e-01    3.4067820380e-01
    1.020000e+00    6.5390694987e-01    3.4609305013e-01
    1.040000e+00    6.4863655288e-01    3.5136344712e-01
    1.060000e+00    6.4350892074e-01    3.5649107926e-01
    1.080000e+00    6.3852223205e-01    3.6147776795e-01
    1.100000e+00    6.3367454216e-01    3.6632545784e-01
    1.120000e+00    6.2896379684e-01    3.7103620316e-01
    1.140000e+00    6.2438784521e-01    3.7561215479e-01
    1.160000e+00    6.1994445151e-01    3.8005554849e-01
    1.180000e+00    6.1563130575e-01    3.8436869425e-01
    1.200000e+00    6.1144603350e-01    3.8855396650e-01
    1.220000e+00    6.0738620505e-01    3.9261379495e-01
    1.240000e+00    6.0344934387e-01    3.9655065613e-01
    1.260000e+00    5.9963293343e-01    4.0036706657e-01
    1.280000e+00    5.9593442405e-01    4.0406557595e-01
    1.300000e+00    5.9235124302e-01    4.0764875698e-01
    1.320000e+00    5.8888080249e-01    4.1111919751e-01
    1.340000e+00    5.8552050421e-01    4.1447949579e-01
    1.360000e+00    5.8226774317e-01    4.1773225683e-01
    1.380000e+00    5.7911991144e-01    4.2088008856e-01
    1.400000e+00    5.7607440258e-01    4.2392559742e-01
    1.420000e+00    5.7312861613e-01    4.2687138387e-01
    1.440000e+00    5.7027996207e-01    4.2972003793e-01
    1.460000e+00    5.6752586492e-01    4.3247413508e-01
    1.480000e+00    5.6486376743e-01    4.3513623257e-01
    1.500000e+00    5.6229113374e-01    4.3770886626e-01
    1.520000e+00    5.5980545233e-01    4.4019454767e-01
    1.540000e+00    5.5740423863e-01    4.4259576137e-01
    1.560000e+00    5.5508503753e-01    4.4491496247e-01
    1.580000e+00    5.5284542556e-01    4.4715457444e-01
    1.600000e+00    5.5068301298e-01    4.4931698702e-01
    1.620000e+00    5.4859544570e-01    4.5140455430e-01
    1.640000e+00    5.4658040706e-01    4.5341959294e-01
    1.660000e+00    5.4463561936e-01    4.5536438064e-01
    1.680000e+00    5.4275884528e-01    4.5724115472e-01
    1.700000e+00    5.4094788897e-01    4.5905211103e-01
    1.720000e+00    5.3920059705e-01    4.6079940295e-01
    1.740000e+00    5.3751485943e-01    4.6248514057e-01
    1.760000e+00    5.3588861016e-01    4.6411138984e-01
    1.780000e+00    5.3431982815e-01    4.6568017185e-01
    1.800000e+00    5.3280653792e-01    4.6719346208e-01
    1.820000e+00    5.3134681024e-01    4.6865318976e-01
    1.840000e+00    5.2993876283e-01    4.7006123717e-01
    1.860000e+00    5.2858056106e-01    4.7141943894e-01
    1.880000e+00    5.2727041832e-01    4.7272958168e-01
    1.900000e+00    5.2600659608e-01    4.7399340392e-01
    1.920000e+00    5.2478740351e-01    4.7521259649e-01
    1.940000e+00    5.2361119679e-01    4.7638880321e-01
    1.960000e+00    5.2247637838e-01    4.7752362162e-01
    1.980000e+00    5.2138139612e-01    4.7861860388e-01
    2.000000e+00    5.2032474246e-01    4.7967525754e-01
    2.020000e+00    5.1930495365e-01    4.8069504635e-01
    2.040000e+00    5.1832060915e-01    4.8167939085e-01
    2.060000e+00    5.1737033098e-01    4.8262966902e-01
    2.080000e+00    5.1645278318e-01    4.8354721682e-01
    2.100000e+00    5.1556667125e-01    4.8443332875e-01
    2.120000e+00    5.1471074160e-01    4.8528925840e-01
    2.140000e+00    5.1388378099e-01    4.8611621901e-01
    2.160000e+00    5.1308461586e-01    4.8691538414e-01
    2.180000e+00    5.1231211167e-01    4.8768788833e-01
    2.200000e+00    5.1156517220e-01    4.8843482780e-01
    2.220000e+00    5.1084273886e-01    4.8915726114e-01
    2.240000e+00    5.1014378997e-01    4.8985621003e-01
    2.260000e+00    5.0946734001e-01    4.9053265999e-01
    2.280000e+00    5.0881243887e-01    4.9118756113e-01
    2.300000e+00    5.0817817123e-01    4.9182182877e-01
    2.320000e+00    5.0756365578e-01    4.9243634422e-01
    2.340000e+00    5.0696804468e-01    4.9303195532e-01
    2.360000e+00    5.0639052271e-01    4.9360947729e-01
    2.380000e+00    5.0583030649e-01    4.9416969351e-01
    2.400000e+00    5.0528664365e-01    4.9471335635e-01
    2.420000e+00    5.0475881197e-01    4.9524118803e-01
    2.440000e+00    5.0424611855e-01    4.9575388145e-01
    2.460000e+00    5.0374789899e-01    4.9625210101e-01
    2.480000e+00    5.0326351657e-01    4.9673648343e-01
    2.500000e+00    5.0279236151e-01    4.9720763849e-01
    2.520000e+00    5.0233385014e-01    4.9766614986e-01
    2.540000e+00    5.0188742430e-01    4.9811257570e-01
    2.560000e+00    5.0145255065e-01    4.9854744935e-01
    2.580000e+00    5.0102872004e-01    4.9897127996e-01
    2.600000e+00    5.0061544667e-01    4.9938455333e-01
    2.620000e+00    5.0021226734e-01    4.9978773266e-01
    2.640000e+00    4.9981874057e-01    5.0018125943e-01
    2.660000e+00    4.9943444574e-01    5.0056555426e-01
    2.680000e+00    4.9905898230e-01    5.0094101770e-01
    2.700000e+00    4.9869196894e-01    5.0130803106e-01
    2.720000e+00    4.9833304291e-01    5.0166695709e-01
    2.740000e+00    4.9798185927e-01    5.0201814073e-01
    2.760000e+00    4.9763809017e-01    5.0236190983e-01
    2.780000e+00    4.9730142416e-01    5.0269857584e-01
    2.800000e+00    4.9697156546e-01    5.0302843454e-01
    2.820000e+00    4.9664823334e-01    5.0335176666e-01
    2.840000e+00    4.9633116148e-01    5.0366883852e-01
    2.860000e+00    4.9602009739e-01    5.0397990261e-01
    2.880000e+00    4.9571480191e-01    5.0428519809e-01
    2.900000e+00    4.9541504862e-01    5.0458495138e-01
    2.920000e+00    4.9512062333e-01    5.0487937667e-01
    2.940000e+00    4.9483132350e-01    5.0516867650e-01
    2.960000e+00    4.9454695786e-01    5.0545304214e-01
    2.980000e+00    4.9426734584e-01    5.0573265416e-01
    3.000000e+00    4.9399231719e-01    5.0600768281e-01
    3.020000e+00    4.9372171149e-01    5.0627828851e-01
    3.040000e+00    4.9345537770e-01    5.0654462230e-01
    3.060000e+00    4.9319317377e-01    5.0680682623e-01
    3.080000e+00    4.9293496622e-01    5.0706503378e-01
    3.100000e+00    4.9268062976e-01    5.0731937024e-01
    3.120000e+00    4.9243004689e-01    5.0756995311e-01
    3.140000e+00    4.9218310756e-01    5.0781689244e-01
    3.160000e+00    4.9193970884e-01    5.0806029116e-01
    3.180000e+00    4.9169975458e-01    5.0830024542e-01
    3.200000e+00    4.9146315507e-01    5.0853684493e-01
    3.220000e+00    4.9122982671e-01    5.0877017329e-01
    3.240000e+00    4.9099969168e-01    5.0900030832e-01
    3.260000e+00    4.9077267767e-01    5.0922732233e-01
    3.280000e+00    4.9054871756e-01    5.0945128244e-01
    3.300000e+00    4.9032774920e-01    5.0967225080e-01
    3.320000e+00    4.9010971513e-01    5.0989028487e-01
    3.340000e+00    4.8989456234e-01    5.1010543766e-01
    3.360000e+00    4.8968224201e-01    5.1031775799e-01
    3.380000e+00    4.8947270931e-01    5.1052729069e-01
    3.400000e+00    4.8926592317e-01    5.1073407683e-01
    3.420000e+00    4.8906184601e-01    5.1093815399e-01
    3.440000e+00    4.8886044362e-01    5.1113955638e-01
    3.460000e+00    4.8866168492e-01    5.1133831508e-01
    3.480000e+00    4.8846554181e-01    5.1153445819e-01
    3.500000e+00    4.8827198896e-01    5.1172801104e-01
    3.520000e+00    4.8808100363e-01    5.1191899637e-01
    3.540000e+00    4.8789256545e-01    5.1210743455e-01
    3.560000e+00    4.8770665620e-01    5.1229334380e-01
    3.580000e+00    4.8752325961e-01    5.1247674039e-01
    3.600000e+00    4.8734236115e-01    5.1265763885e-01
    3.620000e+00    4.8716394780e-01    5.1283605220e-01
    3.640000e+00    4.8698800789e-01    5.1301199211e-01
    3.660000e+00    4.8681453091e-01    5.1318546909e-01
    3.680000e+00    4.8664350737e-01    5.1335649263e-01
    3.700000e+00    4.8647492869e-01    5.1352507131e-01
    3.720000e+00    4.8630878711e-01    5.1369121289e-01
    3.740000e+00    4.8614507560e-01    5.1385492440e-01
    3.760000e+00    4.8598378783e-01    5.1401621217e-01
    3.780000e+00    4.8582491810e-01    5.1417508190e-01
    3.800000e+00    4.8566846127e-01    5.1433153873e-01
    3.820000e+00    4.8551441266e-01    5.1448558734e-01
    3.840000e+00    4.8536276800e-01    5.1463723200e-01
    3.860000e+00    4.8521352329e-01    5.1478647671e-01
    3.880000e+00    4.8506667478e-01    5.1493332522e-01
    3.900000e+00    4.8492221890e-01    5.1507778110e-01
    3.920000e+00    4.8478015219e-01    5.1521984781e-01
    3.940000e+00    4.8464047128e-01    5.1535952872e-01
    3.960000e+00    4.8450317279e-01    5.1549682721e-01
    3.980000e+00    4.8436825335e-01    5.1563174665e-01
    4.000000e+00    4.8423570955e-01    5.1576429045e-01
    4.020000e+00    4.8410553791e-01    5.1589446209e-01
    4.040000e+00    4.8397773485e-01    5.1602226515e-01
    4.060000e+00    4.8385229671e-01    5.1614770329e-01
    4.080000e+00    4.8372921970e-01    5.1627078030e-01
    4.100000e+00    4.8360849985e-01    5.1639150015e-01
    4.120000e+00    4.8349013305e-01    5.1650986695e-01
    4.140000e+00    4.8337411495e-01    5.1662588505e-01
    4.160000e+00    4.8326044098e-01    5.1673955902e-01
    4.180000e+00    4.8314910633e-01    5.1685089367e-01
    4.200000e+00    4.8304010590e-01    5.1695989410e-01
    4.220000e+00    4.8293343431e-01    5.1706656569e-01
    4.240000e+00    4.8282908587e-01    5.1717091413e-01
    4.260000e+00    4.8272705457e-01    5.1727294543e-01
    4.280000e+00    4.8262733407e-01    5.1737266593e-01
    4.300000e+00    4.8252991769e-01    5.1747008231e-01
    4.320000e+00    4.8243479841e-01    5.1756520159e-01
    4.340000e+00    4.8234196884e-01    5.1765803116e-01
    4.360000e+00    4.8225142124e-01    5.1774857876e-01
    4.380000e+00    4.8216314751e-01    5.1783685249e-01
    4.400000e+00    4.8207713916e-01    5.1792286084e-01
    4.420000e+00    4.8199338736e-01    5.1800661264e-01
    4.440000e+00    4.8191188287e-01    5.1808811713e-01
    4.460000e+00    4.8183261606e-01    5.1816738394e-01
    4.480000e+00    4.8175557689e-01    5.1824442311e-01
    4.500000e+00    4.8168075489e-01    5.1831924511e-01
    4.520000e+00    4.8160813912e-01    5.1839186088e-01
    4.540000e+00    4.8153771824e-01    5.1846228176e-01
    4.560000e+00    4.8146948044e-01    5.1853051956e-01
    4.580000e+00    4.8140341355e-01    5.1859658645e-01
    4.600000e+00    4.8133950498e-01    5.1866049502e-01
    4.620000e+00    4.8127774185e-01    5.1872225815e-01
    4.640000e+00    4.8121811096e-01    5.1878188904e-01
    4.660000e+00    4.8116059890e-01    5.1883940110e-01
    4.680000e+00    4.8110519204e-01    5.1889480796e-01
    4.700000e+00    4.8105187661e-01    5.1894812339e-01
    4.720000e+00    4.8100063874e-01    5.1899936126e-01
    4.740000e+00    4.8095146441e-01    5.1904853559e-01
    4.760000e+00    4.8090433948e-01    5.1909566052e-01
    4.780000e+00    4.8085924968e-01    5.1914075032e-01
    4.800000e+00    4.8081618060e-01    5.1918381940e-01
    4.820000e+00    4.8077511766e-01    5.1922488234e-01
    4.840000e+00    4.8073604615e-01    5.1926395385e-01
    4.860000e+00    4.8069895117e-01    5.1930104883e-01
    4.880000e+00    4.8066381767e-01    5.1933618233e-01
    4.900000e+00    4.8063063045e-01    5.1936936955e-01
    4.920000e+00    4.8059937418e-01    5.1940062582e-01
    4.940000e+00    4.8057003338e-01    5.1942996662e-01
    4.960000e+00    4.8054259247e-01    5.1945740753e-01
    4.980000e+00    4.8051703569e-01    5.1948296431e-01
    5.000000e+00    4.8049334712e-01    5.1950665288e-01
    5.020000e+00    4.8047151068e-01    5.1952848932e-01
    5.040000e+00    4.8045151007e-01    5.1954848993e-01
    5.060000e+00    4.8043332883e-01    5.1956667117e-01
    5.080000e+00    4.8041695027e-01    5.1958304973e-01
    5.100000e+00    4.8040235756e-01    5.1959764244e-01
    5.120000e+00    4.8038953365e-01    5.1961046635e-01
    5.140000e+00    4.8037846134e-01    5.1962153866e-01
    5.160000e+00    4.8036912326e-01    5.1963087674e-01
    5.180000e+00    4.8036150188e-01    5.1963849812e-01
    5.200000e+00    4.8035557953e-01    5.1964442047e-01
    5.220000e+00    4.8035133838e-01    5.1964866162e-01
    5.240000e+00    4.8034876052e-01    5.1965123948e-01
    5.260000e+00    4.8034782790e-01    5.1965217210e-01
    5.280000e+00    4.8034852239e-01    5.1965147761e-01
    5.300000e+00    4.8035082579e-01    5.1964917421e-01
    5.320000e+00    4.8035471981e-01    5.1964528019e-01
    5.340000e+00    4.8036018608e-01    5.1963981392e-01
    5.360000e+00    4.8036720615e-01    5.1963279385e-01
    5.380000e+00    4.8037576150e-01    5.1962423850e-01
    5.400000e+00    4.8038583355e-01    5.1961416645e-01
    5.420000e+00    4.8039740368e-01    5.1960259632e-01
    5.440000e+00    4.8041045321e-01    5.1958954679e-01
    5.460000e+00    4.8042496341e-01    5.1957503659e-01
    5.480000e+00    4.8044091555e-01    5.1955908445e-01
    5.500000e+00    4.8045829086e-01    5.1954170914e-01
    5.520000e+00    4.8047707057e-01    5.1952292943e-01
    5.540000e+00    4.8049723591e-01    5.1950276409e-01
    5.560000e+00    4.8051876814e-01    5.1948123186e-01
    5.580000e+00    4.8054164852e-01    5.1945835148e-01
    5.600000e+00    4.8056585838e-01    5.1943414162e-01
    5.620000e+00    4.8059137907e-01    5.1940862093e-01
    5.640000e+00    4.8061819202e-01    5.1938180798e-01
    5.660000e+00    4.8064627871e-01    5.1935372129e-01
    5.680000e+00    4.8067562071e-01    5.1932437929e-01
    5.700000e+00    4.8070619964e-01    5.1929380036e-01
    5.720000e+00    4.8073799722e-01    5.1926200278e-01
    5.740000e+00    4.8077099525e-01    5.1922900475e-01
    5.760000e+00    4.8080517561e-01    5.1919482439e-01
    5.780000e+00    4.8084052028e-01    5.1915947972e-01
    5.800000e+00    4.8087701134e-01    5.1912298866e-01
    5.820000e+00    4.8091463096e-01    5.1908536904e-01
    5.840000e+00    4.8095336143e-01    5.1904663857e-01
    5.860000e+00    4.8099318513e-01    5.1900681487e-01
    5.880000e+00    4.8103408456e-01    5.1896591544e-01
    5.900000e+00    4.8107604231e-01    5.1892395769e-01
    5.920000e+00    4.8111904110e-01    5.1888095890e-01
    5.940000e+00    4.8116306374e-01    5.1883693626e-01
    5.960000e+00    4.8120809318e-01    5.1879190682e-01
    5.980000e+00    4.8125411246e-01    5.1874588754e-01
    6.000000e+00    4.8130110472e-01    5.1869889528e-01
    6.020000e+00    4.8134905324e-01    5.1865094676e-01
    6.040000e+00    4.8139794140e-01    5.1860205860e-01
    6.060000e+00    4.8144775271e-01    5.1855224729e-01
    6.080000e+00    4.8149847076e-01    5.1850152924e-01
    6.100000e+00    4.8155007930e-01    5.1844992070e-01
    6.120000e+00    4.8160256218e-01    5.1839743782e-01
    6.140000e+00    4.8165590335e-01    5.1834409665e-01
    6.160000e+00    4.8171008691e-01    5.1828991309e-01
    6.180000e+00    4.8176509705e-01    5.1823490295e-01
    6.200000e+00    4.8182091812e-01    5.1817908188e-01
    6.220000e+00    4.8187753454e-01    5.1812246546e-01
    6.240000e+00    4.8193493091e-01    5.1806506909e-01
    6.260000e+00    4.8199309191e-01    5.1800690809e-01
    6.280000e+00    4.8205200237e-01    5.1794799763e-01
    6.300000e+00    4.8211164724e-01    5.1788835276e-01
    6.320000e+00    4.8217201160e-01    5.1782798840e-01
    6.340000e+00    4.8223308064e-01    5.1776691936e-01
    6.360000e+00    4.8229483971e-01    5.1770516029e-01
    6.380000e+00    4.8235727427e-01    5.1764272573e-01
    6.400000e+00    4.8242036991e-01    5.1757963009e-01
    6.420000e+00    4.8248411236e-01    5.1751588764e-01
    6.440000e+00    4.8254848748e-01    5.1745151252e-01
    6.460000e+00    4.8261348125e-01    5.1738651875e-01
    6.480000e+00    4.8267907979e-01    5.1732092021e-01
    6.500000e+00    4.8274526937e-01    5.1725473063e-01
    6.520000e+00    4.8281203635e-01    5.1718796365e-01
    6.540000e+00    4.8287936726e-01    5.1712063274e-01
    6.560000e+00    4.8294724875e-01    5.1705275125e-01
    6.580000e+00    4.8301566758e-01    5.1698433242e-01
    6.600000e+00    4.8308461066e-01    5.1691538934e-01
    6.620000e+00    4.8315406502e-01    5.1684593498e-01
    6.640000e+00    4.8322401781e-01    5.1677598219e-01
    6.660000e+00    4.8329445631e-01    5.1670554369e-01
    6.680000e+00    4.8336536793e-01    5.1663463207e-01
    6.700000e+00    4.8343674020e-01    5.1656325980e-01
    6.720000e+00    4.8350856077e-01    5.1649143923e-01
    6.740000e+00    4.8358081743e-01    5.1641918257e-01
    6.760000e+00    4.8365349806e-01    5.1634650194e-01
    6.780000e+00    4.8372659070e-01    5.1627340930e-01
    6.800000e+00    4.8380008350e-01    5.1619991650e-01
    6.820000e+00    4.8387396471e-01    5.1612603529e-01
    6.840000e+00    4.8394822273e-01    5.1605177727e-01
    6.860000e+00    4.8402284606e-01    5.1597715394e-01
    6.880000e+00    4.8409782334e-01    5.1590217666e-01
    6.900000e+00    4.8417314332e-01    5.1582685668e-01
    6.920000e+00    4.8424879486e-01    5.1575120514e-01
    6.940000e+00    4.8432476695e-01    5.1567523305e-01
    6.960000e+00    4.8440104871e-01    5.1559895129e-01
    6.980000e+00    4.8447762935e-01    5.1552237065e-01
    7.000000e+00    4.8455449824e-01    5.1544550176e-01
    7.020000e+00    4.8463164482e-01    5.1536835518e-01
    7.040000e+00    4.8470905868e-01    5.1529094132e-01
    7.060000e+00    4.8478672953e-01    5.1521327047e-01
    7.080000e+00    4.8486464717e-01    5.1513535283e-01
    7.100000e+00    4.8494280153e-01    5.1505719847e-01
    7.120000e+00    4.8502118266e-01    5.1497881734e-01
    7.140000e+00    4.8509978073e-01    5.1490021927e-01
    7.160000e+00    4.8517858601e-01    5.1482141399e-01
    7.180000e+00    4.8525758889e-01    5.1474241111e-01
    7.200000e+00    4.8533677987e-01    5.1466322013e-01
    7.220000e+00    4.8541614956e-01    5.1458385044e-01
    7.240000e+00    4.8549568871e-01    5.1450431129e-01
    7.260000e+00    4.8557538813e-01    5.1442461187e-01
    7.280000e+00    4.8565523879e-01    5.1434476121e-01
    7.300000e+00    4.8573523175e-01    5.1426476825e-01
    7.320000e+00    4.8581535817e-01    5.1418464183e-01
    7.340000e+00    4.8589560933e-01    5.1410439067e-01
    7.360000e+00    4.8597597662e-01    5.1402402338e-01
    7.380000e+00    4.8605645153e-01    5.1394354847e-01
    7.400000e+00    4.8613702567e-01    5.1386297433e-01
    7.420000e+00    4.8621769075e-01    5.1378230925e-01
    7.440000e+00    4.8629843859e-01    5.1370156141e-01
    7.460000e+00    4.8637926110e-01    5.1362073890e-01
    7.480000e+00    4.8646015031e-01    5.1353984969e-01
    7.500000e+00    4.8654109836e-01    5.1345890164e-01
    7.520000e+00    4.8662209747e-01    5.1337790253e-01
    7.540000e+00    4.8670313999e-01    5.1329686001e-01
    7.560000e+00    4.8678421835e-01    5.1321578165e-01
    7.580000e+00    4.8686532510e-01    5.1313467490e-01
    7.600000e+00    4.8694645288e-01    5.1305354712e-01
    7.620000e+00    4.8702759443e-01    5.1297240557e-01
    7.640000e+00    4.8710874261e-01    5.1289125739e-01
    7.660000e+00    4.8718989035e-01    5.1281010965e-01
    7.680000e+00    4.8727103070e-01    5.1272896930e-01
    7.700000e+00    4.8735215680e-01    5.1264784320e-01
    7.720000e+00    4.8743326189e-01    5.1256673811e-01
    7.740000e+00    4.8751433931e-01    5.1248566069e-01
    7.760000e+00    4.8759538249e-01    5.1240461751e-01
    7.780000e+00    4.8767638495e-01    5.1232361505e-01
    7.800000e+00    4.8775734032e-01    5.1224265968e-01
    7.820000e+00    4.8783824232e-01    5.1216175768e-01
    7.840000e+00    4.8791908476e-01    5.1208091524e-01
    7.860000e+00    4.8799986153e-01    5.1200013847e-01
    7.880000e+00    4.8808056663e-01    5.1191943337e-01
    7.900000e+00    4.8816119415e-01    5.1183880585e-01
    7.920000e+00    4.8824173827e-01    5.1175826173e-01
    7.940000e+00    4.8832219323e-01    5.1167780677e-01
    7.960000e+00    4.8840255341e-01    5.1159744659e-01
    7.980000e+00    4.8848281324e-01    5.1151718676e-01
    8.000000e+00    4.8856296724e-01    5.1143703276e-01
    8.020000e+00    4.8864301004e-01    5.1135698996e-01
    8.040000e+00    4.8872293633e-01    5.1127706367e-01
    8.060000e+00    4.8880274091e-01    5.1119725909e-01
    8.080000e+00    4.8888241863e-01    5.1111758137e-01
    8.100000e+00    4.8896196446e-01    5.1103803554e-01
    8.120000e+00    4.8904137343e-01    5.1095862657e-01
    8.140000e+00    4.8912064066e-01    5.1087935934e-01
    8.160000e+00    4.8919976135e-01    5.1080023865e-01
    8.180000e+00    4.8927873076e-01    5.1072126924e-01
    8.200000e+00    4.8935754428e-01    5.1064245572e-01
    8.220000e+00    4.8943619732e-01    5.1056380268e-01
    8.240000e+00    4.8951468540e-01    5.1048531460e-01
    8.260000e+00    4.8959300411e-01    5.1040699589e-01
    8.280000e+00    4.8967114913e-01    5.1032885087e-01
    8.300000e+00    4.8974911618e-01    5.1025088382e-01
    8.320000e+00    4.8982690109e-01    5.1017309891e-01
    8.340000e+00    4.8990449975e-01    5.1009550025e-01
    8.360000e+00    4.8998190811e-01    5.1001809189e-01
    8.380000e+00    4.9005912222e-01    5.0994087778e-01
    8.400000e+00    4.9013613817e-01    5.0986386183e-01
    8.420000e+00    4.9021295214e-01    5.0978704786e-01
    8.440000e+00    4.9028956039e-01    5.0971043961e-01
    8.460000e+00    4.9036595922e-01    5.0963404078e-01
    8.480000e+00    4.9044214502e-01    5.0955785498e-01
    8.500000e+00    4.9051811424e-01    5.0948188576e-01
    8.520000e+00    4.9059386339e-01    5.0940613661e-01
    8.540000e+00    4.9066938907e-01    5.0933061093e-01
    8.560000e+00    4.9074468793e-01    5.0925531207e-01
    8.580000e+00    4.9081975667e-01    5.0918024333e-01
    8.600000e+00    4.9089459208e-01    5.0910540792e-01
    8.620000e+00    4.9096919100e-01    5.0903080900e-01
    8.640000e+00    4.9104355035e-01    5.0895644965e-01
    8.660000e+00    4.9111766708e-01    5.0888233292e-01
    8.680000e+00    4.9119153824e-01    5.0880846176e-01
    8.700000e+00    4.9126516090e-01    5.0873483910e-01
    8.720000e+00    4.9133853223e-01    5.0866146777e-01
    8.740000e+00    4.9141164944e-01    5.0858835056e-01
    8.760000e+00    4.9148450980e-01    5.0851549020e-01
    8.780000e+00    4.9155711064e-01    5.0844288936e-01
    8.800000e+00    4.9162944935e-01    5.0837055065e-01
    8.820000e+00    4.9170152337e-01    5.0829847663e-01
    8.840000e+00    4.9177333021e-01    5.0822666979e-01
    8.860000e+00    4.9184486743e-01    5.0815513257e-01
    8.880000e+00    4.9191613265e-01    5.0808386735e-01
    8.900000e+00    4.9198712352e-01    5.0801287648e-01
    8.920000e+00    4.9205783778e-01    5.0794216222e-01
    8.940000e+00    4.9212827321e-01    5.0787172679e-01
    8.960000e+00    4.9219842763e-01    5.0780157237e-01
    8.980000e+00    4.9226829893e-01    5.0773170107e-01
    9.000000e+00    4.9233788504e-01    5.0766211496e-01
    9.020000e+00    4.9240718394e-01    5.0759281606e-01
    9.040000e+00    4.9247619369e-01    5.0752380631e-01
    9.060000e+00    4.9254491236e-01    5.0745508764e-01
    9.080000e+00    4.9261333810e-01    5.0738666190e-01
    9.100000e+00    4.9268146909e-01    5.0731853091e-01
    9.120000e+00    4.9274930358e-01    5.0725069642e-01
    9.140000e+00    4.9281683985e-01    5.0718316015e-01
    9.160000e+00    4.9288407625e-01    5.0711592375e-01
    9.180000e+00    4.9295101114e-01    5.0704898886e-01
    9.200000e+00    4.9301764298e-01    5.0698235702e-01
    9.220000e+00    4.9308397024e-01    5.0691602976e-01
    9.240000e+00    4.9314999145e-01    5.0685000855e-01
    9.260000e+00    4.9321570518e-01    5.0678429482e-01
    9.280000e+00    4.9328111005e-01    5.0671888995e-01
    9.300000e+00    4.9334620473e-01    5.0665379527e-01
    9.320000e+00    4.9341098794e-01    5.0658901206e-01
    9.340000e+00    4.9347545842e-01    5.0652454158e-01
    9.360000e+00    4.9353961497e-01    5.0646038503e-01
    9.380000e+00    4.9360345644e-01    5.0639654356e-01
    9.400000e+00    4.9366698171e-01    5.0633301829e-01
    9.420000e+00    4.9373018971e-01    5.0626981029e-01
    9.440000e+00    4.9379307941e-01    5.0620692059e-01
    9.460000e+00    4.9385564981e-01    5.0614435019e-01
    9.480000e+00    4.9391789997e-01    5.0608210003e-01
    9.500000e+00    4.9397982898e-01    5.0602017102e-01
    9.520000e+00    4.9404143596e-01    5.0595856404e-01
    9.540000e+00    4.9410272009e-01    5.0589727991e-01
    9.560000e+00    4.9416368058e-01    5.0583631942e-01
    9.580000e+00    4.9422431666e-01    5.0577568334e-01
    9.600000e+00    4.9428462762e-01    5.0571537238e-01
    9.620000e+00    4.9434461279e-01    5.0565538721e-01
    9.640000e+00    4.9440427151e-01    5.0559572849e-01
    9.660000e+00    4.9446360319e-01    5.0553639681e-01
    9.680000e+00    4.9452260724e-01    5.0547739276e-01
    9.700000e+00    4.9458128313e-01    5.0541871687e-01
    9.720000e+00    4.9463963037e-01    5.0536036963e-01
    9.740000e+00    4.9469764848e-01    5.0530235152e-01
    9.760000e+00    4.9475533702e-01    5.0524466298e-01
    9.780000e+00    4.9481269561e-01    5.0518730439e-01
    9.800000e+00    4.9486972386e-01    5.0513027614e-01
    9.820000e+00    4.9492642145e-01    5.0507357855e-01
    9.840000e+00    4.9498278807e-01    5.0501721193e-01
    9.860000e+00    4.9503882346e-01    5.0496117654e-01
    9.880000e+00    4.9509452736e-01    5.0490547264e-01
    9.900000e+00    4.9514989957e-01    5.0485010043e-01
    9.920000e+00    4.9520493991e-01    5.0479506009e-01
    9.940000e+00    4.9525964824e-01    5.0474035176e-01
    9.960000e+00    4.9531402443e-01    5.0468597557e-01
    9.980000e+00    4.9536806838e-01    5.0463193162e-01
    1.000000e+01    4.9542178005e-01    5.0457821995e-01
    1.002000e+01    4.9547515939e-01    5.0452484061e-01
    1.004000e+01    4.9552820639e-01    5.0447179361e-01
    1.006000e+01    4.9558092109e-01    5.0441907891e-01
    1.008000e+01    4.9563330353e-01    5.0436669647e-01
    1.010000e+01    4.9568535378e-01    5.0431464622e-01
    1.012000e+01    4.9573707195e-01    5.0426292805e-01
    1.014000e+01    4.9578845816e-01    5.0421154184e-01
    1.016000e+01    4.9583951257e-01    5.0416048743e-01
    1.018000e+01    4.9589023535e-01    5.0410976465e-01
    1.020000e+01    4.9594062672e-01    5.0405937328e-01
    1.022000e+01    4.9599068689e-01    5.0400931311e-01
    1.024000e+01    4.9604041612e-01    5.0395958388e-01
    1.026000e+01    4.9608981469e-01    5.0391018531e-01
    1.028000e+01    4.9613888290e-01    5.0386111710e-01
    1.030000e+01    4.9618762106e-01    5.0381237894e-01
    1.032000e+01    4.9623602953e-01    5.0376397047e-01
    1.034000e+01    4.9628410868e-01    5.0371589132e-01
    1.036000e+01    4.9633185889e-01    5.0366814111e-01
    1.038000e+01    4.9637928057e-01    5.0362071943e-01
    1.040000e+01    4.9642637417e-01    5.0357362583e-01
    1.042000e+01    4.9647314012e-01    5.0352685988e-01
    1.044000e+01    4.9651957892e-01    5.0348042108e-01
    1.046000e+01    4.9656569105e-01    5.0343430895e-01
    1.048000e+01    4.9661147703e-01    5.0338852297e-01
    1.050000e+01    4.9665693740e-01    5.0334306260e-01
    1.052000e+01    4.9670207272e-01    5.0329792728e-01
    1.054000e+01    4.9674688355e-01    5.0325311645e-01
    1.056000e+01    4.9679137049e-01    5.0320862951e-01
    1.058000e+01    4.9683553415e-01    5.0316446585e-01
    1.060000e+01    4.9687937517e-01    5.0312062483e-01
    1.062000e+01    4.9692289418e-01    5.0307710582e-01
    1.064000e+01    4.9696609187e-01    5.0303390813e-01
    1.066000e+01    4.9700896891e-01    5.0299103109e-01
    1.068000e+01    4.9705152600e-01    5.0294847400e-01
    1.070000e+01    4.9709376386e-01    5.0290623614e-01
    1.072000e+01    4.9713568322e-01    5.0286431678e-01
    1.074000e+01    4.9717728484e-01    5.0282271516e-01
    1.076000e+01    4.9721856948e-01    5.0278143052e-01
    1.078000e+01    4.9725953792e-01    5.0274046208e-01
    1.080000e+01    4.9730019097e-01    5.0269980903e-01
    1.082000e+01    4.9734052943e-01    5.0265947057e-01
    1.084000e+01    4.9738055413e-01    5.0261944587e-01
    1.086000e+01    4.9742026592e-01    5.0257973408e-01
    1.088000e+01    4.9745966564e-01    5.0254033436e-01
    1.090000e+01    4.9749875419e-01    5.0250124581e-01
    1.092000e+01    4.9753753243e-01    5.0246246757e-01
    1.094000e+01    4.9757600126e-01    5.0242399874e-01
    1.096000e+01    4.9761416161e-01    5.0238583839e-01
    1.098000e+01    4.9765201439e-01    5.0234798561e-01
    1.100000e+01    4.9768956055e-01    5.0231043945e-01
    1.102000e+01    4.9772680103e-01    5.0227319897e-01
    1.104000e+01    4.9776373679e-01    5.0223626321e-01
    1.106000e+01    4.9780036882e-01    5.0219963118e-01
    1.108000e+01    4.9783669810e-01    5.0216330190e-01
    1.110000e+01    4.9787272562e-01    5.0212727438e-01
    1.112000e+01    4.9790845241e-01    5.0209154759e-01
    1.114000e+01    4.9794387948e-01    5.0205612052e-01
    1.116000e+01    4.9797900786e-01    5.0202099214e-01
    1.118000e+01    4.9801383860e-01    5.0198616140e-01
    1.120000e+01    4.9804837275e-01    5.0195162725e-01
    1.122000e+01    4.9808261138e-01    5.0191738862e-01
    1.124000e+01    4.9811655556e-01    5.0188344444e-01
    1.126000e+01    4.9815020638e-01    5.0184979362e-01
    1.128000e+01    4.9818356493e-01    5.0181643507e-01
    1.130000e+01    4.9821663231e-01    5.0178336769e-01
    1.132000e+01    4.9824940965e-01    5.0175059035e-01
    1.134000e+01    4.9828189805e-01    5.0171810195e-01
    1.136000e+01    4.9831409865e-01    5.0168590135e-01
    1.138000e+01    4.9834601259e-01    5.0165398741e-01
    1.140000e+01    4.9837764102e-01    5.0162235898e-01
    1.142000e+01    4.9840898510e-01    5.0159101490e-01
    1.144000e+01    4.9844004599e-01    5.0155995401e-01
    1.146000e+01    4.9847082486e-01    5.0152917514e-01
    1.148000e+01    4.9850132289e-01    5.0149867711e-01
    1.150000e+01    4.9853154127e-01    5.0146845873e-01
    1.152000e+01    4.9856148119e-01    5.0143851881e-01
    1.154000e+01    4.9859114386e-01    5.0140885614e-01
    1.156000e+01    4.9862053049e-01    5.0137946951e-01
    1.158000e+01    4.9864964228e-01    5.0135035772e-01
    1.160000e+01    4.9867848047e-01    5.0132151953e-01
    1.162000e+01    4.9870704628e-01    5.0129295372e-01
    1.164000e+01    4.9873534094e-01    5.0126465906e-01
    1.166000e+01    4.9876336570e-01    5.0123663430e-01
    1.168000e+01    4.9879112180e-01    5.0120887820e-01
    1.170000e+01    4.9881861049e-01    5.0118138951e-01
    1.172000e+01    4.9884583304e-01    5.0115416696e-01
    1.174000e+01    4.9887279069e-01    5.0112720931e-01
    1.176000e+01    4.9889948473e-01    5.0110051527e-01
    1.178000e+01    4.9892591642e-01    5.0107408358e-01
    1.180000e+01    4.9895208705e-01    5.0104791295e-01
    1.182000e+01    4.9897799789e-01    5.0102200211e-01
    1.184000e+01    4.9900365022e-01    5.0099634978e-01
    1.186000e+01    4.9902904535e-01    5.0097095465e-01
    1.188000e+01    4.9905418457e-01    5.0094581543e-01
    1.190000e+01    4.9907906917e-01    5.0092093083e-01
    1.192000e+01    4.9910370046e-01    5.0089629954e-01
    1.194000e+01    4.9912807975e-01    5.0087192025e-01
    1.196000e+01    4.9915220834e-01    5.0084779166e-01
    1.198000e+01    4.9917608755e-01    5.0082391245e-01
    1.200000e+01    4.9919971869e-01    5.0080028131e-01
    1.202000e+01    4.9922310309e-01    5.0077689691e-01
    1.204000e+01    4.9924624207e-01    5.0075375793e-01
    1.206000e+01    4.9926913695e-01    5.0073086305e-01
    1.208000e+01    4.9929178906e-01    5.0070821094e-01
    1.210000e+01    4.9931419974e-01    5.0068580026e-01
    1.212000e+01    4.9933637031e-01    5.0066362969e-01
    1.214000e+01    4.9935830211e-01    5.0064169789e-01
    1.216000e+01    4.9937999648e-01    5.0062000352e-01
    1.218000e+01    4.9940145476e-01    5.0059854524e-01
    1.220000e+01    4.9942267828e-01    5.0057732172e-01
    1.222000e+01    4.9944366840e-01    5.0055633160e-01
    1.224000e+01    4.9946442645e-01    5.0053557355e-01
    1.226000e+01    4.9948495378e-01    5.0051504622e-01
    1.228000e+01    4.9950525174e-01    5.0049474826e-01
    1.230000e+01    4.9952532168e-01    5.0047467832e-01
    1.232000e+01    4.9954516495e-01    5.0045483505e-01
    1.234000e+01    4.9956478289e-01    5.0043521711e-01
    1.236000e+01    4.9958417686e-01    5.0041582314e-01
    1.238000e+01    4.9960334821e-01    5.0039665179e-01
    1.240000e+01    4.9962229829e-01    5.0037770171e-01
    1.242000e+01    4.9964102846e-01    5.0035897154e-01
    1.244000e+01    4.9965954006e-01    5.0034045994e-01
    1.246000e+01    4.9967783446e-01    5.0032216554e-01
    1.248000e+01    4.9969591300e-01    5.0030408700e-01
    1.250000e+01    4.9971377704e-01    5.0028622296e-01
    1.252000e+01    4.9973142793e-01    5.0026857207e-01
    1.254000e+01    4.9974886702e-01    5.0025113298e-01
    1.256000e+01    4.9976609568e-01    5.0023390432e-01
    1.258000e+01    4.9978311524e-01    5.0021688476e-01
    1.260000e+01    4.9979992706e-01    5.0020007294e-01
    1.262000e+01    4.9981653250e-01    5.0018346750e-01
    1.264000e+01    4.9983293291e-01    5.0016706709e-01
    1.266000e+01    4.9984912962e-01    5.0015087038e-01
    1.268000e+01    4.9986512400e-01    5.0013487600e-01
    1.270000e+01    4.9988091739e-01    5.0011908261e-01
    1.272000e+01    4.9989651113e-01    5.0010348887e-01
    1.274000e+01    4.9991190658e-01    5.0008809342e-01
    1.276000e+01    4.9992710507e-01    5.0007289493e-01
    1.278000e+01    4.9994210795e-01    5.0005789205e-01
    1.280000e+01    4.9995691656e-01    5.0004308344e-01
    1.282000e+01    4.9997153223e-01    5.0002846777e-01
    1.284000e+01    4.9998595632e-01    5.0001404368e-01
    1.286000e+01    5.0000019015e-01    4.9999980985e-01
    1.288000e+01    5.0001423505e-01    4.9998576495e-01
    1.290000e+01    5.0002809236e-01    4.9997190764e-01
    1.292000e+01    5.0004176342e-01    4.9995823658e-01
    1.294000e+01    5.0005524954e-01    4.9994475046e-01
    1.296000e+01    5.0006855205e-01    4.9993144795e-01
    1.298000e+01    5.0008167228e-01    4.9991832772e-01
    1.300000e+01    5.0009461155e-01    4.9990538845e-01
    1.302000e+01    5.0010737117e-01    4.9989262883e-01
    1.304000e+01    5.0011995247e-01    4.9988004753e-01
    1.306000e+01    5.0013235675e-01    4.9986764325e-01
    1.308000e+01    5.0014458534e-01    4.9985541466e-01
    1.310000e+01    5.0015663952e-01    4.9984336048e-01
    1.312000e+01    5.0016852062e-01    4.9983147938e-01
    1.314000e+01    5.0018022994e-01    4.9981977006e-01
    1.316000e+01    5.0019176877e-01    4.9980823123e-01
    1.318000e+01    5.0020313841e-01    4.9979686159e-01
    1.320000e+01    5.0021434016e-01    4.9978565984e-01
    1.322000e+01    5.0022537530e-01    4.9977462470e-01
    1.324000e+01    5.0023624512e-01    4.9976375488e-01
    1.326000e+01    5.0024695091e-01    4.9975304909e-01
    1.328000e+01    5.0025749395e-01    4.9974250605e-01
    1.330000e+01    5.0026787551e-01    4.9973212449e-01
    1.332000e+01    5.0027809687e-01    4.9972190313e-01
    1.334000e+01    5.0028815930e-01    4.9971184070e-01
    1.336000e+01    5.0029806406e-01    4.9970193594e-01
    1.338000e+01    5.0030781242e-01    4.9969218758e-01
    1.340000e+01    5.0031740565e-01    4.9968259435e-01
    1.342000e+01    5.0032684498e-01    4.9967315502e-01
    1.344000e+01    5.0033613168e-01    4.9966386832e-01
    1.346000e+01    5.0034526700e-01    4.9965473300e-01
    1.348000e+01    5.0035425217e-01    4.9964574783e-01
    1.350000e+01    5.0036308844e-01    4.9963691156e-01
    1.352000e+01    5.0037177704e-01    4.9962822296e-01
    1.354000e+01    5.0038031922e-01    4.9961968078e-01
    1.356000e+01    5.0038871618e-01    4.9961128382e-01
    1.358000e+01    5.0039696917e-01    4.9960303083e-01
    1.360000e+01    5.0040507939e-01    4.9959492061e-01
    1.362000e+01    5.0041304806e-01    4.9958695194e-01
    1.364000e+01    5.0042087640e-01    4.9957912360e-01
    1.366000e+01    5.0042856561e-01    4.9957143439e-01
    1.368000e+01    5.0043611690e-01    4.9956388310e-01
    1.370000e+01    5.0044353145e-01    4.9955646855e-01
    1.372000e+01    5.0045081048e-01    4.9954918952e-01
    1.374000e+01    5.0045795515e-01    4.9954204485e-01
    1.376000e+01    5.0046496667e-01    4.9953503333e-01
    1.378000e+01    5.0047184620e-01    4.9952815380e-01
    1.380000e+01    5.0047859493e-01    4.9952140507e-01
    1.382000e+01    5.0048521402e-01    4.9951478598e-01
    1.384000e+01    5.0049170464e-01    4.9950829536e-01
    1.386000e+01    5.0049806795e-01    4.9950193205e-01
    1.388000e+01    5.0050430512e-01    4.9949569488e-01
    1.390000e+01    5.0051041728e-01    4.9948958272e-01
    1.392000e+01    5.0051640559e-01    4.9948359441e-01
    1.394000e+01    5.0052227119e-01    4.9947772881e-01
    1.396000e+01    5.0052801521e-01    4.9947198479e-01
    1.398000e+01    5.0053363879e-01    4.9946636121e-01
    1.400000e+01    5.0053914306e-01    4.9946085694e-01
    1.402000e+01    5.0054452914e-01    4.9945547086e-01
    1.404000e+01    5.0054979814e-01    4.9945020186e-01
    1.406000e+01    5.0055495118e-01    4.9944504882e-01
    1.408000e+01    5.0055998936e-01    4.9944001064e-01
    1.410000e+01    5.0056491379e-01    4.9943508621e-01
    1.412000e+01    5.0056972556e-01    4.9943027444e-01
    1.414000e+01    5.0057442577e-01    4.9942557423e-01
    1.416000e+01    5.0057901550e-01    4.9942098450e-01
    1.418000e+01    5.0058349584e-01    4.9941650416e-01
    1.420000e+01    5.0058786786e-01    4.9941213214e-01
    1.422000e+01    5.0059213263e-01    4.9940786737e-01
    1.424000e+01    5.0059629121e-01    4.9940370879e-01
    1.426000e+01    5.0060034468e-01    4.9939965532e-01
    1.428000e+01    5.0060429408e-01    4.9939570592e-01
    1.430000e+01    5.0060814046e-01    4.9939185954e-01
    1.432000e+01    5.0061188487e-01    4.9938811513e-01
    1.434000e+01    5.0061552835e-01    4.9938447165e-01
    1.436000e+01    5.0061907193e-01    4.9938092807e-01
    1.438000e+01    5.0062251664e-01    4.9937748336e-01
    1.440000e+01    5.0062586351e-01    4.9937413649e-01
    1.442000e+01    5.0062911355e-01    4.9937088645e-01
    1.444000e+01    5.0063226777e-01    4.9936773223e-01
    1.446000e+01    5.0063532719e-01    4.9936467281e-01
    1.448000e+01    5.0063829280e-01    4.9936170720e-01
    1.450000e+01    5.0064116561e-01    4.9935883439e-01
    1.452000e+01    5.0064394659e-01    4.9935605341e-01
    1.454000e+01    5.0064663674e-01    4.9935336326e-01
    1.456000e+01    5.0064923704e-01    4.9935076296e-01
    1.458000e+01    5.0065174846e-01    4.9934825154e-01
    1.460000e+01    5.0065417197e-01    4.9934582803e-01
    1.462000e+01    5.0065650853e-01    4.9934349147e-01
    1.464000e+01    5.0065875911e-01    4.9934124089e-01
    1.466000e+01    5.0066092465e-01    4.9933907535e-01
    1.468000e+01    5.0066300610e-01    4.9933699390e-01
    1.470000e+01    5.0066500441e-01    4.9933499559e-01
    1.472000e+01    5.0066692050e-01    4.9933307950e-01
    1.474000e+01    5.0066875531e-01    4.9933124469e-01
    1.476000e+01    5.0067050977e-01    4.9932949023e-01
    1.478000e+01    5.0067218479e-01    4.9932781521e-01
    1.480000e+01    5.0067378129e-01    4.9932621871e-01
    1.482000e+01    5.0067530017e-01    4.9932469983e-01
    1.484000e+01    5.0067674234e-01    4.9932325766e-01
    1.486000e+01    5.0067810870e-01    4.9932189130e-01
    1.488000e+01    5.0067940013e-01    4.9932059987e-01
    1.490000e+01    5.0068061753e-01    4.9931938247e-01
    1.492000e+01    5.0068176177e-01    4.9931823823e-01
    1.494000e+01    5.0068283372e-01    4.9931716628e-01
    1.496000e+01    5.0068383427e-01    4.9931616573e-01
    1.498000e+01    5.0068476427e-01    4.9931523573e-01
