    0.000000e+00             nan
    2.000000e-02    2.079665e-05
    4.000000e-02    2.612758e-04
    6.000000e-02    1.097789e-03
    8.000000e-02    2.926279e-03
    1.000000e-01    6.065604e-03
    1.200000e-01    1.072082e-02
    1.400000e-01    1.698198e-02
    1.600000e-01    2.484059e-02
    1.800000e-01    3.421418e-02
    2.000000e-01    4.497081e-02
    2.200000e-01    5.694956e-02
    2.400000e-01    6.997531e-02
    2.600000e-01    8.386986e-02
    2.800000e-01    9.845966e-02
    3.000000e-01    1.135807e-01
    3.200000e-01    1.290813e-01
    3.400000e-01    1.448236e-01
    3.600000e-01    1.606840e-01
    3.800000e-01    1.765533e-01
    4.000000e-01    1.923362e-01
    4.200000e-01    2.079515e-01
    4.400000e-01    2.233303e-01
    4.600000e-01    2.384150e-01
    4.800000e-01    2.531585e-01
    5.000000e-01    2.675227e-01
    5.200000e-01    2.814775e-01
    5.400000e-01    2.949994e-01
    5.600000e-01    3.080713e-01
    5.800000e-01    3.206809e-01
    6.000000e-01    3.328204e-01
    6.200000e-01    3.444858e-01
    6.400000e-01    3.556764e-01
    6.600000e-01    3.663948e-01
    6.800000e-01    3.766456e-01
    7.000000e-01    3.864359e-01
    7.200000e-01    3.957743e-01
    7.400000e-01    4.046710e-01
    7.600000e-01    4.131374e-01
    7.800000e-01    4.211857e-01
    8.000000e-01    4.288291e-01
    8.200000e-01    4.360810e-01
    8.400000e-01    4.429550e-01
    8.600000e-01    4.494651e-01
    8.800000e-01    4.556252e-01
    9.000000e-01    4.614492e-01
    9.200000e-01    4.669509e-01
    9.400000e-01    4.721437e-01
    9.600000e-01    4.770410e-01
    9.800000e-01    4.816555e-01
    1.000000e+00    4.860000e-01
    1.020000e+00    4.900866e-01
    1.040000e+00    4.939272e-01
    1.060000e+00    4.975333e-01
    1.080000e+00    5.009161e-01
    1.100000e+00    5.040865e-01
    1.120000e+00    5.070546e-01
    1.140000e+00    5.098305e-01
    1.160000e+00    5.124233e-01
    1.180000e+00    5.148423e-01
    1.200000e+00    5.170958e-01
    1.220000e+00    5.191922e-01
    1.240000e+00    5.211394e-01
    1.260000e+00    5.229448e-01
    1.280000e+00    5.246156e-01
    1.300000e+00    5.261587e-01
    1.320000e+00    5.275807e-01
    1.340000e+00    5.288877e-01
    1.360000e+00    5.300858e-01
    1.380000e+00    5.311807e-01
    1.400000e+00    5.321779e-01
    1.420000e+00    5.330826e-01
    1.440000e+00    5.339000e-01
    1.460000e+00    5.346348e-01
    1.480000e+00    5.352918e-01
    1.500000e+00    5.358754e-01
    1.520000e+00    5.363899e-01
    1.540000e+00    5.368394e-01
    1.560000e+00    5.372279e-01
    1.580000e+00    5.375592e-01
    1.600000e+00    5.378369e-01
    1.620000e+00    5.380645e-01
    1.640000e+00    5.382453e-01
    1.660000e+00    5.383824e-01
    1.680000e+00    5.384789e-01
    1.700000e+00    5.385375e-01
    1.720000e+00    5.385612e-01
    1.740000e+00    5.385525e-01
    1.760000e+00    5.385142e-01
    1.780000e+00    5.384486e-01
    1.800000e+00    5.383583e-01
    1.820000e+00    5.382453e-01
    1.840000e+00    5.381121e-01
    1.860000e+00    5.379608e-01
    1.880000e+00    5.377936e-01
    1.900000e+00    5.376126e-01
    1.920000e+00    5.374198e-01
    1.940000e+00    5.372170e-01
    1.960000e+00    5.370058e-01
    1.980000e+00    5.367878e-01
    2.000000e+00    5.365642e-01
    2.020000e+00    5.363364e-01
    2.040000e+00    5.361054e-01
    2.060000e+00    5.358726e-01
    2.080000e+00    5.356390e-01
    2.100000e+00    5.354058e-01
    2.120000e+00    5.351744e-01
    2.140000e+00    5.349461e-01
    2.160000e+00    5.347222e-01
    2.180000e+00    5.345037e-01
    2.200000e+00    5.342913e-01
    2.220000e+00    5.340860e-01
    2.240000e+00    5.338886e-01
    2.260000e+00    5.337000e-01
    2.280000e+00    5.335207e-01
    2.300000e+00    5.333514e-01
    2.320000e+00    5.331924e-01
    2.340000e+00    5.330442e-01
    2.360000e+00    5.329071e-01
    2.380000e+00    5.327814e-01
    2.400000e+00    5.326674e-01
    2.420000e+00    5.325654e-01
    2.440000e+00    5.324757e-01
    2.460000e+00    5.323983e-01
    2.480000e+00    5.323336e-01
    2.500000e+00    5.322815e-01
    2.520000e+00    5.322423e-01
    2.540000e+00    5.322160e-01
    2.560000e+00    5.322025e-01
    2.580000e+00    5.322020e-01
    2.600000e+00    5.322144e-01
    2.620000e+00    5.322396e-01
    2.640000e+00    5.322775e-01
    2.660000e+00    5.323281e-01
    2.680000e+00    5.323910e-01
    2.700000e+00    5.324664e-01
    2.720000e+00    5.325539e-01
    2.740000e+00    5.326535e-01
    2.760000e+00    5.327649e-01
    2.780000e+00    5.328881e-01
    2.800000e+00    5.330226e-01
    2.820000e+00    5.331683e-01
    2.840000e+00    5.333249e-01
    2.860000e+00    5.334921e-01
    2.880000e+00    5.336696e-01
    2.900000e+00    5.338570e-01
    2.920000e+00    5.340541e-01
    2.940000e+00    5.342606e-01
    2.960000e+00    5.344761e-01
    2.980000e+00    5.347001e-01
    3.000000e+00    5.349324e-01
    3.020000e+00    5.351725e-01
    3.040000e+00    5.354200e-01
    3.060000e+00    5.356746e-01
    3.080000e+00    5.359359e-01
    3.100000e+00    5.362035e-01
    3.120000e+00    5.364772e-01
    3.140000e+00    5.367564e-01
    3.160000e+00    5.370409e-01
    3.180000e+00    5.373303e-01
    3.200000e+00    5.376240e-01
    3.220000e+00    5.379219e-01
    3.240000e+00    5.382234e-01
    3.260000e+00    5.385281e-01
    3.280000e+00    5.388358e-01
    3.300000e+00    5.391461e-01
    3.320000e+00    5.394585e-01
    3.340000e+00    5.397728e-01
    3.360000e+00    5.400886e-01
    3.380000e+00    5.404055e-01
    3.400000e+00    5.407233e-01
    3.420000e+00    5.410416e-01
    3.440000e+00    5.413601e-01
    3.460000e+00    5.416785e-01
    3.480000e+00    5.419965e-01
    3.500000e+00    5.423139e-01
    3.520000e+00    5.426303e-01
    3.540000e+00    5.429455e-01
    3.560000e+00    5.432593e-01
    3.580000e+00    5.435714e-01
    3.600000e+00    5.438815e-01
    3.620000e+00    5.441895e-01
    3.640000e+00    5.444952e-01
    3.660000e+00    5.447982e-01
    3.680000e+00    5.450984e-01
    3.700000e+00    5.453957e-01
    3.720000e+00    5.456898e-01
    3.740000e+00    5.459805e-01
    3.760000e+00    5.462678e-01
    3.780000e+00    5.465514e-01
    3.800000e+00    5.468313e-01
    3.820000e+00    5.471073e-01
    3.840000e+00    5.473792e-01
    3.860000e+00    5.476471e-01
    3.880000e+00    5.479107e-01
    3.900000e+00    5.481700e-01
    3.920000e+00    5.484249e-01
    3.940000e+00    5.486753e-01
    3.960000e+00    5.489212e-01
    3.980000e+00    5.491625e-01
    4.000000e+00    5.493991e-01
    4.020000e+00    5.496311e-01
    4.040000e+00    5.498582e-01
    4.060000e+00    5.500806e-01
    4.080000e+00    5.502982e-01
    4.100000e+00    5.505110e-01
    4.120000e+00    5.507189e-01
    4.140000e+00    5.509220e-01
    4.160000e+00    5.511202e-01
    4.180000e+00    5.513135e-01
    4.200000e+00    5.515020e-01
    4.220000e+00    5.516857e-01
    4.240000e+00    5.518645e-01
    4.260000e+00    5.520386e-01
    4.280000e+00    5.522079e-01
    4.300000e+00    5.523724e-01
    4.320000e+00    5.525322e-01
    4.340000e+00    5.526874e-01
    4.360000e+00    5.528379e-01
    4.380000e+00    5.529838e-01
    4.400000e+00    5.531253e-01
    4.420000e+00    5.532622e-01
    4.440000e+00    5.533947e-01
    4.460000e+00    5.535229e-01
    4.480000e+00    5.536468e-01
    4.500000e+00    5.537664e-01
    4.520000e+00    5.538818e-01
    4.540000e+00    5.539932e-01
    4.560000e+00    5.541006e-01
    4.580000e+00    5.542039e-01
    4.600000e+00    5.543034e-01
    4.620000e+00    5.543992e-01
    4.640000e+00    5.544911e-01
    4.660000e+00    5.545795e-01
    4.680000e+00    5.546643e-01
    4.700000e+00    5.547456e-01
    4.720000e+00    5.548235e-01
    4.740000e+00    5.548981e-01
    4.760000e+00    5.549694e-01
    4.780000e+00    5.550376e-01
    4.800000e+00    5.551027e-01
    4.820000e+00    5.551649e-01
    4.840000e+00    5.552241e-01
    4.860000e+00    5.552806e-01
    4.880000e+00    5.553342e-01
    4.900000e+00    5.553853e-01
    4.920000e+00    5.554337e-01
    4.940000e+00    5.554797e-01
    4.960000e+00    5.555233e-01
    4.980000e+00    5.555645e-01
    5.000000e+00    5.556035e-01
    5.020000e+00    5.556403e-01
    5.040000e+00    5.556750e-01
    5.060000e+00    5.557078e-01
    5.080000e+00    5.557385e-01
    5.100000e+00    5.557674e-01
    5.120000e+00    5.557945e-01
    5.140000e+00    5.558199e-01
    5.160000e+00    5.558437e-01
    5.180000e+00    5.558658e-01
    5.200000e+00    5.558865e-01
    5.220000e+00    5.559057e-01
    5.240000e+00    5.559235e-01
    5.260000e+00    5.559401e-01
    5.280000e+00    5.559553e-01
    5.300000e+00    5.559694e-01
    5.320000e+00    5.559823e-01
    5.340000e+00    5.559942e-01
    5.360000e+00    5.560051e-01
    5.380000e+00    5.560150e-01
    5.400000e+00    5.560240e-01
    5.420000e+00    5.560321e-01
    5.440000e+00    5.560394e-01
    5.460000e+00    5.560460e-01
    5.480000e+00    5.560518e-01
    5.500000e+00    5.560570e-01
    5.520000e+00    5.560616e-01
    5.540000e+00    5.560656e-01
    5.560000e+00    5.560691e-01
    5.580000e+00    5.560720e-01
    5.600000e+00    5.560745e-01
    5.620000e+00    5.560766e-01
    5.640000e+00    5.560783e-01
    5.660000e+00    5.560796e-01
    5.680000e+00    5.560806e-01
    5.700000e+00    5.560813e-01
    5.720000e+00    5.560817e-01
    5.740000e+00    5.560819e-01
    5.760000e+00    5.560819e-01
    5.780000e+00    5.560817e-01
    5.800000e+00    5.560813e-01
    5.820000e+00    5.560808e-01
    5.840000e+00    5.560802e-01
    5.860000e+00    5.560795e-01
    5.880000e+00    5.560786e-01
    5.900000e+00    5.560777e-01
    5.920000e+00    5.560768e-01
    5.940000e+00    5.560758e-01
    5.960000e+00    5.560748e-01
    5.980000e+00    5.560738e-01
    6.000000e+00    5.560728e-01
    6.020000e+00    5.560718e-01
    6.040000e+00    5.560709e-01
    6.060000e+00    5.560699e-01
    6.080000e+00    5.560691e-01
    6.100000e+00    5.560682e-01
    6.120000e+00    5.560675e-01
    6.140000e+00    5.560667e-01
    6.160000e+00    5.560661e-01
    6.180000e+00    5.560655e-01
    6.200000e+00    5.560650e-01
    6.220000e+00    5.560646e-01
    6.240000e+00    5.560643e-01
    6.260000e+00    5.560641e-01
    6.280000e+00    5.560639e-01
    6.300000e+00    5.560638e-01
    6.320000e+00    5.560639e-01
    6.340000e+00    5.560640e-01
    6.360000e+00    5.560642e-01
    6.380000e+00    5.560645e-01
    6.400000e+00    5.560648e-01
    6.420000e+00    5.560653e-01
    6.440000e+00    5.560658e-01
    6.460000e+00    5.560665e-01
    6.480000e+00    5.560672e-01
    6.500000e+00    5.560679e-01
    6.520000e+00    5.560688e-01
    6.540000e+00    5.560697e-01
    6.560000e+00    5.560707e-01
    6.580000e+00    5.560718e-01
    6.600000e+00    5.560729e-01
    6.620000e+00    5.560741e-01
    6.640000e+00    5.560753e-01
    6.660000e+00    5.560766e-01
    6.680000e+00    5.560779e-01
    6.700000e+00    5.560793e-01
    6.720000e+00    5.560807e-01
    6.740000e+00    5.560821e-01
    6.760000e+00    5.560836e-01
    6.780000e+00    5.560851e-01
    6.800000e+00    5.560866e-01
    6.820000e+00    5.560882e-01
    6.840000e+00    5.560897e-01
    6.860000e+00    5.560913e-01
    6.880000e+00    5.560928e-01
    6.900000e+00    5.560944e-01
    6.920000e+00    5.560960e-01
    6.940000e+00    5.560975e-01
    6.960000e+00    5.560991e-01
    6.980000e+00    5.561006e-01
    7.000000e+00    5.561021e-01
    7.020000e+00    5.561036e-01
    7.040000e+00    5.561051e-01
    7.060000e+00    5.561066e-01
    7.080000e+00    5.561080e-01
    7.100000e+00    5.561094e-01
    7.120000e+00    5.561107e-01
    7.140000e+00    5.561120e-01
    7.160000e+00    5.561133e-01
    7.180000e+00    5.561146e-01
    7.200000e+00    5.561158e-01
    7.220000e+00    5.561169e-01
    7.240000e+00    5.561180e-01
    7.260000e+00    5.561190e-01
    7.280000e+00    5.561200e-01
    7.300000e+00    5.561210e-01
    7.320000e+00    5.561219e-01
    7.340000e+00    5.561227e-01
    7.360000e+00    5.561235e-01
    7.380000e+00    5.561242e-01
    7.400000e+00    5.561248e-01
    7.420000e+00    5.561254e-01
    7.440000e+00    5.561260e-01
    7.460000e+00    5.561264e-01
    7.480000e+00    5.561269e-01
    7.500000e+00    5.561272e-01
    7.520000e+00    5.561275e-01
    7.540000e+00    5.561277e-01
    7.560000e+00    5.561279e-01
    7.580000e+00    5.561280e-01
    7.600000e+00    5.561280e-01
    7.620000e+00    5.561280e-01
    7.640000e+00    5.561280e-01
    7.660000e+00    5.561278e-01
    7.680000e+00    5.561276e-01
    7.700000e+00    5.561274e-01
    7.720000e+00    5.561271e-01
    7.740000e+00    5.561267e-01
    7.760000e+00    5.561263e-01
    7.780000e+00    5.561258e-01
    7.800000e+00    5.561253e-01
    7.820000e+00    5.561247e-01
    7.840000e+00    5.561241e-01
    7.860000e+00    5.561234e-01
    7.880000e+00    5.561226e-01
    7.900000e+00    5.561219e-01
    7.920000e+00    5.561210e-01
    7.940000e+00    5.561202e-01
    7.960000e+00    5.561193e-01
    7.980000e+00    5.561183e-01
    8.000000e+00    5.561173e-01
    8.020000e+00    5.561163e-01
    8.040000e+00    5.561153e-01
    8.060000e+00    5.561142e-01
    8.080000e+00    5.561131e-01
    8.100000e+00    5.561119e-01
    8.120000e+00    5.561107e-01
    8.140000e+00    5.561095e-01
    8.160000e+00    5.561083e-01
    8.180000e+00    5.561070e-01
    8.200000e+00    5.561057e-01
    8.220000e+00    5.561044e-01
    8.240000e+00    5.561031e-01
    8.260000e+00    5.561018e-01
    8.280000e+00    5.561004e-01
    8.300000e+00    5.560991e-01
    8.320000e+00    5.560977e-01
    8.340000e+00    5.560963e-01
    8.360000e+00    5.560949e-01
    8.380000e+00    5.560935e-01
    8.400000e+00    5.560921e-01
    8.420000e+00    5.560907e-01
    8.440000e+00    5.560893e-01
    8.460000e+00    5.560879e-01
    8.480000e+00    5.560864e-01
    8.500000e+00    5.560850e-01
    8.520000e+00    5.560836e-01
    8.540000e+00    5.560822e-01
    8.560000e+00    5.560808e-01
    8.580000e+00    5.560794e-01
    8.600000e+00    5.560781e-01
    8.620000e+00    5.560767e-01
    8.640000e+00    5.560753e-01
    8.660000e+00    5.560740e-01
    8.680000e+00    5.560726e-01
    8.700000e+00    5.560713e-01
    8.720000e+00    5.560700e-01
    8.740000e+00    5.560687e-01
    8.760000e+00    5.560674e-01
    8.780000e+00    5.560662e-01
    8.800000e+00    5.560649e-01
    8.820000e+00    5.560637e-01
    8.840000e+00    5.560625e-01
    8.860000e+00    5.560613e-01
    8.880000e+00    5.560602e-01
    8.900000e+00    5.560591e-01
    8.920000e+00    5.560579e-01
    8.940000e+00    5.560569e-01
    8.960000e+00    5.560558e-01
    8.980000e+00    5.560548e-01
    9.000000e+00    5.560537e-01
    9.020000e+00    5.560527e-01
    9.040000e+00    5.560518e-01
    9.060000e+00    5.560508e-01
    9.080000e+00    5.560499e-01
    9.100000e+00    5.560490e-01
    9.120000e+00    5.560482e-01
    9.140000e+00    5.560473e-01
    9.160000e+00    5.560465e-01
    9.180000e+00    5.560458e-01
    9.200000e+00    5.560450e-01
    9.220000e+00    5.560443e-01
    9.240000e+00    5.560436e-01
    9.260000e+00    5.560429e-01
    9.280000e+00    5.560423e-01
    9.300000e+00    5.560416e-01
    9.320000e+00    5.560410e-01
    9.340000e+00    5.560405e-01
    9.360000e+00    5.560399e-01
    9.380000e+00    5.560394e-01
    9.400000e+00    5.560389e-01
    9.420000e+00    5.560385e-01
    9.440000e+00    5.560380e-01
    9.460000e+00    5.560376e-01
    9.480000e+00    5.560372e-01
    9.500000e+00    5.560369e-01
    9.520000e+00    5.560365e-01
    9.540000e+00    5.560362e-01
    9.560000e+00    5.560359e-01
    9.580000e+00    5.560357e-01
    9.600000e+00    5.560354e-01
    9.620000e+00    5.560352e-01
    9.640000e+00    5.560350e-01
    9.660000e+00    5.560348e-01
    9.680000e+00    5.560347e-01
    9.700000e+00    5.560345e-01
    9.720000e+00    5.560344e-01
    9.740000e+00    5.560343e-01
    9.760000e+00    5.560343e-01
    9.780000e+00    5.560342e-01
    9.800000e+00    5.560342e-01
    9.820000e+00    5.560342e-01
    9.840000e+00    5.560342e-01
    9.860000e+00    5.560342e-01
    9.880000e+00    5.560342e-01
    9.900000e+00    5.560343e-01
    9.920000e+00    5.560343e-01
    9.940000e+00    5.560344e-01
    9.960000e+00    5.560345e-01
    9.980000e+00    5.560346e-01
    1.000000e+01    5.560347e-01
    1.002000e+01    5.560349e-01
    1.004000e+01    5.560350e-01
    1.006000e+01    5.560352e-01
    1.008000e+01    5.560354e-01
    1.010000e+01    5.560355e-01
    1.012000e+01    5.560357e-01
    1.014000e+01    5.560360e-01
    1.016000e+01    5.560362e-01
    1.018000e+01    5.560364e-01
    1.020000e+01    5.560366e-01
    1.022000e+01    5.560369e-01
    1.024000e+01    5.560371e-01
    1.026000e+01    5.560374e-01
    1.028000e+01    5.560377e-01
    1.030000e+01    5.560380e-01
    1.032000e+01    5.560382e-01
    1.034000e+01    5.560385e-01
    1.036000e+01    5.560388e-01
    1.038000e+01    5.560391e-01
    1.040000e+01    5.560394e-01
    1.042000e+01    5.560397e-01
    1.044000e+01    5.560401e-01
    1.046000e+01    5.560404e-01
    1.048000e+01    5.560407e-01
    1.050000e+01    5.560410e-01
    1.052000e+01    5.560414e-01
    1.054000e+01    5.560417e-01
    1.056000e+01    5.560420e-01
    1.058000e+01    5.560424e-01
    1.060000e+01    5.560427e-01
    1.062000e+01    5.560431e-01
    1.064000e+01    5.560434e-01
    1.066000e+01    5.560437e-01
    1.068000e+01    5.560441e-01
    1.070000e+01    5.560444e-01
    1.072000e+01    5.560448e-01
    1.074000e+01    5.560451e-01
    1.076000e+01    5.560455e-01
    1.078000e+01    5.560458e-01
    1.080000e+01    5.560461e-01
    1.082000e+01    5.560465e-01
    1.084000e+01    5.560468e-01
    1.086000e+01    5.560472e-01
    1.088000e+01    5.560475e-01
    1.090000e+01    5.560479e-01
    1.092000e+01    5.560482e-01
    1.094000e+01    5.560485e-01
    1.096000e+01    5.560489e-01
    1.098000e+01    5.560492e-01
    1.100000e+01    5.560495e-01
    1.102000e+01    5.560498e-01
    1.104000e+01    5.560502e-01
    1.106000e+01    5.560505e-01
    1.108000e+01    5.560508e-01
    1.110000e+01    5.560511e-01
    1.112000e+01    5.560514e-01
    1.114000e+01    5.560517e-01
    1.116000e+01    5.560520e-01
    1.118000e+01    5.560523e-01
    1.120000e+01    5.560526e-01
    1.122000e+01    5.560529e-01
    1.124000e+01    5.560532e-01
    1.126000e+01    5.560535e-01
    1.128000e+01    5.560538e-01
    1.130000e+01    5.560541e-01
    1.132000e+01    5.560544e-01
    1.134000e+01    5.560546e-01
    1.136000e+01    5.560549e-01
    1.138000e+01    5.560552e-01
    1.140000e+01    5.560554e-01
    1.142000e+01    5.560557e-01
    1.144000e+01    5.560559e-01
    1.146000e+01    5.560562e-01
    1.148000e+01    5.560564e-01
    1.150000e+01    5.560567e-01
    1.152000e+01    5.560569e-01
    1.154000e+01    5.560572e-01
    1.156000e+01    5.560574e-01
    1.158000e+01    5.560576e-01
    1.160000e+01    5.560578e-01
    1.162000e+01    5.560581e-01
    1.164000e+01    5.560583e-01
    1.166000e+01    5.560585e-01
    1.168000e+01    5.560587e-01
    1.170000e+01    5.560589e-01
    1.172000e+01    5.560591e-01
    1.174000e+01    5.560593e-01
    1.176000e+01    5.560595e-01
    1.178000e+01    5.560597e-01
    1.180000e+01    5.560599e-01
    1.182000e+01    5.560601e-01
    1.184000e+01    5.560602e-01
    1.186000e+01    5.560604e-01
    1.188000e+01    5.560606e-01
    1.190000e+01    5.560608e-01
    1.192000e+01    5.560609e-01
    1.194000e+01    5.560611e-01
    1.196000e+01    5.560612e-01
    1.198000e+01    5.560614e-01
    1.200000e+01    5.560615e-01
    1.202000e+01    5.560617e-01
    1.204000e+01    5.560618e-01
    1.206000e+01    5.560620e-01
    1.208000e+01    5.560621e-01
    1.210000e+01    5.560623e-01
    1.212000e+01    5.560624e-01
    1.214000e+01    5.560625e-01
    1.216000e+01    5.560627e-01
    1.218000e+01    5.560628e-01
    1.220000e+01    5.560629e-01
    1.222000e+01    5.560630e-01
    1.224000e+01    5.560631e-01
    1.226000e+01    5.560632e-01
    1.228000e+01    5.560634e-01
    1.230000e+01    5.560635e-01
    1.232000e+01    5.560636e-01
    1.234000e+01    5.560637e-01
    1.236000e+01    5.560638e-01
    1.238000e+01    5.560639e-01
    1.240000e+01    5.560640e-01
    1.242000e+01    5.560640e-01
    1.244000e+01    5.560641e-01
    1.246000e+01    5.560642e-01
    1.248000e+01    5.560643e-01
    1.250000e+01    5.560644e-01
    1.252000e+01    5.560645e-01
    1.254000e+01    5.560645e-01
    1.256000e+01    5.560646e-01
    1.258000e+01    5.560647e-01
    1.260000e+01    5.560648e-01
    1.262000e+01    5.560648e-01
    1.264000e+01    5.560649e-01
    1.266000e+01    5.560650e-01
    1.268000e+01    5.560650e-01
    1.270000e+01    5.560651e-01
    1.272000e+01    5.560652e-01
    1.274000e+01    5.560652e-01
    1.276000e+01    5.560653e-01
    1.278000e+01    5.560653e-01
    1.280000e+01    5.560654e-01
    1.282000e+01    5.560654e-01
    1.284000e+01    5.560655e-01
    1.286000e+01    5.560655e-01
    1.288000e+01    5.560656e-01
    1.290000e+01    5.560656e-01
    1.292000e+01    5.560656e-01
    1.294000e+01    5.560657e-01
    1.296000e+01    5.560657e-01
    1.298000e+01    5.560658e-01
    1.300000e+01    5.560658e-01
    1.302000e+01    5.560658e-01
    1.304000e+01    5.560659e-01
    1.306000e+01    5.560659e-01
    1.308000e+01    5.560659e-01
    1.310000e+01    5.560659e-01
    1.312000e+01    5.560660e-01
    1.314000e+01    5.560660e-01
    1.316000e+01    5.560660e-01
    1.318000e+01    5.560660e-01
    1.320000e+01    5.560661e-01
    1.322000e+01    5.560661e-01
    1.324000e+01    5.560661e-01
    1.326000e+01    5.560661e-01
    1.328000e+01    5.560661e-01
    1.330000e+01    5.560662e-01
    1.332000e+01    5.560662e-01
    1.334000e+01    5.560662e-01
    1.336000e+01    5.560662e-01
    1.338000e+01    5.560662e-01
    1.340000e+01    5.560662e-01
    1.342000e+01    5.560662e-01
    1.344000e+01    5.560662e-01
    1.346000e+01    5.560662e-01
    1.348000e+01    5.560663e-01
    1.350000e+01    5.560663e-01
    1.352000e+01    5.560663e-01
    1.354000e+01    5.560663e-01
    1.356000e+01    5.560663e-01
    1.358000e+01    5.560663e-01
    1.360000e+01    5.560663e-01
    1.362000e+01    5.560663e-01
    1.364000e+01    5.560663e-01
    1.366000e+01    5.560663e-01
    1.368000e+01    5.560663e-01
    1.370000e+01    5.560663e-01
    1.372000e+01    5.560663e-01
    1.374000e+01    5.560663e-01
    1.376000e+01    5.560663e-01
    1.378000e+01    5.560663e-01
    1.380000e+01    5.560662e-01
    1.382000e+01    5.560662e-01
    1.384000e+01    5.560662e-01
    1.386000e+01    5.560662e-01
    1.388000e+01    5.560662e-01
    1.390000e+01    5.560662e-01
    1.392000e+01    5.560662e-01
    1.394000e+01    5.560662e-01
    1.396000e+01    5.560662e-01
    1.398000e+01    5.560662e-01
    1.400000e+01    5.560662e-01
    1.402000e+01    5.560661e-01
    1.404000e+01    5.560661e-01
    1.406000e+01    5.560661e-01
    1.408000e+01    5.560661e-01
    1.410000e+01    5.560661e-01
    1.412000e+01    5.560661e-01
    1.414000e+01    5.560661e-01
    1.416000e+01    5.560661e-01
    1.418000e+01    5.560660e-01
    1.420000e+01    5.560660e-01
    1.422000e+01    5.560660e-01
    1.424000e+01    5.560660e-01
    1.426000e+01    5.560660e-01
    1.428000e+01    5.560660e-01
    1.430000e+01    5.560659e-01
    1.432000e+01    5.560659e-01
    1.434000e+01    5.560659e-01
    1.436000e+01    5.560659e-01
    1.438000e+01    5.560659e-01
    1.440000e+01    5.560659e-01
    1.442000e+01    5.560658e-01
    1.444000e+01    5.560658e-01
    1.446000e+01    5.560658e-01
    1.448000e+01    5.560658e-01
    1.450000e+01    5.560658e-01
    1.452000e+01    5.560657e-01
    1.454000e+01    5.560657e-01
    1.456000e+01    5.560657e-01
    1.458000e+01    5.560657e-01
    1.460000e+01    5.560657e-01
    1.462000e+01    5.560657e-01
    1.464000e+01    5.560656e-01
    1.466000e+01    5.560656e-01
    1.468000e+01    5.560656e-01
    1.470000e+01    5.560656e-01
    1.472000e+01    5.560656e-01
    1.474000e+01    5.560655e-01
    1.476000e+01    5.560655e-01
    1.478000e+01    5.560655e-01
    1.480000e+01    5.560655e-01
    1.482000e+01    5.560655e-01
    1.484000e+01    5.560654e-01
    1.486000e+01    5.560654e-01
    1.488000e+01    5.560654e-01
    1.490000e+01    5.560654e-01
    1.492000e+01    5.560654e-01
    1.494000e+01    5.560654e-01
    1.496000e+01    5.560653e-01
    1.498000e+01    5.560653e-01
