    0.000000e+00    1.0000000000e+00    0.0000000000e+00
    2.000000e-02    9.9960053860e-01    3.9946139842e-04
    4.000000e-02    9.9840844240e-01    1.5915576036e-03
    6.000000e-02    9.9644192488e-01    3.5580751191e-03
    8.000000e-02    9.9372937207e-01    6.2706279292e-03
    1.000000e-01    9.9030696299e-01    9.6930370142e-03
    1.200000e-01    9.8621642351e-01    1.3783576488e-02
    1.400000e-01    9.8150323179e-01    1.8496768207e-02
    1.600000e-01    9.7621518494e-01    2.3784815065e-02
    1.800000e-01    9.7040123743e-01    2.9598762574e-02
    2.000000e-01    9.6411054735e-01    3.5889452648e-02
    2.200000e-01    9.5739168216e-01    4.2608317844e-02
    2.400000e-01    9.5029194902e-01    4.9708050983e-02
    2.600000e-01    9.4285684680e-01    5.7143153205e-02
    2.800000e-01    9.3512965492e-01    6.4870345080e-02
    3.000000e-01    9.2715115334e-01    7.2848846659e-02
    3.200000e-01    9.1895945748e-01    8.1040542521e-02
    3.400000e-01    9.1058994621e-01    8.9410053785e-02
    3.600000e-01    9.0207526064e-01    9.7924739357e-02
    3.800000e-01    8.9344535773e-01    1.0655464227e-01
    4.000000e-01    8.8472760529e-01    1.1527239471e-01
    4.200000e-01    8.7594690616e-01    1.2405309384e-01
    4.400000e-01    8.6712583854e-01    1.3287416146e-01
    4.600000e-01    8.5828480307e-01    1.4171519693e-01
    4.800000e-01    8.4944217088e-01    1.5055782912e-01
    5.000000e-01    8.4061442706e-01    1.5938557294e-01
    5.200000e-01    8.3181631108e-01    1.6818368892e-01
    5.400000e-01    8.2306095143e-01    1.7693904857e-01
    5.600000e-01    8.1435999012e-01    1.8564000988e-01
    5.800000e-01    8.0572369737e-01    1.9427630263e-01
    6.000000e-01    7.9716107892e-01    2.0283892108e-01
    6.200000e-01    7.8867997885e-01    2.1132002115e-01
    6.400000e-01    7.8028717966e-01    2.1971282034e-01
    6.600000e-01    7.7198849896e-01    2.2801150104e-01
    6.800000e-01    7.6378888183e-01    2.3621111817e-01
    7.000000e-01    7.5569248892e-01    2.4430751108e-01
    7.200000e-01    7.4770277953e-01    2.5229722047e-01
    7.400000e-01    7.3982258853e-01    2.6017741147e-01
    7.600000e-01    7.3205419711e-01    2.6794580289e-01
    7.800000e-01    7.2439939849e-01    2.7560060151e-01
    8.000000e-01    7.1685955678e-01    2.8314044322e-01
    8.200000e-01    7.0943565794e-01    2.9056434206e-01
    8.400000e-01    7.0212835486e-01    2.9787164514e-01
    8.600000e-01    6.9493800884e-01    3.0506199116e-01
    8.800000e-01    6.8786472767e-01    3.1213527233e-01
    9.000000e-01    6.8090840033e-01    3.1909159967e-01
    9.200000e-01    6.7406872779e-01    3.2593127221e-01
    9.400000e-01    6.6734525016e-01    3.3265474984e-01
    9.600000e-01    6.6073737050e-01    3.3926262950e-01
    9.800000e-01    6.5424437584e-01    3.4575562416e-01
    1.000000e+00    6.4786545568e-01    3.5213454432e-01
    1.020000e+00    6.4159971831e-01    3.5840028169e-01
    1.040000e+00    6.3544620488e-01    3.6455379512e-01
    1.060000e+00    6.2940390147e-01    3.7059609853e-01
    1.080000e+00    6.2347174969e-01    3.7652825031e-01
    1.100000e+00    6.1764865652e-01    3.8235134348e-01
    1.120000e+00    6.1193350336e-01    3.8806649664e-01
    1.140000e+00    6.0632515403e-01    3.9367484597e-01
    1.160000e+00    6.0082246169e-01    3.9917753831e-01
    1.180000e+00    5.9542427461e-01    4.0457572539e-01
    1.200000e+00    5.9012944102e-01    4.0987055898e-01
    1.220000e+00    5.8493681328e-01    4.1506318672e-01
    1.240000e+00    5.7984525136e-01    4.2015474864e-01
    1.260000e+00    5.7485362570e-01    4.2514637430e-01
    1.280000e+00    5.6996081973e-01    4.3003918027e-01
    1.300000e+00    5.6516573179e-01    4.3483426821e-01
    1.320000e+00    5.6046727663e-01    4.3953272337e-01
    1.340000e+00    5.5586438652e-01    4.4413561348e-01
    1.360000e+00    5.5135601192e-01    4.4864398808e-01
    1.380000e+00    5.4694112182e-01    4.5305887818e-01
    1.400000e+00    5.4261870385e-01    4.5738129615e-01
    1.420000e+00    5.3838776412e-01    4.6161223588e-01
    1.440000e+00    5.3424732695e-01    4.6575267305e-01
    1.460000e+00    5.3019643435e-01    4.6980356565e-01
    1.480000e+00    5.2623414548e-01    4.7376585452e-01
    1.500000e+00    5.2235953598e-01    4.7764046402e-01
    1.520000e+00    5.1857169796e-01    4.8142830204e-01
    1.540000e+00    5.1486974012e-01    4.8513025988e-01
    1.560000e+00    5.1125278726e-01    4.8874721274e-01
    1.580000e+00    5.0771997947e-01    4.9228002053e-01
    1.600000e+00    5.0427047091e-01    4.9572952909e-01
    1.620000e+00    5.0090342828e-01    4.9909657172e-01
    1.640000e+00    4.9761802892e-01    5.0238197108e-01
    1.660000e+00    4.9441345907e-01    5.0558654093e-01
    1.680000e+00    4.9128891239e-01    5.0871108761e-01
    1.700000e+00    4.8824358887e-01    5.1175641113e-01
    1.720000e+00    4.8527669405e-01    5.1472330595e-01
    1.740000e+00    4.8238743841e-01    5.1761256159e-01
    1.760000e+00    4.7957503690e-01    5.2042496310e-01
    1.780000e+00    4.7683870873e-01    5.2316129127e-01
    1.800000e+00    4.7417767705e-01    5.2582232295e-01
    1.820000e+00    4.7159116850e-01    5.2840883150e-01
    1.840000e+00    4.6907841261e-01    5.3092158739e-01
    1.860000e+00    4.6663864116e-01    5.3336135884e-01
    1.880000e+00    4.6427108739e-01    5.3572891261e-01
    1.900000e+00    4.6197498535e-01    5.3802501465e-01
    1.920000e+00    4.5974956917e-01    5.4025043083e-01
    1.940000e+00    4.5759407251e-01    5.4240592749e-01
    1.960000e+00    4.5550772802e-01    5.4449227198e-01
    1.980000e+00    4.5348976691e-01    5.4651023309e-01
    2.000000e+00    4.5153941852e-01    5.4846058148e-01
    2.020000e+00    4.4965591000e-01    5.5034409000e-01
    2.040000e+00    4.4783846603e-01    5.5216153397e-01
    2.060000e+00    4.4608630864e-01    5.5391369136e-01
    2.080000e+00    4.4439865706e-01    5.5560134294e-01
    2.100000e+00    4.4277472764e-01    5.5722527236e-01
    2.120000e+00    4.4121373403e-01    5.5878626597e-01
    2.140000e+00    4.3971488725e-01    5.6028511275e-01
    2.160000e+00    4.3827739561e-01    5.6172260439e-01
    2.180000e+00    4.3690046444e-01    5.6309953556e-01
    2.200000e+00    4.3558329604e-01    5.6441670396e-01
    2.220000e+00    4.3432508987e-01    5.6567491013e-01
    2.240000e+00    4.3312504253e-01    5.6687495747e-01
    2.260000e+00    4.3198234779e-01    5.6801765221e-01
    2.280000e+00    4.3089619651e-01    5.6910380349e-01
    2.300000e+00    4.2986577665e-01    5.7013422335e-01
    2.320000e+00    4.2889027338e-01    5.7110972662e-01
    2.340000e+00    4.2796886920e-01    5.7203113080e-01
    2.360000e+00    4.2710074419e-01    5.7289925581e-01
    2.380000e+00    4.2628507617e-01    5.7371492383e-01
    2.400000e+00    4.2552104099e-01    5.7447895901e-01
    2.420000e+00    4.2480781273e-01    5.7519218727e-01
    2.440000e+00    4.2414456390e-01    5.7585543610e-01
    2.460000e+00    4.2353046570e-01    5.7646953430e-01
    2.480000e+00    4.2296468823e-01    5.7703531177e-01
    2.500000e+00    4.2244640075e-01    5.7755359925e-01
    2.520000e+00    4.2197477195e-01    5.7802522805e-01
    2.540000e+00    4.2154897021e-01    5.7845102979e-01
    2.560000e+00    4.2116816388e-01    5.7883183612e-01
    2.580000e+00    4.2083152144e-01    5.7916847856e-01
    2.600000e+00    4.2053821167e-01    5.7946178833e-01
    2.620000e+00    4.2028740378e-01    5.7971259622e-01
    2.640000e+00    4.2007826762e-01    5.7992173238e-01
    2.660000e+00    4.1990997407e-01    5.8009002593e-01
    2.680000e+00    4.1978169536e-01    5.8021830464e-01
    2.700000e+00    4.1969260545e-01    5.8030739455e-01
    2.720000e+00    4.1964188046e-01    5.8035811954e-01
    2.740000e+00    4.1962869892e-01    5.8037130108e-01
    2.760000e+00    4.1965224208e-01    5.8034775792e-01
    2.780000e+00    4.1971169408e-01    5.8028830592e-01
    2.800000e+00    4.1980624218e-01    5.8019375782e-01
    2.820000e+00    4.1993507681e-01    5.8006492319e-01
    2.840000e+00    4.2009739186e-01    5.7990260814e-01
    2.860000e+00    4.2029238472e-01    5.7970761528e-01
    2.880000e+00    4.2051925660e-01    5.7948074340e-01
    2.900000e+00    4.2077721264e-01    5.7922278736e-01
    2.920000e+00    4.2106546214e-01    5.7893453786e-01
    2.940000e+00    4.2138321879e-01    5.7861678121e-01
    2.960000e+00    4.2172970078e-01    5.7827029922e-01
    2.980000e+00    4.2210413102e-01    5.7789586898e-01
    3.000000e+00    4.2250573729e-01    5.7749426271e-01
    3.020000e+00    4.2293375242e-01    5.7706624758e-01
    3.040000e+00    4.2338741451e-01    5.7661258549e-01
    3.060000e+00    4.2386596719e-01    5.7613403281e-01
    3.080000e+00    4.2436865977e-01    5.7563134023e-01
    3.100000e+00    4.2489474743e-01    5.7510525257e-01
    3.120000e+00    4.2544349125e-01    5.7455650875e-01
    3.140000e+00    4.2601415827e-01    5.7398584173e-01
    3.160000e+00    4.2660602164e-01    5.7339397836e-01
    3.180000e+00    4.2721836067e-01    5.7278163933e-01
    3.200000e+00    4.2785046101e-01    5.7214953899e-01
    3.220000e+00    4.2850161479e-01    5.7149838521e-01
    3.240000e+00    4.2917112077e-01    5.7082887923e-01
    3.260000e+00    4.2985828449e-01    5.7014171551e-01
    3.280000e+00    4.3056241843e-01    5.6943758157e-01
    3.300000e+00    4.3128284215e-01    5.6871715785e-01
    3.320000e+00    4.3201888244e-01    5.6798111756e-01
    3.340000e+00    4.3276987348e-01    5.6723012652e-01
    3.360000e+00    4.3353515693e-01    5.6646484307e-01
    3.380000e+00    4.3431408214e-01    5.6568591786e-01
    3.400000e+00    4.3510600621e-01    5.6489399379e-01
    3.420000e+00    4.3591029414e-01    5.6408970586e-01
    3.440000e+00    4.3672631893e-01    5.6327368107e-01
    3.460000e+00    4.3755346170e-01    5.6244653830e-01
    3.480000e+00    4.3839111181e-01    5.6160888819e-01
    3.500000e+00    4.3923866696e-01    5.6076133304e-01
    3.520000e+00    4.4009553329e-01    5.5990446671e-01
    3.540000e+00    4.4096112548e-01    5.5903887452e-01
    3.560000e+00    4.4183486683e-01    5.5816513317e-01
    3.580000e+00    4.4271618935e-01    5.5728381065e-01
    3.600000e+00    4.4360453381e-01    5.5639546619e-01
    3.620000e+00    4.4449934980e-01    5.5550065020e-01
    3.640000e+00    4.4540009582e-01    5.5459990418e-01
    3.660000e+00    4.4630623928e-01    5.5369376072e-01
    3.680000e+00    4.4721725663e-01    5.5278274337e-01
    3.700000e+00    4.4813263331e-01    5.5186736669e-01
    3.720000e+00    4.4905186389e-01    5.5094813611e-01
    3.740000e+00    4.4997445205e-01    5.5002554795e-01
    3.760000e+00    4.5089991062e-01    5.4910008938e-01
    3.780000e+00    4.5182776164e-01    5.4817223836e-01
    3.800000e+00    4.5275753635e-01    5.4724246365e-01
    3.820000e+00    4.5368877520e-01    5.4631122480e-01
    3.840000e+00    4.5462102791e-01    5.4537897209e-01
    3.860000e+00    4.5555385342e-01    5.4444614658e-01
    3.880000e+00    4.5648681993e-01    5.4351318007e-01
    3.900000e+00    4.5741950486e-01    5.4258049514e-01
    3.920000e+00    4.5835149490e-01    5.4164850510e-01
    3.940000e+00    4.5928238593e-01    5.4071761407e-01
    3.960000e+00    4.6021178305e-01    5.3978821695e-01
    3.980000e+00    4.6113930054e-01    5.3886069946e-01
    4.000000e+00    4.6206456184e-01    5.3793543816e-01
    4.020000e+00    4.6298719953e-01    5.3701280047e-01
    4.040000e+00    4.6390685528e-01    5.3609314472e-01
    4.060000e+00    4.6482317981e-01    5.3517682019e-01
    4.080000e+00    4.6573583289e-01    5.3426416711e-01
    4.100000e+00    4.6664448326e-01    5.3335551674e-01
    4.120000e+00    4.6754880857e-01    5.3245119143e-01
    4.140000e+00    4.6844849540e-01    5.3155150460e-01
    4.160000e+00    4.6934323913e-01    5.3065676087e-01
    4.180000e+00    4.7023274392e-01    5.2976725608e-01
    4.200000e+00    4.7111672266e-01    5.2888327734e-01
    4.220000e+00    4.7199489689e-01    5.2800510311e-01
    4.240000e+00    4.7286699676e-01    5.2713300324e-01
    4.260000e+00    4.7373276094e-01    5.2626723906e-01
    4.280000e+00    4.7459193656e-01    5.2540806344e-01
    4.300000e+00    4.7544427916e-01    5.2455572084e-01
    4.320000e+00    4.7628955259e-01    5.2371044741e-01
    4.340000e+00    4.7712752894e-01    5.2287247106e-01
    4.360000e+00    4.7795798848e-01    5.2204201152e-01
    4.380000e+00    4.7878071957e-01    5.2121928043e-01
    4.400000e+00    4.7959551859e-01    5.2040448141e-01
    4.420000e+00    4.8040218983e-01    5.1959781017e-01
    4.440000e+00    4.8120054544e-01    5.1879945456e-01
    4.460000e+00    4.8199040533e-01    5.1800959467e-01
    4.480000e+00    4.8277159707e-01    5.1722840293e-01
    4.500000e+00    4.8354395582e-01    5.1645604418e-01
    4.520000e+00    4.8430732425e-01    5.1569267575e-01
    4.540000e+00    4.8506155241e-01    5.1493844759e-01
    4.560000e+00    4.8580649768e-01    5.1419350232e-01
    4.580000e+00    4.8654202463e-01    5.1345797537e-01
    4.600000e+00    4.8726800498e-01    5.1273199502e-01
    4.620000e+00    4.8798431745e-01    5.1201568255e-01
    4.640000e+00    4.8869084770e-01    5.1130915230e-01
    4.660000e+00    4.8938748820e-01    5.1061251180e-01
    4.680000e+00    4.9007413818e-01    5.0992586182e-01
    4.700000e+00    4.9075070346e-01    5.0924929654e-01
    4.720000e+00    4.9141709641e-01    5.0858290359e-01
    4.740000e+00    4.9207323582e-01    5.0792676418e-01
    4.760000e+00    4.9271904679e-01    5.0728095321e-01
    4.780000e+00    4.9335446065e-01    5.0664553935e-01
    4.800000e+00    4.9397941485e-01    5.0602058515e-01
    4.820000e+00    4.9459385284e-01    5.0540614716e-01
    4.840000e+00    4.9519772397e-01    5.0480227603e-01
    4.860000e+00    4.9579098340e-01    5.0420901660e-01
    4.880000e+00    4.9637359201e-01    5.0362640799e-01
    4.900000e+00    4.9694551622e-01    5.0305448378e-01
    4.920000e+00    4.9750672800e-01    5.0249327200e-01
    4.940000e+00    4.9805720464e-01    5.0194279536e-01
    4.960000e+00    4.9859692875e-01    5.0140307125e-01
    4.980000e+00    4.9912588808e-01    5.0087411192e-01
    5.000000e+00    4.9964407546e-01    5.0035592454e-01
    5.020000e+00    5.0015148869e-01    4.9984851131e-01
    5.040000e+00    5.0064813039e-01    4.9935186961e-01
    5.060000e+00    5.0113400794e-01    4.9886599206e-01
    5.080000e+00    5.0160913339e-01    4.9839086661e-01
    5.100000e+00    5.0207352330e-01    4.9792647670e-01
    5.120000e+00    5.0252719866e-01    4.9747280134e-01
    5.140000e+00    5.0297018480e-01    4.9702981520e-01
    5.160000e+00    5.0340251127e-01    4.9659748873e-01
    5.180000e+00    5.0382421174e-01    4.9617578826e-01
    5.200000e+00    5.0423532391e-01    4.9576467609e-01
    5.220000e+00    5.0463588937e-01    4.9536411063e-01
    5.240000e+00    5.0502595354e-01    4.9497404646e-01
    5.260000e+00    5.0540556555e-01    4.9459443445e-01
    5.280000e+00    5.0577477813e-01    4.9422522187e-01
    5.300000e+00    5.0613364753e-01    4.9386635247e-01
    5.320000e+00    5.0648223341e-01    4.9351776659e-01
    5.340000e+00    5.0682059872e-01    4.9317940128e-01
    5.360000e+00    5.0714880965e-01    4.9285119035e-01
    5.380000e+00    5.0746693547e-01    4.9253306453e-01
    5.400000e+00    5.0777504849e-01    4.9222495151e-01
    5.420000e+00    5.0807322391e-01    4.9192677609e-01
    5.440000e+00    5.0836153979e-01    4.9163846021e-01
    5.460000e+00    5.0864007687e-01    4.9135992313e-01
    5.480000e+00    5.0890891856e-01    4.9109108144e-01
    5.500000e+00    5.0916815079e-01    4.9083184921e-01
    5.520000e+00    5.0941786195e-01    4.9058213805e-01
    5.540000e+00    5.0965814276e-01    4.9034185724e-01
    5.560000e+00    5.0988908622e-01    4.9011091378e-01
    5.580000e+00    5.1011078751e-01    4.8988921249e-01
    5.600000e+00    5.1032334388e-01    4.8967665612e-01
    5.620000e+00    5.1052685460e-01    4.8947314540e-01
    5.640000e+00    5.1072142082e-01    4.8927857918e-01
    5.660000e+00    5.1090714553e-01    4.8909285447e-01
    5.680000e+00    5.1108413348e-01    4.8891586652e-01
    5.700000e+00    5.1125249103e-01    4.8874750897e-01
    5.720000e+00    5.1141232615e-01    4.8858767385e-01
    5.740000e+00    5.1156374830e-01    4.8843625170e-01
    5.760000e+00    5.1170686834e-01    4.8829313166e-01
    5.780000e+00    5.1184179846e-01    4.8815820154e-01
    5.800000e+00    5.1196865212e-01    4.8803134788e-01
    5.820000e+00    5.1208754394e-01    4.8791245606e-01
    5.840000e+00    5.1219858964e-01    4.8780141036e-01
    5.860000e+00    5.1230190599e-01    4.8769809401e-01
    5.880000e+00    5.1239761069e-01    4.8760238931e-01
    5.900000e+00    5.1248582232e-01    4.8751417768e-01
    5.920000e+00    5.1256666028e-01    4.8743333972e-01
    5.940000e+00    5.1264024470e-01    4.8735975530e-01
    5.960000e+00    5.1270669639e-01    4.8729330361e-01
    5.980000e+00    5.1276613674e-01    4.8723386326e-01
    6.000000e+00    5.1281868769e-01    4.8718131231e-01
    6.020000e+00    5.1286447164e-01    4.8713552836e-01
    6.040000e+00    5.1290361142e-01    4.8709638858e-01
    6.060000e+00    5.1293623017e-01    4.8706376983e-01
    6.080000e+00    5.1296245132e-01    4.8703754868e-01
    6.100000e+00    5.1298239852e-01    4.8701760148e-01
    6.120000e+00    5.1299619559e-01    4.8700380441e-01
    6.140000e+00    5.1300396644e-01    4.8699603356e-01
    6.160000e+00    5.1300583502e-01    4.8699416498e-01
    6.180000e+00    5.1300192527e-01    4.8699807473e-01
    6.200000e+00    5.1299236108e-01    4.8700763892e-01
    6.220000e+00    5.1297726620e-01    4.8702273380e-01
    6.240000e+00    5.1295676422e-01    4.8704323578e-01
    6.260000e+00    5.1293097849e-01    4.8706902151e-01
    6.280000e+00    5.1290003211e-01    4.8709996789e-01
    6.300000e+00    5.1286404784e-01    4.8713595216e-01
    6.320000e+00    5.1282314808e-01    4.8717685192e-01
    6.340000e+00    5.1277745481e-01    4.8722254519e-01
    6.360000e+00    5.1272708954e-01    4.8727291046e-01
    6.380000e+00    5.1267217330e-01    4.8732782670e-01
    6.400000e+00    5.1261282654e-01    4.8738717346e-01
    6.420000e+00    5.1254916913e-01    4.8745083087e-01
    6.440000e+00    5.1248132034e-01    4.8751867966e-01
    6.460000e+00    5.1240939871e-01    4.8759060129e-01
    6.480000e+00    5.1233352214e-01    4.8766647786e-01
    6.500000e+00    5.1225380772e-01    4.8774619228e-01
    6.520000e+00    5.1217037181e-01    4.8782962819e-01
    6.540000e+00    5.1208332992e-01    4.8791667008e-01
    6.560000e+00    5.1199279673e-01    4.8800720327e-01
    6.580000e+00    5.1189888602e-01    4.8810111398e-01
    6.600000e+00    5.1180171067e-01    4.8819828933e-01
    6.620000e+00    5.1170138261e-01    4.8829861739e-01
    6.640000e+00    5.1159801279e-01    4.8840198721e-01
    6.660000e+00    5.1149171115e-01    4.8850828885e-01
    6.680000e+00    5.1138258663e-01    4.8861741337e-01
    6.700000e+00    5.1127074708e-01    4.8872925292e-01
    6.720000e+00    5.1115629928e-01    4.8884370072e-01
    6.740000e+00    5.1103934890e-01    4.8896065110e-01
    6.760000e+00    5.1092000050e-01    4.8907999950e-01
    6.780000e+00    5.1079835746e-01    4.8920164254e-01
    6.800000e+00    5.1067452199e-01    4.8932547801e-01
    6.820000e+00    5.1054859513e-01    4.8945140487e-01
    6.840000e+00    5.1042067668e-01    4.8957932332e-01
    6.860000e+00    5.1029086522e-01    4.8970913478e-01
    6.880000e+00    5.1015925809e-01    4.8984074191e-01
    6.900000e+00    5.1002595133e-01    4.8997404867e-01
    6.920000e+00    5.0989103974e-01    4.9010896026e-01
    6.940000e+00    5.0975461680e-01    4.9024538320e-01
    6.960000e+00    5.0961677469e-01    4.9038322531e-01
    6.980000e+00    5.0947760426e-01    4.9052239574e-01
    7.000000e+00    5.0933719502e-01    4.9066280498e-01
    7.020000e+00    5.0919563515e-01    4.9080436485e-01
    7.040000e+00    5.0905301145e-01    4.9094698855e-01
    7.060000e+00    5.0890940938e-01    4.9109059062e-01
    7.080000e+00    5.0876491300e-01    4.9123508700e-01
    7.100000e+00    5.0861960501e-01    4.9138039499e-01
    7.120000e+00    5.0847356669e-01    4.9152643331e-01
    7.140000e+00    5.0832687795e-01    4.9167312205e-01
    7.160000e+00    5.0817961728e-01    4.9182038272e-01
    7.180000e+00    5.0803186177e-01    4.9196813823e-01
    7.200000e+00    5.0788368710e-01    4.9211631290e-01
    7.220000e+00    5.0773516752e-01    4.9226483248e-01
    7.240000e+00    5.0758637588e-01    4.9241362412e-01
    7.260000e+00    5.0743738360e-01    4.9256261640e-01
    7.280000e+00    5.0728826066e-01    4.9271173934e-01
    7.300000e+00    5.0713907566e-01    4.9286092434e-01
    7.320000e+00    5.0698989573e-01    4.9301010427e-01
    7.340000e+00    5.0684078661e-01    4.9315921339e-01
    7.360000e+00    5.0669181260e-01    4.9330818740e-01
    7.380000e+00    5.0654303660e-01    4.9345696340e-01
    7.400000e+00    5.0639452006e-01    4.9360547994e-01
    7.420000e+00    5.0624632304e-01    4.9375367696e-01
    7.440000e+00    5.0609850419e-01    4.9390149581e-01
    7.460000e+00    5.0595112074e-01    4.9404887926e-01
    7.480000e+00    5.0580422852e-01    4.9419577148e-01
    7.500000e+00    5.0565788197e-01    4.9434211803e-01
    7.520000e+00    5.0551213411e-01    4.9448786589e-01
    7.540000e+00    5.0536703662e-01    4.9463296338e-01
    7.560000e+00    5.0522263977e-01    4.9477736023e-01
    7.580000e+00    5.0507899245e-01    4.9492100755e-01
    7.600000e+00    5.0493614220e-01    4.9506385780e-01
    7.620000e+00    5.0479413521e-01    4.9520586479e-01
    7.640000e+00    5.0465301629e-01    4.9534698371e-01
    7.660000e+00    5.0451282895e-01    4.9548717105e-01
    7.680000e+00    5.0437361534e-01    4.9562638466e-01
    7.700000e+00    5.0423541630e-01    4.9576458370e-01
    7.720000e+00    5.0409827134e-01    4.9590172866e-01
    7.740000e+00    5.0396221870e-01    4.9603778130e-01
    7.760000e+00    5.0382729530e-01    4.9617270470e-01
    7.780000e+00    5.0369353681e-01    4.9630646319e-01
    7.800000e+00    5.0356097760e-01    4.9643902240e-01
    7.820000e+00    5.0342965079e-01    4.9657034921e-01
    7.840000e+00    5.0329958828e-01    4.9670041172e-01
    7.860000e+00    5.0317082072e-01    4.9682917928e-01
    7.880000e+00    5.0304337752e-01    4.9695662248e-01
    7.900000e+00    5.0291728693e-01    4.9708271307e-01
    7.920000e+00    5.0279257596e-01    4.9720742404e-01
    7.940000e+00    5.0266927046e-01    4.9733072954e-01
    7.960000e+00    5.0254739512e-01    4.9745260488e-01
    7.980000e+00    5.0242697345e-01    4.9757302655e-01
    8.000000e+00    5.0230802786e-01    4.9769197214e-01
    8.020000e+00    5.0219057961e-01    4.9780942039e-01
    8.040000e+00    5.0207464883e-01    4.9792535117e-01
    8.060000e+00    5.0196025460e-01    4.9803974540e-01
    8.080000e+00    5.0184741489e-01    4.9815258511e-01
    8.100000e+00    5.0173614661e-01    4.9826385339e-01
    8.120000e+00    5.0162646560e-01    4.9837353440e-01
    8.140000e+00    5.0151838671e-01    4.9848161329e-01
    8.160000e+00    5.0141192372e-01    4.9858807628e-01
    8.180000e+00    5.0130708943e-01    4.9869291057e-01
    8.200000e+00    5.0120389565e-01    4.9879610435e-01
    8.220000e+00    5.0110235321e-01    4.9889764679e-01
    8.240000e+00    5.0100247198e-01    4.9899752802e-01
    8.260000e+00    5.0090426091e-01    4.9909573909e-01
    8.280000e+00    5.0080772799e-01    4.9919227201e-01
    8.300000e+00    5.0071288031e-01    4.9928711969e-01
    8.320000e+00    5.0061972410e-01    4.9938027590e-01
    8.340000e+00    5.0052826466e-01    4.9947173534e-01
    8.360000e+00    5.0043850646e-01    4.9956149354e-01
    8.380000e+00    5.0035045312e-01    4.9964954688e-01
    8.400000e+00    5.0026410744e-01    4.9973589256e-01
    8.420000e+00    5.0017947138e-01    4.9982052862e-01
    8.440000e+00    5.0009654612e-01    4.9990345388e-01
    8.460000e+00    5.0001533208e-01    4.9998466792e-01
    8.480000e+00    4.9993582888e-01    5.0006417112e-01
    8.500000e+00    4.9985803541e-01    5.0014196459e-01
    8.520000e+00    4.9978194984e-01    5.0021805016e-01
    8.540000e+00    4.9970756961e-01    5.0029243039e-01
    8.560000e+00    4.9963489145e-01    5.0036510855e-01
    8.580000e+00    4.9956391145e-01    5.0043608855e-01
    8.600000e+00    4.9949462498e-01    5.0050537502e-01
    8.620000e+00    4.9942702681e-01    5.0057297319e-01
    8.640000e+00    4.9936111104e-01    5.0063888896e-01
    8.660000e+00    4.9929687117e-01    5.0070312883e-01
    8.680000e+00    4.9923430010e-01    5.0076569990e-01
    8.700000e+00    4.9917339012e-01    5.0082660988e-01
    8.720000e+00    4.9911413298e-01    5.0088586702e-01
    8.740000e+00    4.9905651986e-01    5.0094348014e-01
    8.760000e+00    4.9900054141e-01    5.0099945859e-01
    8.780000e+00    4.9894618774e-01    5.0105381226e-01
    8.800000e+00    4.9889344847e-01    5.0110655153e-01
    8.820000e+00    4.9884231271e-01    5.0115768729e-01
    8.840000e+00    4.9879276912e-01    5.0120723088e-01
    8.860000e+00    4.9874480586e-01    5.0125519414e-01
    8.880000e+00    4.9869841068e-01    5.0130158932e-01
    8.900000e+00    4.9865357087e-01    5.0134642913e-01
    8.920000e+00    4.9861027331e-01    5.0138972669e-01
    8.940000e+00    4.9856850449e-01    5.0143149551e-01
    8.960000e+00    4.9852825050e-01    5.0147174950e-01
    8.980000e+00    4.9848949705e-01    5.0151050295e-01
    9.000000e+00    4.9845222951e-01    5.0154777049e-01
    9.020000e+00    4.9841643288e-01    5.0158356712e-01
    9.040000e+00    4.9838209184e-01    5.0161790816e-01
    9.060000e+00    4.9834919075e-01    5.0165080925e-01
    9.080000e+00    4.9831771367e-01    5.0168228633e-01
    9.100000e+00    4.9828764437e-01    5.0171235563e-01
    9.120000e+00    4.9825896634e-01    5.0174103366e-01
    9.140000e+00    4.9823166279e-01    5.0176833721e-01
    9.160000e+00    4.9820571670e-01    5.0179428330e-01
    9.180000e+00    4.9818111080e-01    5.0181888920e-01
    9.200000e+00    4.9815782760e-01    5.0184217240e-01
    9.220000e+00    4.9813584939e-01    5.0186415061e-01
    9.240000e+00    4.9811515827e-01    5.0188484173e-01
    9.260000e+00    4.9809573613e-01    5.0190426387e-01
    9.280000e+00    4.9807756471e-01    5.0192243529e-01
    9.300000e+00    4.9806062556e-01    5.0193937444e-01
    9.320000e+00    4.9804490010e-01    5.0195509990e-01
    9.340000e+00    4.9803036958e-01    5.0196963042e-01
    9.360000e+00    4.9801701515e-01    5.0198298485e-01
    9.380000e+00    4.9800481781e-01    5.0199518219e-01
    9.400000e+00    4.9799375848e-01    5.0200624152e-01
    9.420000e+00    4.9798381795e-01    5.0201618205e-01
    9.440000e+00    4.9797497696e-01    5.0202502304e-01
    9.460000e+00    4.9796721613e-01    5.0203278387e-01
    9.480000e+00    4.9796051605e-01    5.0203948395e-01
    9.500000e+00    4.9795485724e-01    5.0204514276e-01
    9.520000e+00    4.9795022017e-01    5.0204977983e-01
    9.540000e+00    4.9794658527e-01    5.0205341473e-01
    9.560000e+00    4.9794393294e-01    5.0205606706e-01
    9.580000e+00    4.9794224358e-01    5.0205775642e-01
    9.600000e+00    4.9794149756e-01    5.0205850244e-01
    9.620000e+00    4.9794167525e-01    5.0205832475e-01
    9.640000e+00    4.9794275704e-01    5.0205724296e-01
    9.660000e+00    4.9794472332e-01    5.0205527668e-01
    9.680000e+00    4.9794755453e-01    5.0205244547e-01
    9.700000e+00    4.9795123111e-01    5.0204876889e-01
    9.720000e+00    4.9795573356e-01    5.0204426644e-01
    9.740000e+00    4.9796104244e-01    5.0203895756e-01
    9.760000e+00    4.9796713833e-01    5.0203286167e-01
    9.780000e+00    4.9797400190e-01    5.0202599810e-01
    9.800000e+00    4.9798161389e-01    5.0201838611e-01
    9.820000e+00    4.9798995511e-01    5.0201004489e-01
    9.840000e+00    4.9799900645e-01    5.0200099355e-01
    9.860000e+00    4.9800874890e-01    5.0199125110e-01
    9.880000e+00    4.9801916354e-01    5.0198083646e-01
    9.900000e+00    4.9803023156e-01    5.0196976844e-01
    9.920000e+00    4.9804193427e-01    5.0195806573e-01
    9.940000e+00    4.9805425306e-01    5.0194574694e-01
    9.960000e+00    4.9806716948e-01    5.0193283052e-01
    9.980000e+00    4.9808066519e-01    5.0191933481e-01
    1.000000e+01    4.9809472198e-01    5.0190527802e-01
    1.002000e+01    4.9810932178e-01    5.0189067822e-01
    1.004000e+01    4.9812444666e-01    5.0187555334e-01
    1.006000e+01    4.9814007885e-01    5.0185992115e-01
    1.008000e+01    4.9815620072e-01    5.0184379928e-01
    1.010000e+01    4.9817279480e-01    5.0182720520e-01
    1.012000e+01    4.9818984379e-01    5.0181015621e-01
    1.014000e+01    4.9820733054e-01    5.0179266946e-01
    1.016000e+01    4.9822523807e-01    5.0177476193e-01
    1.018000e+01    4.9824354959e-01    5.0175645041e-01
    1.020000e+01    4.9826224847e-01    5.0173775153e-01
    1.022000e+01    4.9828131828e-01    5.0171868172e-01
    1.024000e+01    4.9830074275e-01    5.0169925725e-01
    1.026000e+01    4.9832050582e-01    5.0167949418e-01
    1.028000e+01    4.9834059160e-01    5.0165940840e-01
    1.030000e+01    4.9836098441e-01    5.0163901559e-01
    1.032000e+01    4.9838166876e-01    5.0161833124e-01
    1.034000e+01    4.9840262936e-01    5.0159737064e-01
    1.036000e+01    4.9842385112e-01    5.0157614888e-01
    1.038000e+01    4.9844531915e-01    5.0155468085e-01
    1.040000e+01    4.9846701878e-01    5.0153298122e-01
    1.042000e+01    4.9848893553e-01    5.0151106447e-01
    1.044000e+01    4.9851105514e-01    5.0148894486e-01
    1.046000e+01    4.9853336358e-01    5.0146663642e-01
    1.048000e+01    4.9855584700e-01    5.0144415300e-01
    1.050000e+01    4.9857849178e-01    5.0142150822e-01
    1.052000e+01    4.9860128452e-01    5.0139871548e-01
    1.054000e+01    4.9862421204e-01    5.0137578796e-01
    1.056000e+01    4.9864726137e-01    5.0135273863e-01
    1.058000e+01    4.9867041978e-01    5.0132958022e-01
    1.060000e+01    4.9869367474e-01    5.0130632526e-01
    1.062000e+01    4.9871701394e-01    5.0128298606e-01
    1.064000e+01    4.9874042532e-01    5.0125957468e-01
    1.066000e+01    4.9876389701e-01    5.0123610299e-01
    1.068000e+01    4.9878741740e-01    5.0121258260e-01
    1.070000e+01    4.9881097507e-01    5.0118902493e-01
    1.072000e+01    4.9883455884e-01    5.0116544116e-01
    1.074000e+01    4.9885815777e-01    5.0114184223e-01
    1.076000e+01    4.9888176111e-01    5.0111823889e-01
    1.078000e+01    4.9890535838e-01    5.0109464162e-01
    1.080000e+01    4.9892893928e-01    5.0107106072e-01
    1.082000e+01    4.9895249376e-01    5.0104750624e-01
    1.084000e+01    4.9897601199e-01    5.0102398801e-01
    1.086000e+01    4.9899948437e-01    5.0100051563e-01
    1.088000e+01    4.9902290151e-01    5.0097709849e-01
    1.090000e+01    4.9904625424e-01    5.0095374576e-01
    1.092000e+01    4.9906953364e-01    5.0093046636e-01
    1.094000e+01    4.9909273099e-01    5.0090726901e-01
    1.096000e+01    4.9911583778e-01    5.0088416222e-01
    1.098000e+01    4.9913884575e-01    5.0086115425e-01
    1.100000e+01    4.9916174683e-01    5.0083825317e-01
    1.102000e+01    4.9918453318e-01    5.0081546682e-01
    1.104000e+01    4.9920719718e-01    5.0079280282e-01
    1.106000e+01    4.9922973143e-01    5.0077026857e-01
    1.108000e+01    4.9925212872e-01    5.0074787128e-01
    1.110000e+01    4.9927438208e-01    5.0072561792e-01
    1.112000e+01    4.9929648473e-01    5.0070351527e-01
    1.114000e+01    4.9931843012e-01    5.0068156988e-01
    1.116000e+01    4.9934021188e-01    5.0065978812e-01
    1.118000e+01    4.9936182388e-01    5.0063817612e-01
    1.120000e+01    4.9938326017e-01    5.0061673983e-01
    1.122000e+01    4.9940451501e-01    5.0059548499e-01
    1.124000e+01    4.9942558287e-01    5.0057441713e-01
    1.126000e+01    4.9944645841e-01    5.0055354159e-01
    1.128000e+01    4.9946713649e-01    5.0053286351e-01
    1.130000e+01    4.9948761217e-01    5.0051238783e-01
    1.132000e+01    4.9950788069e-01    5.0049211931e-01
    1.134000e+01    4.9952793751e-01    5.0047206249e-01
    1.136000e+01    4.9954777824e-01    5.0045222176e-01
    1.138000e+01    4.9956739871e-01    5.0043260129e-01
    1.140000e+01    4.9958679493e-01    5.0041320507e-01
    1.142000e+01    4.9960596308e-01    5.0039403692e-01
    1.144000e+01    4.9962489953e-01    5.0037510047e-01
    1.146000e+01    4.9964360084e-01    5.0035639916e-01
    1.148000e+01    4.9966206373e-01    5.0033793627e-01
    1.150000e+01    4.9968028509e-01    5.0031971491e-01
    1.152000e+01    4.9969826200e-01    5.0030173800e-01
    1.154000e+01    4.9971599170e-01    5.0028400830e-01
    1.156000e+01    4.9973347161e-01    5.0026652839e-01
    1.158000e+01    4.9975069929e-01    5.0024930071e-01
    1.160000e+01    4.9976767248e-01    5.0023232752e-01
    1.162000e+01    4.9978438908e-01    5.0021561092e-01
    1.164000e+01    4.9980084715e-01    5.0019915285e-01
    1.166000e+01    4.9981704488e-01    5.0018295512e-01
    1.168000e+01    4.9983298066e-01    5.0016701934e-01
    1.170000e+01    4.9984865298e-01    5.0015134702e-01
    1.172000e+01    4.9986406051e-01    5.0013593949e-01
    1.174000e+01    4.9987920206e-01    5.0012079794e-01
    1.176000e+01    4.9989407656e-01    5.0010592344e-01
    1.178000e+01    4.9990868312e-01    5.0009131688e-01
    1.180000e+01    4.9992302096e-01    5.0007697904e-01
    1.182000e+01    4.9993708943e-01    5.0006291057e-01
    1.184000e+01    4.9995088803e-01    5.0004911197e-01
    1.186000e+01    4.9996441638e-01    5.0003558362e-01
    1.188000e+01    4.9997767424e-01    5.0002232576e-01
    1.190000e+01    4.9999066147e-01    5.0000933853e-01
    1.192000e+01    5.0000337807e-01    4.9999662193e-01
    1.194000e+01    5.0001582417e-01    4.9998417583e-01
    1.196000e+01    5.0002799998e-01    4.9997200002e-01
    1.198000e+01    5.0003990587e-01    4.9996009413e-01
    1.200000e+01    5.0005154228e-01    4.9994845772e-01
    1.202000e+01    5.0006290979e-01    4.9993709021e-01
    1.204000e+01    5.0007400906e-01    4.9992599094e-01
    1.206000e+01    5.0008484089e-01    4.9991515911e-01
    1.208000e+01    5.0009540615e-01    4.9990459385e-01
    1.210000e+01    5.0010570581e-01    4.9989429419e-01
    1.212000e+01    5.0011574096e-01    4.9988425904e-01
    1.214000e+01    5.0012551276e-01    4.9987448724e-01
    1.216000e+01    5.0013502247e-01    4.9986497753e-01
    1.218000e+01    5.0014427145e-01    4.9985572855e-01
    1.220000e+01    5.0015326112e-01    4.9984673888e-01
    1.222000e+01    5.0016199302e-01    4.9983800698e-01
    1.224000e+01    5.0017046874e-01    4.9982953126e-01
    1.226000e+01    5.0017868996e-01    4.9982131004e-01
    1.228000e+01    5.0018665844e-01    4.9981334156e-01
    1.230000e+01    5.0019437602e-01    4.9980562398e-01
    1.232000e+01    5.0020184459e-01    4.9979815541e-01
    1.234000e+01    5.0020906613e-01    4.9979093387e-01
    1.236000e+01    5.0021604268e-01    4.9978395732e-01
    1.238000e+01    5.0022277634e-01    4.9977722366e-01
    1.240000e+01    5.0022926929e-01    4.9977073071e-01
    1.242000e+01    5.0023552375e-01    4.9976447625e-01
    1.244000e+01    5.0024154201e-01    4.9975845799e-01
    1.246000e+01    5.0024732642e-01    4.9975267358e-01
    1.248000e+01    5.0025287935e-01    4.9974712065e-01
    1.250000e+01    5.0025820327e-01    4.9974179673e-01
    1.252000e+01    5.0026330068e-01    4.9973669932e-01
    1.254000e+01    5.0026817410e-01    4.9973182590e-01
    1.256000e+01    5.0027282614e-01    4.9972717386e-01
    1.258000e+01    5.0027725942e-01    4.9972274058e-01
    1.260000e+01    5.0028147662e-01    4.9971852338e-01
    1.262000e+01    5.0028548045e-01    4.9971451955e-01
    1.264000e+01    5.0028927365e-01    4.9971072635e-01
    1.266000e+01    5.0029285901e-01    4.9970714099e-01
    1.268000e+01    5.0029623935e-01    4.9970376065e-01
    1.270000e+01    5.0029941750e-01    4.9970058250e-01
    1.272000e+01    5.0030239635e-01    4.9969760365e-01
    1.274000e+01    5.0030517880e-01    4.9969482120e-01
    1.276000e+01    5.0030776777e-01    4.9969223223e-01
    1.278000e+01    5.0031016622e-01    4.9968983378e-01
    1.280000e+01    5.0031237712e-01    4.9968762288e-01
    1.282000e+01    5.0031440346e-01    4.9968559654e-01
    1.284000e+01    5.0031624825e-01    4.9968375175e-01
    1.286000e+01    5.0031791452e-01    4.9968208548e-01
    1.288000e+01    5.0031940532e-01    4.9968059468e-01
    1.290000e+01    5.0032072368e-01    4.9967927632e-01
    1.292000e+01    5.0032187269e-01    4.9967812731e-01
    1.294000e+01    5.0032285542e-01    4.9967714458e-01
    1.296000e+01    5.0032367495e-01    4.9967632505e-01
    1.298000e+01    5.0032433437e-01    4.9967566563e-01
    1.300000e+01    5.0032483678e-01    4.9967516322e-01
    1.302000e+01    5.0032518528e-01    4.9967481472e-01
    1.304000e+01    5.0032538297e-01    4.9967461703e-01
    1.306000e+01    5.0032543296e-01    4.9967456704e-01
    1.308000e+01    5.0032533834e-01    4.9967466166e-01
    1.310000e+01    5.0032510222e-01    4.9967489778e-01
    1.312000e+01    5.0032472770e-01    4.9967527230e-01
    1.314000e+01    5.0032421786e-01    4.9967578214e-01
    1.316000e+01    5.0032357581e-01    4.9967642419e-01
    1.318000e+01    5.0032280461e-01    4.9967719539e-01
    1.320000e+01    5.0032190734e-01    4.9967809266e-01
    1.322000e+01    5.0032088706e-01    4.9967911294e-01
    1.324000e+01    5.0031974682e-01    4.9968025318e-01
    1.326000e+01    5.0031848967e-01    4.9968151033e-01
    1.328000e+01    5.0031711864e-01    4.9968288136e-01
    1.330000e+01    5.0031563673e-01    4.9968436327e-01
    1.332000e+01    5.0031404694e-01    4.9968595306e-01
    1.334000e+01    5.0031235227e-01    4.9968764773e-01
    1.336000e+01    5.0031055567e-01    4.9968944433e-01
    1.338000e+01    5.0030866010e-01    4.9969133990e-01
    1.340000e+01    5.0030666848e-01    4.9969333152e-01
    1.342000e+01    5.0030458373e-01    4.9969541627e-01
    1.344000e+01    5.0030240873e-01    4.9969759127e-01
    1.346000e+01    5.0030014635e-01    4.9969985365e-01
    1.348000e+01    5.0029779945e-01    4.9970220055e-01
    1.350000e+01    5.0029537084e-01    4.9970462916e-01
    1.352000e+01    5.0029286332e-01    4.9970713668e-01
    1.354000e+01    5.0029027967e-01    4.9970972033e-01
    1.356000e+01    5.0028762264e-01    4.9971237736e-01
    1.358000e+01    5.0028489495e-01    4.9971510505e-01
    1.360000e+01    5.0028209930e-01    4.9971790070e-01
    1.362000e+01    5.0027923837e-01    4.9972076163e-01
    1.364000e+01    5.0027631479e-01    4.9972368521e-01
    1.366000e+01    5.0027333118e-01    4.9972666882e-01
    1.368000e+01    5.0027029012e-01    4.9972970988e-01
    1.370000e+01    5.0026719418e-01    4.9973280582e-01
    1.372000e+01    5.0026404588e-01    4.9973595412e-01
    1.374000e+01    5.0026084771e-01    4.9973915229e-01
    1.376000e+01    5.0025760215e-01    4.9974239785e-01
    1.378000e+01    5.0025431162e-01    4.9974568838e-01
    1.380000e+01    5.0025097853e-01    4.9974902147e-01
    1.382000e+01    5.0024760525e-01    4.9975239475e-01
    1.384000e+01    5.0024419411e-01    4.9975580589e-01
    1.386000e+01    5.0024074743e-01    4.9975925257e-01
    1.388000e+01    5.0023726747e-01    4.9976273253e-01
    1.390000e+01    5.0023375648e-01    4.9976624352e-01
    1.392000e+01    5.0023021665e-01    4.9976978335e-01
    1.394000e+01    5.0022665017e-01    4.9977334983e-01
    1.396000e+01    5.0022305916e-01    4.9977694084e-01
    1.398000e+01    5.0021944574e-01    4.9978055426e-01
    1.400000e+01    5.0021581196e-01    4.9978418804e-01
    1.402000e+01    5.0021215986e-01    4.9978784014e-01
    1.404000e+01    5.0020849145e-01    4.9979150855e-01
    1.406000e+01    5.0020480867e-01    4.9979519133e-01
    1.408000e+01    5.0020111347e-01    4.9979888653e-01
    1.410000e+01    5.0019740774e-01    4.9980259226e-01
    1.412000e+01    5.0019369332e-01    4.9980630668e-01
    1.414000e+01    5.0018997206e-01    4.9981002794e-01
    1.416000e+01    5.0018624572e-01    4.9981375428e-01
    1.418000e+01    5.0018251606e-01    4.9981748394e-01
    1.420000e+01    5.0017878480e-01    4.9982121520e-01
    1.422000e+01    5.0017505361e-01    4.9982494639e-01
    1.424000e+01    5.0017132415e-01    4.9982867585e-01
    1.426000e+01    5.0016759802e-01    4.9983240198e-01
    1.428000e+01    5.0016387679e-01    4.9983612321e-01
    1.430000e+01    5.0016016199e-01    4.9983983801e-01
    1.432000e+01    5.0015645515e-01    4.9984354485e-01
    1.434000e+01    5.0015275771e-01    4.9984724229e-01
    1.436000e+01    5.0014907111e-01    4.9985092889e-01
    1.438000e+01    5.0014539675e-01    4.9985460325e-01
    1.440000e+01    5.0014173599e-01    4.9985826401e-01
    1.442000e+01    5.0013809016e-01    4.9986190984e-01
    1.444000e+01    5.0013446054e-01    4.9986553946e-01
    1.446000e+01    5.0013084841e-01    4.9986915159e-01
    1.448000e+01    5.0012725497e-01    4.9987274503e-01
    1.450000e+01    5.0012368143e-01    4.9987631857e-01
    1.452000e+01    5.0012012893e-01    4.9987987107e-01
    1.454000e+01    5.0011659860e-01    4.9988340140e-01
    1.456000e+01    5.0011309152e-01    4.9988690848e-01
    1.458000e+01    5.0010960876e-01    4.9989039124e-01
    1.460000e+01    5.0010615133e-01    4.9989384867e-01
    1.462000e+01    5.0010272021e-01    4.9989727979e-01
    1.464000e+01    5.0009931638e-01    4.9990068362e-01
    1.466000e+01    5.0009594075e-01    4.9990405925e-01
    1.468000e+01    5.0009259422e-01    4.9990740578e-01
    1.470000e+01    5.0008927764e-01    4.9991072236e-01
    1.472000e+01    5.0008599184e-01    4.9991400816e-01
    1.474000e+01    5.0008273763e-01    4.9991726237e-01
    1.476000e+01    5.0007951577e-01    4.9992048423e-01
    1.478000e+01    5.0007632699e-01    4.9992367301e-01
    1.480000e+01    5.0007317201e-01    4.9992682799e-01
    1.482000e+01    5.0007005150e-01    4.9992994850e-01
    1.484000e+01    5.0006696611e-01    4.9993303389e-01
    1.486000e+01    5.0006391645e-01    4.9993608355e-01
    1.488000e+01    5.0006090311e-01    4.9993909689e-01
    1.490000e+01    5.0005792667e-01    4.9994207333e-01
    1.492000e+01    5.0005498763e-01    4.9994501237e-01
    1.494000e+01    5.0005208653e-01    4.9994791347e-01
    1.496000e+01    5.0004922382e-01    4.9995077618e-01
    1.498000e+01    5.0004639996e-01    4.9995360004e-01
